0.03125	0.0569079057878147	0.16876438593189141	0.12863312483889566	0.06572433695509575	0.05009659485977367	0.6664683551890173	0.07338654574950529	0.00952961379504092	0.08745311276271178	0.07662636806889486	0.034002401545687025	0.02979334338056012	0.6663899443592642	0.01673554819470252	0.03630026466916049	
0.0625	0.060134641139118775	0.14357957479581027	0.11061318562974498	0.056361877369605906	0.04342348357774432	0.6661275816754567	0.07244149144727395	0.02539783661136654	0.10016659928511087	0.08106549794458667	0.039236347459841815	0.031755749261211434	0.6662741023025271	0.0270322271856894	0.049192489683679785	
0.125	0.07210332524115803	0.11940041443587272	0.09413113158352514	0.048317283731227005	0.03809496868913946	0.6649404127869323	0.07690112514010726	0.05483773246056339	0.10438527658548898	0.08225760418915	0.042051502368829895	0.0331398618103904	0.665881590382998	0.04714802194004667	0.06710648692543733	
0.25	0.13666630622364667	0.19064499064993662	0.1590034422326221	0.08280193112045234	0.06907083446934786	0.6759574427279716	0.15507589862219975	0.13292300889610772	0.1864267112587311	0.15475891824756832	0.07993466954696173	0.06636575191306737	0.6757167488918586	0.1487582544069868	0.1526282348690458	
0.5	0.7346190891656282	0.6426540064994837	0.6317906909085282	0.38821502715978157	0.38214462953440653	0.8730069375140912	0.7344318461218546	0.7343865503605798	0.6422265073576237	0.6313140433410747	0.37286640397564047	0.3668593289059159	0.8729083155588461	0.7343019687265391	0.7342124666740457	
1.0	0.9935078441290927	0.983482663388299	0.983482662565866	0.983482663388299	0.983482662565866	0.9967345594248324	0.9934736750597368	0.9935078441290927	0.983482663388299	0.983482662565866	0.983482663388299	0.983482662565866	0.9967345594248324	0.9934736750597368	0.9934736750597368	
2.0	0.999347900270864	0.9982499319223127	0.99824993171863	0.9982499319223127	0.99824993171863	0.9996729872202978	0.9993464065198225	0.999347900270864	0.9982499319223127	0.99824993171863	0.9982499319223127	0.99824993171863	0.9996729872202978	0.9993464065198225	0.9993464065198225	
4.0	1.0	1.0000000000000002	1.0000000000000002	1.0000000000000002	1.0000000000000002	1.0	0.9999999999999527	1.0	1.0000000000000002	1.0000000000000002	1.0000000000000002	1.0000000000000002	1.0	0.9999999999999527	0.9999999999999527	
8.0	1.0	1.0000000000000002	1.0000000000000002	1.0000000000000002	1.0000000000000002	1.0	0.9999999999999527	1.0	1.0000000000000002	1.0000000000000002	1.0000000000000002	1.0000000000000002	1.0	0.9999999999999527	0.9999999999999527	
16.0	1.0	1.0000000000000002	1.0000000000000002	1.0000000000000002	1.0000000000000002	1.0	0.9999999999999527	1.0	1.0000000000000002	1.0000000000000002	1.0000000000000002	1.0000000000000002	1.0	0.9999999999999527	0.9999999999999527	
