0.03125	0.07538295771547797	0.19998600487312068	0.15526407930875505	0.07827859445567117	0.06077452748945429	0.6692129711899841	0.09958462828000025	0.012675454672018777	0.102588889881677	0.0906825485559883	0.04007806232504814	0.035427129755368963	0.6668299369143769	0.025417014487223555	0.04909291009448554	
0.0625	0.07579051811615971	0.18754684089856472	0.14618078358660072	0.07397175106735714	0.057659061569932515	0.6705468237883964	0.10685677278875724	0.03200305577914207	0.13025365676568343	0.10626565035438654	0.051249491248063474	0.04181288530724257	0.6680598182483442	0.04214405940265886	0.07245887825325804	
0.125	0.1168462942672314	0.2124935705605683	0.1727873841128435	0.08803635093343336	0.07159629995476977	0.6760464447220466	0.15170930316811435	0.08888595801111146	0.18389983859269407	0.1488240346871067	0.07566580578856982	0.061241114922599	0.6741326148243033	0.10450669535255896	0.13187208814757415	
0.25	0.29665773437336806	0.3363059270343322	0.2983616644415803	0.15633274170349848	0.1386833643295043	0.7189463694663072	0.3347092312069195	0.2886229578022582	0.3273977331320646	0.2887492437313827	0.14847799190462374	0.1309419615096762	0.717302423343319	0.3266439412420248	0.3289088242560535	
0.5	0.9719474159274674	0.9349017892018521	0.9346144699858272	0.632363589011292	0.6321988508051339	0.9859015534635326	0.9717415810996771	0.9716415233328751	0.9341012790636537	0.9338033882701504	0.6108600500323529	0.6106901916008398	0.9857495467104507	0.9715809854086901	0.971435510999496	
1.0	0.9980468067986905	0.9950770649028158	0.9950770639244014	0.9950770649028158	0.9950770639244014	0.9990195357452194	0.9980402913716159	0.9980468067986905	0.9950770649028158	0.9950770639244014	0.9950770649028158	0.9950770639244014	0.9990195357452194	0.9980402913716159	0.9980402913716159	
2.0	1.0	1.0000000000000002	1.0000000000000002	1.0000000000000002	1.0000000000000002	1.0	0.9999999999999527	1.0	1.0000000000000002	1.0000000000000002	1.0000000000000002	1.0000000000000002	1.0	0.9999999999999527	0.9999999999999527	
4.0	1.0	1.0000000000000002	1.0000000000000002	1.0000000000000002	1.0000000000000002	1.0	0.9999999999999527	1.0	1.0000000000000002	1.0000000000000002	1.0000000000000002	1.0000000000000002	1.0	0.9999999999999527	0.9999999999999527	
8.0	1.0	1.0000000000000002	1.0000000000000002	1.0000000000000002	1.0000000000000002	1.0	0.9999999999999527	1.0	1.0000000000000002	1.0000000000000002	1.0000000000000002	1.0000000000000002	1.0	0.9999999999999527	0.9999999999999527	
16.0	1.0	1.0000000000000002	1.0000000000000002	1.0000000000000002	1.0000000000000002	1.0	0.9999999999999527	1.0	1.0000000000000002	1.0000000000000002	1.0000000000000002	1.0000000000000002	1.0	0.9999999999999527	0.9999999999999527	
