0.03125	0.07110571912650518	0.18369474104557632	0.1424549553586562	0.0718955901107593	0.05576026972171664	0.6671544924361359	0.08499622438140551	0.011963337008768607	0.09426750567969985	0.08328576958054584	0.036821681723693545	0.03253369233707191	0.6664985561432999	0.021671177237948556	0.0418634891436067	
0.0625	0.07048381979088136	0.1498357155020215	0.1167595924017228	0.059045122011598415	0.04601326611194133	0.6666382054332093	0.08202536035508354	0.02987452245970454	0.1041575313117934	0.08495045618924219	0.0409484520933441	0.03339866723524405	0.6664821251206483	0.032535870692818124	0.05562237194964874	
0.125	0.10068841373399381	0.20715625400271231	0.1658585158594199	0.0846691866902179	0.06778996975294685	0.6747899441318579	0.1422934119648864	0.0767977925700029	0.1800707851994046	0.1438332293256342	0.07321346578915298	0.0584798278369391	0.6732897607435941	0.0940506287204712	0.12413231747222424	
0.25	0.2294474722312046	0.29613261019977843	0.2545798690171277	0.13096887055555806	0.11261439206034599	0.704559881598104	0.28086661994643475	0.22320727183257477	0.28901265300368517	0.24715917309199606	0.12584030274827293	0.10763508997473392	0.7034251356240391	0.2725335386089391	0.2762404945107455	
0.5	0.9342302782530462	0.8793310069508562	0.8792738045056561	0.6100514870637188	0.6100138298405273	0.9659977134930754	0.9319265679745807	0.9339529756969597	0.8786353805882461	0.8785710396223687	0.590980698515475	0.5909392828834679	0.9658617550387893	0.931776676607886	0.9316412214555703	
1.0	1.0	1.0000000000000002	1.0000000000000002	1.0000000000000002	1.0000000000000002	1.0	0.9999999999999527	1.0	1.0000000000000002	1.0000000000000002	1.0000000000000002	1.0000000000000002	1.0	0.9999999999999527	0.9999999999999527	
2.0	1.0	1.0000000000000002	1.0000000000000002	1.0000000000000002	1.0000000000000002	1.0	0.9999999999999527	1.0	1.0000000000000002	1.0000000000000002	1.0000000000000002	1.0000000000000002	1.0	0.9999999999999527	0.9999999999999527	
4.0	1.0	1.0000000000000002	1.0000000000000002	1.0000000000000002	1.0000000000000002	1.0	0.9999999999999527	1.0	1.0000000000000002	1.0000000000000002	1.0000000000000002	1.0000000000000002	1.0	0.9999999999999527	0.9999999999999527	
8.0	1.0	1.0000000000000002	1.0000000000000002	1.0000000000000002	1.0000000000000002	1.0	0.9999999999999527	1.0	1.0000000000000002	1.0000000000000002	1.0000000000000002	1.0000000000000002	1.0	0.9999999999999527	0.9999999999999527	
16.0	1.0	1.0000000000000002	1.0000000000000002	1.0000000000000002	1.0000000000000002	1.0	0.9999999999999527	1.0	1.0000000000000002	1.0000000000000002	1.0000000000000002	1.0000000000000002	1.0	0.9999999999999527	0.9999999999999527	
