0.03125	0.07364873369514165	0.17071335396973175	0.13321813267674928	0.06695831967401102	0.05225761393863591	0.6654643526228552	0.07825596654431236	0.012431063388029082	0.0873846875054316	0.07742028172289228	0.034200920989021534	0.03030275632174028	0.6662367078208452	0.020440261265811426	0.03850853529790281	
0.0625	0.07607064636962421	0.15846117753210698	0.12425535529143424	0.06269341220687585	0.04916283103650902	0.6677483478698191	0.0916576295483813	0.032279136094889326	0.10976285017144402	0.08993234479808965	0.04331188500516075	0.03548830849934103	0.6669265203203022	0.03704138634221123	0.06210569231661071	
0.125	0.10029899779792059	0.17241708949547713	0.13911544034804263	0.07109667499525835	0.05736442028412072	0.6707915831757172	0.12158987970849791	0.07650022101328546	0.14965382273177552	0.12033347110004229	0.06132881173832174	0.0493129521355019	0.670256813652732	0.08124543809400339	0.10591933359041075	
0.25	0.1309946387287318	0.18634989061279716	0.15385247928954884	0.0792599790647325	0.06544817788192356	0.6766842671089868	0.1560630658160856	0.12737658576010702	0.18233307077930044	0.14986212857743111	0.07678697588508962	0.06312083441554842	0.6764230972731331	0.14941437447506342	0.15361137729554075	
0.5	0.24063841500364433	0.2824843372345533	0.2468766428550384	0.1278107135148532	0.1117539423585043	0.7041610574985759	0.2761807315015585	0.2405771300478412	0.2824729393660643	0.2468392037043719	0.1274408364850718	0.11142188857543893	0.704157702029521	0.27608253723132464	0.27614068248885515	
1.0	0.28735750524268955	0.31401050583903417	0.277683880127794	0.1423431478078579	0.1258970525897649	0.7186929897259137	0.3277034265767564	0.28735750524268955	0.31401050583903417	0.277683880127794	0.1423431478078579	0.1258970525897649	0.7186929897259137	0.3277034265767564	0.3277034265767564	
2.0	0.799373713971688	0.7564558670104498	0.7479673511756151	0.44581648847409217	0.4409203488029972	0.9057471286821132	0.8023101221016656	0.799373713971688	0.7564558670104498	0.7479673511756151	0.44581648847409217	0.4409203488029972	0.9057471286821132	0.8023101221016656	0.8023101221016656	
4.0	0.8161802731151921	0.8062563949226756	0.7974526980220262	0.5524534156734668	0.5467003051351492	0.9152253310472034	0.8261542475273853	0.8161802731151921	0.8062563949226756	0.7974526980220262	0.5524534156734668	0.5467003051351492	0.9152253310472034	0.8261542475273853	0.8261542475273853	
8.0	0.9707411260432689	0.936950128982998	0.9368421051663092	0.6847361632368523	0.6846795538509485	0.9851359982592527	0.9702643291121248	0.9707411260432689	0.936950128982998	0.9368421051663092	0.6847361632368523	0.6846795538509485	0.9851359982592527	0.9702643291121248	0.9702643291121248	
16.0	0.9005257383594498	0.9223954108937908	0.9159143096256889	0.7761447425691314	0.7725878386865939	0.9555364160615663	0.9097587798701013	0.9005257383594498	0.9223954108937908	0.9159143096256889	0.7761447425691314	0.7725878386865939	0.9555364160615663	0.9097587798701013	0.9097587798701013	
