0.03125	0.05767077173973669	0.1714365580389137	0.13064684800826992	0.0667700215131913	0.05088634986185574	0.667115592619623	0.0776334954071097	0.009643515175968495	0.08886095987977978	0.0778420487485553	0.03455086321292671	0.03026751229423246	0.6664980418763597	0.01775155875988157	0.038426126169146854	
0.0625	0.05822911850428684	0.1271405001091356	0.09798273501960711	0.04999424091514025	0.038532516899761574	0.665051044227508	0.06481358887120554	0.02462174889436243	0.08866764919710221	0.07178301070728789	0.034786635971641874	0.028164374616857495	0.665830140271105	0.024126882089783003	0.04399245848384695	
0.125	0.06845460663271738	0.13303701273388238	0.10414234625667489	0.053609739312865015	0.04196698649130938	0.6655196282783554	0.07885077189198351	0.05225601294580691	0.11651234600591183	0.09127725363538318	0.04676616770942124	0.036637560969525994	0.6663547321266892	0.047376325853446706	0.06902454620588697	
0.25	0.14437744301677302	0.18681571132748234	0.15575988889915346	0.08034106160942195	0.06699672618793691	0.6792726687606747	0.16891527633971537	0.14040307607735136	0.1827047386998403	0.15162134368482913	0.07768294972256443	0.06447628323566634	0.678929533661609	0.1623032676427493	0.1662305786820634	
0.5	0.6605784338540451	0.6128271359287351	0.5939513302123679	0.3418946501358354	0.33146771449373225	0.8467661977332064	0.676340100262057	0.6604301780018218	0.6126808872957821	0.5937545736861257	0.33945650318661796	0.32916506411142	0.8467253606255666	0.6762214386121818	0.6762293131099476	
1.0	0.9902950881462612	0.9770791156833226	0.977072960583587	0.9214138438213476	0.9214094319930016	0.9951094382787022	0.9902239809588054	0.9902950881462612	0.9770791156833226	0.977072960583587	0.9214138438213476	0.9214094319930016	0.9951094382787022	0.9902239809588054	0.9902239809588054	
2.0	0.999347900270864	0.9982499319223127	0.99824993171863	0.9982499319223127	0.99824993171863	0.9996729872202978	0.9993464065198225	0.999347900270864	0.9982499319223127	0.99824993171863	0.9982499319223127	0.99824993171863	0.9996729872202978	0.9993464065198225	0.9993464065198225	
4.0	1.0	1.0000000000000002	1.0000000000000002	1.0000000000000002	1.0000000000000002	1.0	0.9999999999999527	1.0	1.0000000000000002	1.0000000000000002	1.0000000000000002	1.0000000000000002	1.0	0.9999999999999527	0.9999999999999527	
8.0	1.0	1.0000000000000002	1.0000000000000002	1.0000000000000002	1.0000000000000002	1.0	0.9999999999999527	1.0	1.0000000000000002	1.0000000000000002	1.0000000000000002	1.0000000000000002	1.0	0.9999999999999527	0.9999999999999527	
16.0	1.0	1.0000000000000002	1.0000000000000002	1.0000000000000002	1.0000000000000002	1.0	0.9999999999999527	1.0	1.0000000000000002	1.0000000000000002	1.0000000000000002	1.0000000000000002	1.0	0.9999999999999527	0.9999999999999527	
