0.03125	0.07593916026955998	0.18218551652545756	0.14227042630018122	0.07147549046836132	0.05582040747586736	0.6672034977977529	0.08789004369986159	0.012793134594610022	0.0931036498898207	0.08253715259336372	0.036448731986358604	0.03231349189396264	0.6665040265936056	0.023124090736703844	0.04321049711859519	
0.0625	0.08074421650619075	0.1654418535275955	0.13033243807737252	0.06553585523097892	0.05163003073398292	0.668432021648496	0.09765332120130188	0.034243671230955404	0.11442183012924667	0.09404037207993673	0.04520278946670583	0.03715214850315997	0.6671926865603548	0.04024607184630767	0.06607660192472889	
0.125	0.10677142952297507	0.21793197737480846	0.17514215725315033	0.08936593873739732	0.07182341626673465	0.6768347426697465	0.15376777975996925	0.08121056418227893	0.18906215204393775	0.15149015056646514	0.07709071489672617	0.06177332182532676	0.674757506474899	0.10268565140515762	0.13389247545495292	
0.25	0.30858238039703423	0.3461641317875552	0.3089541829459732	0.16496255707597515	0.14741741118817564	0.7234986421780579	0.3485807043285757	0.300125200451798	0.33676288380734354	0.29874931524758097	0.1555978352185826	0.13816822706071735	0.7216693663225909	0.3402940886889829	0.34240752401125907	
0.5	0.9573528071899216	0.9121387008189025	0.9121031827986643	0.7573059365614223	0.7572804781894061	0.9781993346047164	0.9563717286243192	0.957068420617427	0.9114291957058104	0.9113818045534634	0.7377273206962439	0.7376966224784051	0.9780597320659459	0.9562191999125048	0.9560824486019331	
1.0	1.0	1.0000000000000002	1.0000000000000002	1.0000000000000002	1.0000000000000002	1.0	0.9999999999999527	1.0	1.0000000000000002	1.0000000000000002	1.0000000000000002	1.0000000000000002	1.0	0.9999999999999527	0.9999999999999527	
2.0	1.0	1.0000000000000002	1.0000000000000002	1.0000000000000002	1.0000000000000002	1.0	0.9999999999999527	1.0	1.0000000000000002	1.0000000000000002	1.0000000000000002	1.0000000000000002	1.0	0.9999999999999527	0.9999999999999527	
4.0	1.0	1.0000000000000002	1.0000000000000002	1.0000000000000002	1.0000000000000002	1.0	0.9999999999999527	1.0	1.0000000000000002	1.0000000000000002	1.0000000000000002	1.0000000000000002	1.0	0.9999999999999527	0.9999999999999527	
8.0	1.0	1.0000000000000002	1.0000000000000002	1.0000000000000002	1.0000000000000002	1.0	0.9999999999999527	1.0	1.0000000000000002	1.0000000000000002	1.0000000000000002	1.0000000000000002	1.0	0.9999999999999527	0.9999999999999527	
16.0	1.0	1.0000000000000002	1.0000000000000002	1.0000000000000002	1.0000000000000002	1.0	0.9999999999999527	1.0	1.0000000000000002	1.0000000000000002	1.0000000000000002	1.0000000000000002	1.0	0.9999999999999527	0.9999999999999527	
