0.03125	0.06642444475300265	0.18961671383498463	0.14600377904510214	0.07398844821982499	0.056971672252832985	0.6674005261990261	0.08425464364884896	0.011148321448436001	0.09773496280176817	0.086046686568022	0.038069882008563406	0.03351749853157594	0.6665441147776304	0.0206395882265624	0.041604166331580206	
0.0625	0.06906745247421939	0.15911163207390644	0.12352629668419954	0.06262631203498384	0.04862148114544611	0.6673517424665771	0.08543091382928805	0.02925542358844361	0.11070857923978679	0.09007888934715123	0.043476084788513045	0.035375490251023635	0.6667640343183285	0.033274184500365823	0.05795020269708699	
0.125	0.0842719513053778	0.1589385227173776	0.1261156163747475	0.0646235962069479	0.05127941442388432	0.668657200002959	0.10395815502982905	0.064171323001848	0.13828596582682323	0.10962313482964084	0.05595449532296504	0.044357715298999775	0.6686289964366708	0.06598116996362538	0.09057584253352893	
0.25	0.14834049926879359	0.2018987315317184	0.1679668532975073	0.0864216378520338	0.07190864473198141	0.6803502524293382	0.17500135925192128	0.1442056932618786	0.1973972141879446	0.16344600154592176	0.08359074041895118	0.06922262776280716	0.6799565057161026	0.16817657284018953	0.1721713163240604	
0.5	0.6861070759791513	0.5660047848152918	0.5481335014676216	0.29059654597852924	0.28142112316875334	0.8519584305117472	0.6890055069533301	0.6859048921829096	0.5657795499047857	0.5478507039073461	0.2878697201112665	0.2787515839193093	0.8518853137862921	0.6888849237747752	0.688835307906138	
1.0	0.9784161237309353	0.9588325002026588	0.9581886325729186	0.9089784605517373	0.9085171084221727	0.9893890566547512	0.9787423241700836	0.9784161237309353	0.9588325002026588	0.9581886325729186	0.9089784605517373	0.9085171084221727	0.9893890566547512	0.9787423241700836	0.9787423241700836	
2.0	0.999347900270864	0.9982499319223127	0.9982499317186297	0.9982499319223127	0.9982499317186297	0.9996729872202976	0.9993464065198225	0.999347900270864	0.9982499319223127	0.9982499317186297	0.9982499319223127	0.9982499317186297	0.9996729872202976	0.9993464065198225	0.9993464065198225	
4.0	1.0	1.0000000000000002	1.0000000000000002	1.0000000000000002	1.0000000000000002	1.0	0.9999999999999527	1.0	1.0000000000000002	1.0000000000000002	1.0000000000000002	1.0000000000000002	1.0	0.9999999999999527	0.9999999999999527	
8.0	1.0	1.0000000000000002	1.0000000000000002	1.0000000000000002	1.0000000000000002	1.0	0.9999999999999527	1.0	1.0000000000000002	1.0000000000000002	1.0000000000000002	1.0000000000000002	1.0	0.9999999999999527	0.9999999999999527	
16.0	1.0	1.0000000000000002	1.0000000000000002	1.0000000000000002	1.0000000000000002	1.0	0.9999999999999527	1.0	1.0000000000000002	1.0000000000000002	1.0000000000000002	1.0000000000000002	1.0	0.9999999999999527	0.9999999999999527	
