0.03125	0.0607446665817308	0.19939405160530596	0.1520342251330064	0.07761661872001821	0.0591827412185645	0.6685463261833383	0.08852001984123273	0.010167440092982871	0.10338606325005464	0.0905647589073665	0.04017966613821476	0.03519742158774057	0.6667332874543853	0.02042437757428582	0.043864017253639566	
0.0625	0.07164912710152926	0.1923248866891885	0.14888984496421664	0.07555123439854505	0.058490589372452384	0.6706980264816857	0.10551689166962701	0.03019931593196592	0.13407583015969193	0.108832065096484	0.05255552787012885	0.04266182383922868	0.6681448028663638	0.04072247822156391	0.07168968057750373	
0.125	0.10978708188664581	0.2426286113157053	0.19483824305166703	0.09946669497710975	0.07988048084104607	0.679016595434411	0.16634785641409067	0.08358670089251025	0.2104480050278334	0.1685223177981125	0.08578770470368305	0.06870101342321876	0.676416356593379	0.1111756839009562	0.14493418398384922	
0.25	0.25260604365398887	0.3731121955607054	0.32559563212974385	0.1716173537860546	0.14977449401755677	0.7144050320476909	0.32125799584393827	0.2455934840775506	0.3636737673200604	0.31558563808943135	0.163542748951693	0.14192710968177927	0.7129395951129074	0.3120960150512153	0.315902081021889	
0.5	0.9886237268376117	0.9737780734414404	0.9737312601392386	0.920239471204682	0.9202059264526925	0.9942831277998814	0.9885596291876032	0.9883162736231608	0.9729458068667303	0.9728971072775334	0.8647141720873799	0.8646792759781763	0.9941295481855086	0.9883982941631629	0.9882505133991308	
1.0	1.0	1.0000000000000002	1.0000000000000002	1.0000000000000002	1.0000000000000002	1.0	0.9999999999999527	1.0	1.0000000000000002	1.0000000000000002	1.0000000000000002	1.0000000000000002	1.0	0.9999999999999527	0.9999999999999527	
2.0	1.0	1.0000000000000002	1.0000000000000002	1.0000000000000002	1.0000000000000002	1.0	0.9999999999999527	1.0	1.0000000000000002	1.0000000000000002	1.0000000000000002	1.0000000000000002	1.0	0.9999999999999527	0.9999999999999527	
4.0	1.0	1.0000000000000002	1.0000000000000002	1.0000000000000002	1.0000000000000002	1.0	0.9999999999999527	1.0	1.0000000000000002	1.0000000000000002	1.0000000000000002	1.0000000000000002	1.0	0.9999999999999527	0.9999999999999527	
8.0	1.0	1.0000000000000002	1.0000000000000002	1.0000000000000002	1.0000000000000002	1.0	0.9999999999999527	1.0	1.0000000000000002	1.0000000000000002	1.0000000000000002	1.0000000000000002	1.0	0.9999999999999527	0.9999999999999527	
16.0	1.0	1.0000000000000002	1.0000000000000002	1.0000000000000002	1.0000000000000002	1.0	0.9999999999999527	1.0	1.0000000000000002	1.0000000000000002	1.0000000000000002	1.0000000000000002	1.0	0.9999999999999527	0.9999999999999527	
