0.03125	0.0	0.3338231423997481	0.20052958291131548	0.12330338944547976	0.07406909799040656	0.6661354768595402	0.0	0.0	0.18877836715686067	0.14456154602695684	0.06972797177092296	0.05339587647645748	0.6663459379710702	-0.00022595793079157946	0.0	
0.0625	0.0	0.32206888023478386	0.1879601896145126	0.11878305418760422	0.0693220862105417	0.6662350868656896	0.0	0.0	0.24115296000830355	0.15818407244873509	0.08893990843034214	0.058340074263639484	0.6663459379710702	1.541273861912413e-05	0.0	
0.125	0.0	0.3149568907698126	0.1804914665494522	0.11608421977745331	0.06652406161748153	0.6655068978747801	0.0	0.0	0.28518972406672644	0.16880443725772276	0.10511266503601571	0.06221643148481717	0.6663459379710702	-0.00357094530782677	0.0	
0.25	0.0	0.31236773717633415	0.17779874509390733	0.11510436552044193	0.06551704710721916	0.6662881102529661	0.0	0.0	0.3084997075428539	0.1758828851103153	0.113678878964109	0.0648109827614579	0.6663459379710702	-0.000752059497199308	0.0	
0.5	0.7483121237250222	0.7647030777978778	0.7356380397607781	0.4876238140893462	0.47630533260811614	0.9079275851786482	0.7490729815949146	0.7480251172527593	0.7640872713110486	0.7349743742485999	0.4683077414954804	0.4570178253411843	0.907793351535721	0.7489205398956275	0.748800377011851	
1.0	1.0	1.0000000000000002	1.0000000000000002	1.0000000000000002	1.0000000000000002	1.0	0.9999999999999527	1.0	1.0000000000000002	1.0000000000000002	1.0000000000000002	1.0000000000000002	1.0	0.9999999999999527	0.9999999999999527	
2.0	1.0	1.0000000000000002	1.0000000000000002	1.0000000000000002	1.0000000000000002	1.0	0.9999999999999527	1.0	1.0000000000000002	1.0000000000000002	1.0000000000000002	1.0000000000000002	1.0	0.9999999999999527	0.9999999999999527	
4.0	1.0	1.0000000000000002	1.0000000000000002	1.0000000000000002	1.0000000000000002	1.0	0.9999999999999527	1.0	1.0000000000000002	1.0000000000000002	1.0000000000000002	1.0000000000000002	1.0	0.9999999999999527	0.9999999999999527	
8.0	1.0	1.0000000000000002	1.0000000000000002	1.0000000000000002	1.0000000000000002	1.0	0.9999999999999527	1.0	1.0000000000000002	1.0000000000000002	1.0000000000000002	1.0000000000000002	1.0	0.9999999999999527	0.9999999999999527	
16.0	1.0	1.0000000000000002	1.0000000000000002	1.0000000000000002	1.0000000000000002	1.0	0.9999999999999527	1.0	1.0000000000000002	1.0000000000000002	1.0000000000000002	1.0000000000000002	1.0	0.9999999999999527	0.9999999999999527	
