0.03125	0.0	0.3338231423997481	0.20052958291131548	0.12330338944547976	0.07406909799040656	0.6661354768595402	0.0	0.0	0.18877836715686067	0.14456154602695684	0.06972797177092296	0.05339587647645748	0.6663459379710702	-0.00022595793079157946	0.0	
0.0625	0.0	0.32206888023478386	0.1879601896145126	0.11878305418760422	0.0693220862105417	0.6662350868656896	0.0	0.0	0.24115296000830355	0.15818407244873509	0.08893990843034214	0.058340074263639484	0.6663459379710702	1.541273861912413e-05	0.0	
0.125	0.0	0.3149568907698126	0.1804914665494522	0.11608421977745331	0.06652406161748153	0.6655068978747801	0.0	0.0	0.28518972406672644	0.16880443725772276	0.10511266503601571	0.06221643148481717	0.6663459379710702	-0.00357094530782677	0.0	
0.25	0.0	0.31236773717633415	0.17779874509390733	0.11510436552044193	0.06551704710721916	0.6662881102529661	0.0	0.0	0.3084997075428539	0.1758828851103153	0.113678878964109	0.0648109827614579	0.6663459379710702	-0.000752059497199308	0.0	
0.5	0.7508910835658378	0.7660853537110961	0.7368223650697584	0.4600524130860751	0.4487298185513815	0.9091948998376302	0.751639788643468	0.7506034255365257	0.7655081122973988	0.7361877504256922	0.4537374903859114	0.4424168406936643	0.9090608846008079	0.7514871365050633	0.7513682067516103	
1.0	1.0	1.0000000000000002	1.0000000000000002	1.0000000000000002	1.0000000000000002	1.0	0.9999999999999527	1.0	1.0000000000000002	1.0000000000000002	1.0000000000000002	1.0000000000000002	1.0	0.9999999999999527	0.9999999999999527	
2.0	1.0	1.0000000000000002	1.0000000000000002	1.0000000000000002	1.0000000000000002	1.0	0.9999999999999527	1.0	1.0000000000000002	1.0000000000000002	1.0000000000000002	1.0000000000000002	1.0	0.9999999999999527	0.9999999999999527	
4.0	1.0	1.0000000000000002	1.0000000000000002	1.0000000000000002	1.0000000000000002	1.0	0.9999999999999527	1.0	1.0000000000000002	1.0000000000000002	1.0000000000000002	1.0000000000000002	1.0	0.9999999999999527	0.9999999999999527	
8.0	1.0	1.0000000000000002	1.0000000000000002	1.0000000000000002	1.0000000000000002	1.0	0.9999999999999527	1.0	1.0000000000000002	1.0000000000000002	1.0000000000000002	1.0000000000000002	1.0	0.9999999999999527	0.9999999999999527	
16.0	1.0	1.0000000000000002	1.0000000000000002	1.0000000000000002	1.0000000000000002	1.0	0.9999999999999527	1.0	1.0000000000000002	1.0000000000000002	1.0000000000000002	1.0000000000000002	1.0	0.9999999999999527	0.9999999999999527	
