0.03125	0.07487441151157456	0.21883331032534575	0.16999827545148904	0.08592310423621337	0.06675035261496967	0.6697834463616694	0.10714173235639704	0.00835052291583997	0.09903731854955397	0.09052607060343629	0.03880347407832128	0.03546946820056705	0.6668175477923881	0.022142529938281023	0.046729528765179384	
0.0625	0.09999718697334267	0.20951470468310296	0.1674864312425047	0.08351093645936664	0.06676061714280827	0.6723610849501093	0.12992133965339228	0.023327943079847778	0.11729911852985297	0.10240551583753128	0.04660686525025133	0.0406901046577278	0.6678663103536036	0.04141834531027918	0.07087776607411117	
0.125	0.1809718184946092	0.252019082921759	0.21252580303030108	0.1050607677196076	0.08860045238472398	0.687145245544144	0.2183294423756177	0.07135719443449921	0.1644536886139923	0.14229284828114888	0.06804045410653763	0.05887335709834292	0.6746560183158046	0.10741408229342149	0.14174918713535203	
0.25	0.3693683878312807	0.344864313996059	0.3142438074517896	0.1524425342340406	0.13890476410986977	0.7320440177205045	0.3817119511789795	0.2085225682316222	0.2458030563374436	0.22020223306359502	0.10697552895195514	0.09583287971400202	0.7002912769296377	0.2687564171271889	0.2761474799660991	
0.5	0.6486372294725721	0.4947606681942102	0.4791161637140485	0.2092403197659986	0.2026633329688142	0.8224475376712723	0.6239410814550557	0.46832056994325244	0.3762393159620232	0.3538003615774149	0.1575751022429763	0.14820087232285709	0.7657532296771694	0.5259486186696675	0.48673092493313136	
1.0	0.7340412775552655	0.5745114987757424	0.5627373781238855	0.2428546743369347	0.23792099417814874	0.8640091137340219	0.7177369291507465	0.6305536103142915	0.48885709570695024	0.469267345816837	0.20467701131154556	0.1965092126297433	0.8248929022007949	0.6615221016131876	0.6296557474844844	
2.0	0.7776920484173854	0.6298916222569184	0.6240313864230234	0.27701107214328163	0.2744756935193831	0.883473445893799	0.7611278571980817	0.7307544749079684	0.5756965893310885	0.5649004544857279	0.24926219303968117	0.24462516059296108	0.8638595475347323	0.7356636592227699	0.7171542715838853	
4.0	0.7936058369220708	0.6489213604111504	0.6440974846695545	0.2859261783250292	0.2838141461038005	0.8919871201578455	0.7788799737858454	0.7826142090068522	0.6328726637035147	0.6264750443599993	0.27461374298693225	0.2718495879377865	0.8872034897101153	0.7728748283506087	0.76814721264862	
8.0	0.8091061890565854	0.6762162319525808	0.6730962405269638	0.3079307573676541	0.30650726238012715	0.8992959626590885	0.7948904458318877	0.8083997801421967	0.6749351485214935	0.6716790436270812	0.30354342001047047	0.30207877172799463	0.8989835820575882	0.7944974534210079	0.7941884891290172	
16.0	0.8162605198083671	0.6863927590491834	0.6838688033678625	0.3175753715691946	0.3164102693805634	0.9028790107740592	0.8025295034261009	0.8162605198083671	0.6863927590491834	0.6838688033678625	0.3175753715691946	0.3164102693805634	0.9028790107740592	0.8025295034261009	0.8025295034261009	
