0.03125	0.0	0.33912140653379313	0.2062837614698295	0.1253745565467148	0.07626394354168997	0.6652078845765168	0.0	0.0	0.17007026477967413	0.13833982766481706	0.06287482635291648	0.05114413899285421	0.6663459379710702	-0.0013266215811545301	0.0	
0.0625	0.0	0.32926766294735277	0.19562583112679605	0.12154616502362507	0.07221350725868567	0.6652328880639772	0.0	0.0	0.20546427188973113	0.14925782757478084	0.07584473939331984	0.05509681937073656	0.6663459379710702	-0.0012610551543842138	0.0	
0.125	0.0	0.32258637340417873	0.18850761919051257	0.11898692633080424	0.06953158850072953	0.6643183679584201	0.0	0.0	0.23569321773338398	0.15689338813571357	0.08693579494902157	0.057870373195203925	0.6663459379710702	-0.003802649584601167	0.0	
0.25	0.0	0.3183992582807163	0.18409320302690396	0.11739199160379765	0.06787411516278927	0.6644096197339724	0.0	0.0	0.259904028895263	0.16264502318873184	0.09582489004329028	0.059966143762168043	0.6663459379710702	-0.005290089016403471	0.0	
0.5	0.0	0.3156276264233302	0.1811912012207497	0.11633978994255423	0.06678675926523543	0.6648127726849404	0.0	0.0	0.279291379854079	0.16740523977351462	0.10294611576390862	0.06170516030083435	0.6663459379710702	-0.006009368372466894	0.0	
1.0	0.0	0.3135854527031662	0.17906338743212757	0.1155666375361059	0.06599079643443702	0.6651481603459681	0.0	0.0	0.2962904799676642	0.17218141457223574	0.10919268221799441	0.06345445640738442	0.6663459379710702	-0.00749810469371667	0.0	
2.0	0.0	0.31267040903072274	0.17811277167232112	0.11521967749414641	0.065634916280455	0.665785383282909	0.0	0.0	0.30527651709156434	0.17489408131325096	0.11249485192421435	0.06444873005903821	0.6663459379710702	-0.005224816509730948	0.0	
4.0	0.0	0.31218898415845997	0.17761337909864233	0.11503717906567341	0.06544799191231956	0.6661822351861184	0.0	0.0	0.3108204103755569	0.176957528008526	0.1145327226745978	0.06520623120670546	0.6663459379710702	-0.0030785262715860608	0.0	
8.0	0.0	0.31206794610611327	0.17748789804012804	0.11499121436844366	0.06540097817215526	0.6663281278622547	0.0	0.0	0.3120617402843604	0.17748146541306692	0.11498883545928151	0.06539855544245365	0.6663459379710702	-0.000990036559186541	0.0	
16.0	0.0	0.3120617402843604	0.17748146541306692	0.11498883545928151	0.06539855544245365	0.6663459379710702	0.0	0.0	0.3120617402843604	0.17748146541306692	0.11498883545928151	0.06539855544245365	0.6663459379710702	0.0	0.0	
