0.03125	0.09308103971022758	0.2364475458352473	0.186667828336948	0.09317833390811515	0.07356313862776795	0.6715926134903938	0.12426449832158486	0.01046050835182474	0.10598861815703045	0.09746323352490426	0.0416692810219384	0.03831831754750084	0.6670140586701039	0.02858584903162496	0.05399174914660686	
0.0625	0.10986067015697096	0.1983500586874441	0.16016952198506906	0.07929986532862807	0.06403811209975933	0.6711128861661569	0.12832195095892374	0.025935911217299584	0.11055873652741899	0.09702150720834496	0.0440525158366758	0.03865936801354517	0.667621433759239	0.04314953355718367	0.06997172666519465	
0.125	0.1617071279430559	0.2377399877137963	0.19778195029491283	0.09799496309380686	0.08152450954418108	0.683483849655081	0.19954747505144704	0.06365979498272425	0.15622022941609923	0.13404211202028915	0.06399649813435622	0.054911379674014146	0.6733332428069578	0.09459494929327486	0.13000424571193184	
0.25	0.2849687759766682	0.2762996323119018	0.24108527496700774	0.11793373605443702	0.1029107752915102	0.7101476307837078	0.31080726221937194	0.16051571276794474	0.20314134437456385	0.17632418214556772	0.08577690591580381	0.07445741447067147	0.6899319182079484	0.20789536577643214	0.22894728002641979	
0.5	0.5303971122517963	0.4256671166997833	0.3969128867129072	0.18021893439826758	0.16804970046559364	0.787552976610449	0.5365731186605874	0.3796218344425989	0.33581909995266795	0.30545215740491277	0.14083627593116183	0.12810407432041102	0.7459771468343186	0.4442029001575314	0.42995007794734913	
1.0	0.6864057220103363	0.5353719548021563	0.5186902309514336	0.22571504100373518	0.2186847817927357	0.845079880553779	0.6741723335707851	0.5888845487079638	0.46065698018600243	0.4370233915094002	0.19251671207696772	0.1826416062260626	0.8105226371904626	0.6201585172168397	0.5949981726446335	
2.0	0.7454154912931654	0.5890766251837534	0.5801775788583913	0.24955315613109635	0.24580128908452004	0.8680243798995253	0.7269879494037097	0.7005312516435671	0.5415777464413287	0.5276750239956867	0.22723412014979413	0.22141477195811626	0.850074677751367	0.7024978166904752	0.6860498092041385	
4.0	0.7797114517595677	0.6316577727632728	0.6242157301250765	0.27365317004378104	0.2704316144032818	0.8867087476663219	0.7666052338510048	0.7688601547114322	0.6169111065134396	0.6077545797098083	0.26395623422335834	0.2600424877607749	0.8820963957775276	0.7606647036313247	0.7562745223657488	
8.0	0.7885609068276755	0.644612835595961	0.637853722876084	0.28039312507203895	0.27744733560879675	0.8911676910415235	0.7761341396781308	0.78787062590586	0.6435016069342407	0.6365821474955355	0.27810347294678356	0.2751075224002977	0.8908719106408304	0.775748650637507	0.7754663931107993	
16.0	0.7988079160287747	0.6584668573949013	0.6522761994191462	0.2863078303820835	0.28361503268290467	0.8963983490566433	0.7872731898543599	0.7988079160287747	0.6584668573949013	0.6522761994191462	0.2863078303820835	0.28361503268290467	0.8963983490566433	0.7872731898543599	0.7872731898543599	
