0.03125	0.11145248083786599	0.23467636467342023	0.1882361772706173	0.09300861295992585	0.07460482235004803	0.6736127503701137	0.1409637226854349	0.012589659220255015	0.10408910346147157	0.09630581490904667	0.041140537985105655	0.03806486922493233	0.6672211056060859	0.035170787111847575	0.060912788506653395	
0.0625	0.1395925402370771	0.22273241931260426	0.18399938398039511	0.09010216212576375	0.07443888852200203	0.6778396527868702	0.16770121141852382	0.0329156724148207	0.12244079829666576	0.10868955704660666	0.04931263250148773	0.04377621341007156	0.6690547224564974	0.06118633895659777	0.09074256380517898	
0.125	0.2812553724629093	0.2965103350935531	0.2604024379045641	0.12663255018818134	0.11121712371277168	0.7114491736676755	0.3158913314340344	0.11157475467613172	0.18825677897591817	0.1670952335816483	0.0795532704064589	0.07061319115110731	0.6830528417001821	0.1768066545484502	0.20094304321994855	
0.25	0.4477767505411731	0.37210138265930787	0.3454347655936994	0.16082494350855137	0.14932690915110716	0.7523832636445699	0.444757008272236	0.25375046367587745	0.2610055864858017	0.23705716851020173	0.11135795917187678	0.10115424385179125	0.7097560829686629	0.3235678041379936	0.31697765946886025	
0.5	0.5055874504348657	0.4064842774751657	0.3661387455748069	0.15358044619887995	0.1383347087056898	0.7765415631957471	0.5091504315603745	0.3626875711449606	0.3276671525574465	0.28956132348666996	0.12375799118159214	0.10936431193559633	0.7390552971232511	0.420231158292878	0.40890599801695193	
1.0	0.42878452580211485	0.390023961269209	0.32400443190204903	0.14477391528941624	0.12026810900260891	0.7569019205971068	0.45579308238364363	0.3672699132397624	0.35584386710288884	0.2929735716534081	0.13208141755412145	0.10874545947794603	0.7418473270744925	0.4095856096178741	0.4122191962529607	
2.0	0.42940169726856975	0.401273284989984	0.3308806171865656	0.14877249324615907	0.12267423672763692	0.7603953190775983	0.4638791614008898	0.4028107322151544	0.3849562656358098	0.3152612284747319	0.14271860624394245	0.11687978787110934	0.7536164381918029	0.442901624507531	0.4444831116392091	
4.0	0.4573914624313426	0.40587067506225327	0.3384040133265907	0.15051204689633732	0.12549275198049478	0.768532197618206	0.48524869640356305	0.45106228988677455	0.4020006586730222	0.334209264117837	0.14907195855048366	0.12393305370730653	0.7668734415293859	0.48024220229200854	0.4805233659729531	
8.0	0.44252052353906135	0.4066087266804077	0.3370291604543649	0.1507226752962237	0.12493077608965411	0.7651502118894665	0.475487436042599	0.44212579615770675	0.40644838404757655	0.33679219780555963	0.15066057379417494	0.12484072676106044	0.7650536595641265	0.47515726995716234	0.4751973785427692	
16.0	0.5205653732019309	0.4173322079844973	0.35365998076940075	0.15471710337270467	0.13111203644939215	0.7847307226756782	0.527616854153479	0.5205653732019309	0.4173322079844973	0.35365998076940075	0.15471710337270467	0.13111203644939215	0.7847307226756782	0.527616854153479	0.527616854153479	
