0.03125	0.11055514851564315	0.26086738758552486	0.20846278204804705	0.10336787524139883	0.08260425557006464	0.6768435446167661	0.1569652519374848	0.012429343015844769	0.1158500006507257	0.10705769921924442	0.04578200571792796	0.042307677672253755	0.6675560143774012	0.0381514549731512	0.06790345675962914	
0.0625	0.14498142155837934	0.2559896006893778	0.2105300304967269	0.10308482623353174	0.08479027632693799	0.682216184684333	0.1862606449082651	0.033858981586939986	0.14090697822000955	0.1247849011976518	0.05650875276778986	0.050047600419723594	0.6699545578259313	0.06811332982294624	0.10055033048230166	
0.125	0.30898403767810023	0.32997772525084335	0.2923134478176824	0.14022943603261181	0.12420229613535345	0.7185512557055681	0.3380714842981888	0.12299392243798493	0.20791483477351994	0.1855406676228008	0.08749291745086392	0.07807123813834936	0.6853954819139418	0.19453901631796686	0.21352972954675611	
0.25	0.5840894426905223	0.4638661504083962	0.4469660830861306	0.21006003336382312	0.20237653875360656	0.7957834187345507	0.5601292198901983	0.33395559285822723	0.3107349010077236	0.29043649492017387	0.13770866968665257	0.12870520984684622	0.7282433369704329	0.4210195327888867	0.3838158208451809	
0.5	0.708315984329674	0.5747128335228017	0.5636771951693812	0.25431259275276075	0.24942958814487953	0.8527506203871333	0.6925071060890295	0.5096167175799644	0.427902706409792	0.40761459330790706	0.18634570582674365	0.17751262301835374	0.7840090503614146	0.5848252222475219	0.5360490638142833	
1.0	0.765617787825441	0.6157779936230764	0.6090734819042074	0.27039429388334557	0.2674500496907586	0.8772979103289147	0.7477202762036023	0.6581259588651666	0.5177599665959463	0.5024869055837757	0.22407604883517243	0.2174652585400219	0.8349784092292547	0.6898252902107964	0.6534392976273036	
2.0	0.7889614806511872	0.646781122446237	0.6426425821952548	0.2835065100821332	0.2817135058079082	0.8879321755114283	0.7714431349508251	0.7414872480088504	0.5891144519748146	0.5801764216088167	0.2544698379658298	0.2506275023366905	0.8677081781379927	0.7457135424761586	0.7260783565291602	
4.0	0.8010231908786531	0.660470765823107	0.6570951117718126	0.299171099042503	0.29764577095343625	0.8948952149794144	0.7856637198484142	0.7899300693384633	0.6436019932080725	0.6387510316401231	0.285678149563409	0.28352716174621173	0.8900106182121323	0.7796085595494142	0.7747226888418568	
8.0	0.810666193323148	0.6775087947348946	0.674543338335954	0.31166156542815315	0.31029644150698515	0.9001662179120544	0.7966242646323343	0.8099630493249395	0.6762186658234641	0.6731232616523096	0.3066146926753609	0.3052108483963686	0.8998552529302186	0.796232788876684	0.7959224190860871	
16.0	0.8170188070445796	0.6858680063947892	0.6830446018765932	0.3147791560682995	0.31349211793607595	0.9035591615089708	0.8037885412602541	0.8170188070445796	0.6858680063947892	0.6830446018765932	0.3147791560682995	0.31349211793607595	0.9035591615089708	0.8037885412602541	0.8037885412602541	
