0.03125	0.09772693391359946	0.2922337508878309	0.22990993868817808	0.11519536951159175	0.09063069066256402	0.6775444635886222	0.15831271645946898	0.01091631397299065	0.13107077192534974	0.12038629284698636	0.051545857986596055	0.04734445098698786	0.6676431029508966	0.03574731703026298	0.06882493241174971	
0.0625	0.13942954699834226	0.29994943525001794	0.24362800695749173	0.12014543773346556	0.09758966991383404	0.6865262040162242	0.20826635810526958	0.03239647053859916	0.16656271895663813	0.14654485655344984	0.06648122693079626	0.058492990769834	0.6709675456333641	0.07249597451193844	0.11318044354951631	
0.125	0.26055802610363554	0.3543863920295579	0.3068631326227882	0.149447444620105	0.1294098287082743	0.7137538372504293	0.3238799648094185	0.10221201710483527	0.22687884261660712	0.1996071298824459	0.09482656225431442	0.0834299888952491	0.6840156560127653	0.17413999228858643	0.2074957362968295	
0.25	0.48291549602164546	0.4511475022214057	0.4193387687058772	0.19358507102781808	0.1799487535246977	0.7751574224688266	0.5057840201227004	0.27060908535995354	0.3158730690304353	0.28717297771915384	0.13399768804625073	0.12182921992086024	0.7210222434004534	0.36769843222008397	0.3604845862193131	
0.5	0.7058207809174792	0.5723514803150287	0.5607136962698673	0.25821734292854964	0.2530569212517767	0.8521275977040942	0.6905720964806079	0.507244120098441	0.42774970437952364	0.40685883880250406	0.18885418873773538	0.1796859718070988	0.7839186965784013	0.5831610226861811	0.5358634028437133	
1.0	0.7652364615846468	0.6148107296339738	0.6059354733222964	0.2615159634327381	0.2577397948507433	0.8793258354812373	0.7510742310268985	0.657083915712875	0.5198623052303334	0.502365395837758	0.21895406472599394	0.21158350236208717	0.836985063987201	0.6927566251993016	0.6577887729014569	
2.0	0.7894352966760547	0.6496287460741501	0.6435053639001775	0.28695559618401856	0.28426892969863615	0.8910127310620968	0.7763631460575793	0.7412880108219859	0.5940980090932202	0.5827465066036794	0.25825450805524036	0.2533355498987839	0.8707338270871897	0.7503379483065399	0.7317573643048721	
4.0	0.7899133073413313	0.64956718706698	0.6438777678893615	0.29061767844656605	0.288080277972494	0.8915685472905214	0.7771394929031507	0.7788819246527681	0.6338445862143309	0.6264959119429209	0.278617415891906	0.2753932533570967	0.8868189028665322	0.7711175124941159	0.766582603382459	
8.0	0.7811156889615656	0.640091451858326	0.6331016226177354	0.27988360067499557	0.2768286528455618	0.8879919381578253	0.7690479707870791	0.7804300418231847	0.6390142848121381	0.6318614322282129	0.27715725005170255	0.27405645681167146	0.8877024419559024	0.7686642011406093	0.7683955718474873	
16.0	0.7854665742036027	0.6494487816461452	0.6440682277479375	0.28781732234925916	0.28543680841636326	0.8883768237832121	0.7707540664801915	0.7854665742036027	0.6494487816461452	0.6440682277479375	0.28781732234925916	0.28543680841636326	0.8883768237832121	0.7707540664801915	0.7707540664801915	
