0.03125	0.10439896959530133	0.26170912087635345	0.2079742835806439	0.10351572488333119	0.08226213293215243	0.676184159319843	0.15252416325567014	0.011707773750705863	0.11659300032259909	0.10752635241938997	0.045998558382491485	0.04242173399636817	0.6674852217070024	0.03597020106794311	0.0660699370158617	
0.0625	0.15264366253174527	0.25061973718345276	0.20683528709379254	0.10112374423025769	0.08346217344937126	0.6829039206480119	0.1915597945677016	0.03583604416381226	0.1377699483363981	0.12224070541530134	0.055357299115785706	0.0491191986305143	0.6701089244663999	0.07148977533988468	0.10333175618118295	
0.125	0.24351212201606462	0.3011099181542636	0.26164041146306194	0.12786546370855661	0.11110486279160496	0.7011727868788886	0.2779139373097503	0.09660344713776958	0.19260595483362025	0.16985787716178424	0.08100606405424356	0.07143821876017444	0.6795582046686647	0.14992604091343362	0.17819181126167352	
0.25	0.5643169450300994	0.4574215179689266	0.4399353644646937	0.21194234200338585	0.2041032704325072	0.7880492294099612	0.5410661555420493	0.3230162963127209	0.3067529173459659	0.28636958566001747	0.1382473606779245	0.12917048068080764	0.7249433941490946	0.4056432061431936	0.3725390790915542	
0.5	0.7084505390822631	0.5679593098119129	0.5570307185437546	0.2488458267951922	0.24405543732349191	0.8511842323738597	0.6896274949123309	0.5104034054094391	0.42347686897752573	0.40326200211020896	0.1828617531763656	0.17413244868383324	0.7828657407822963	0.582695934683415	0.5330708193997176	
1.0	0.7707337578424882	0.62179482109024	0.6151265550397106	0.2743040373758824	0.27140646698015103	0.8800468563313574	0.753671187213815	0.6623315455793009	0.5219871001147474	0.5068303210867858	0.22659312483618216	0.22004982366811313	0.8370252270269031	0.6952998699939137	0.6582206010950067	
2.0	0.7842055754476089	0.6402872498279152	0.6356317874676594	0.2889042979217026	0.28682348034708627	0.8860844097572919	0.7671105592726513	0.7369317177917463	0.5840094153172861	0.5744589775250675	0.25838093594952233	0.2541713888537441	0.8661335399554119	0.7414950921671638	0.7224037743456074	
4.0	0.7987208794028994	0.6568356289635673	0.6526197234203583	0.2975550372864212	0.29566767617853007	0.8945260081138485	0.7843291150097766	0.787596759409128	0.640174893969292	0.6344335887997388	0.28418410576883274	0.2816543726016848	0.889636636086286	0.7782608351797238	0.7734182539578682	
8.0	0.8089108396769294	0.6747665743508796	0.6719711242188947	0.3145436019250247	0.3132404160383502	0.8990829356421581	0.7944592694225181	0.8082078738649752	0.6734820183178056	0.670555522901261	0.3095056839876153	0.3081637589759313	0.898772425704426	0.7940678706044776	0.7937588543199513	
16.0	0.8161283627570356	0.6848309443880998	0.6822236863271731	0.31859493783145193	0.31738689566683365	0.9029221479856389	0.8025544742108904	0.8161283627570356	0.6848309443880998	0.6822236863271731	0.31859493783145193	0.31738689566683365	0.9029221479856389	0.8025544742108904	0.8025544742108904	
