0.03125	0.1114222378689786	0.2752449641280504	0.21984677060968175	0.10907801708013562	0.08712523161035084	0.6780893719918077	0.16361528897953664	0.012490822101608241	0.12220820723535224	0.11290693044549842	0.04829961142350421	0.0446238944040568	0.6676837066814161	0.03959574090181423	0.07078740098934418	
0.0625	0.1515524907507642	0.25327539897668433	0.20909410093590236	0.10212306513883382	0.08431277141580149	0.6829412973440608	0.1907125726998254	0.03546417273985743	0.13904677352329192	0.12341365065378129	0.05583497162676972	0.04955915638875334	0.6700870156687226	0.07100673170442354	0.10273110228252565	
0.125	0.3032859673067946	0.32704039241180066	0.29158245317807063	0.14101078978507792	0.12573149344779505	0.7147908025527859	0.3259144261202178	0.12107997513801427	0.20490618657523268	0.18356918504489253	0.08730377187612634	0.07821660188565287	0.6839934318363928	0.18730783165213333	0.20557799712021513	
0.25	0.5531810818844111	0.4427751634332098	0.424396698184375	0.2044809087139683	0.19594474184842653	0.7847958268734752	0.5324853580795408	0.31588352069085784	0.2998157114927384	0.2790591404344352	0.1351910919991995	0.12581173906815718	0.7239913371898253	0.3984987529902996	0.36948615125105355	
0.5	0.6992736294994433	0.5675889079494965	0.5563762234944287	0.2527321430420142	0.24783209849535254	0.8463464672787913	0.6803342243107549	0.5043017573735571	0.42167414213007415	0.40169555045790906	0.18438503475066698	0.1757132437965901	0.7798602585365104	0.5744401720369579	0.5259167307384924	
1.0	0.7735642188194735	0.6263194736234278	0.6196920727008907	0.2763582767724869	0.2734748337842549	0.8814326103918788	0.756716294348385	0.6646601943666494	0.5257399392860973	0.5105771583095859	0.22833699125566004	0.2217884633575935	0.8380672218204497	0.6981042999360267	0.6607365467007383	
2.0	0.7828038026367313	0.636594162700978	0.631566159830224	0.28136622461505506	0.279160172889335	0.8855466290187378	0.7658026698572673	0.7355998589766084	0.5811332153916219	0.5711530288509916	0.2527994451245876	0.24847147426585306	0.86566656430185	0.7402222373807782	0.7212630809437648	
4.0	0.8016504061063741	0.6612437510691076	0.6577611013313085	0.2994412002029206	0.29786674414967257	0.8952819214377092	0.7864297696882195	0.7905441396431884	0.6444162434418124	0.6394383009358808	0.28609306363530784	0.28388592932801654	0.8903905119928635	0.7803688738826259	0.7754841931373209	
8.0	0.8062470517376022	0.6711318471039908	0.6676911188323529	0.307739354653157	0.30616914556157593	0.8982681170794876	0.7923301514003231	0.8055430226725878	0.6698389125599539	0.6662682277415349	0.3026854145026544	0.3010763697376876	0.8979565338118091	0.7919382459091991	0.7916275239947714	
16.0	0.8176367877009586	0.6865027814682743	0.6839068911489139	0.3203477325131878	0.31914410993728726	0.903740140638099	0.8042720599179368	0.8176367877009586	0.6865027814682743	0.6839068911489139	0.3203477325131878	0.31914410993728726	0.903740140638099	0.8042720599179368	0.8042720599179368	
