0.03125	0.08408407781648647	0.2228386255668408	0.17443017814153938	0.08766389436309632	0.06862132804105858	0.671354177108835	0.11959756411205565	0.00940835990227416	0.10038824287122354	0.09203250201117193	0.03940448226951787	0.03612515045552622	0.6669875165961632	0.026074368180381752	0.05208787130775342	
0.0625	0.10124505770816758	0.21831794341776814	0.17392952646541004	0.08685687748709796	0.06919838723833235	0.6740528040855376	0.1401666858846819	0.023701324058606053	0.12267796273374709	0.10686794472192666	0.048661646849584635	0.04239082499699722	0.6682815307230517	0.04435005774380537	0.07673989477510863	
0.125	0.19305353629518796	0.2614555515861794	0.22089527194032216	0.10888635231417905	0.09200748983864926	0.691829024685537	0.2384340257786251	0.07598780181958001	0.17030829985728363	0.14753699807441298	0.07039342128617261	0.06098710474585563	0.6763279271934259	0.11897255524772125	0.1545021346318503	
0.25	0.40853497772176334	0.35989638799371754	0.33009515492376396	0.15687871734704967	0.14394645054351313	0.7425518204296268	0.4162102866558383	0.23081357482485343	0.25525008979500335	0.22979164278992648	0.10961771841130881	0.09871022684873162	0.7053646246557157	0.29800641324370786	0.2994364793679661	
0.5	0.6547227037328921	0.5097721815581167	0.49474821286113624	0.2198795237231578	0.21345908047841172	0.827947714030776	0.635908312656304	0.47185162432194894	0.38572540064248617	0.3635583365519034	0.16427100232964453	0.15486655072591907	0.7691485983223814	0.5355827400852001	0.4958515561452466	
1.0	0.7520059861035655	0.5916799483700871	0.5836102332279002	0.2503431615841996	0.24693864982455954	0.8698369594141656	0.7320892234873362	0.6467452265837978	0.49959874872059656	0.48331034520978833	0.20943946811629582	0.2026203734117856	0.8291100022301479	0.6752634367872234	0.6402091354536329	
2.0	0.7880188654369367	0.6437226355402997	0.6398969858627263	0.2848550782586352	0.28318578994607907	0.8872378844421556	0.7701234734498861	0.7406792232442513	0.5860991229837671	0.577578507502452	0.25516868772650503	0.2514837910032551	0.8671035981774915	0.7444596331067955	0.7248667077805322	
4.0	0.810311805286186	0.677018969780659	0.6749298893500961	0.3068434202313768	0.30590518084950463	0.8984655015069987	0.7942323789703993	0.7992195319251538	0.6588168965401223	0.6554886719394816	0.2926527907814092	0.291181731777964	0.8935005095297731	0.7881638142218998	0.7830043438215909	
8.0	0.8158840959425031	0.6908953771716696	0.6899128003429666	0.3333619614375237	0.3328928301589029	0.9006146023061078	0.7994290110958862	0.8151824720205706	0.6894309718651231	0.6883668294227083	0.32657039392163983	0.3260706267795027	0.900297047120123	0.79903712964232	0.7987017922820657	
16.0	0.8268996646881044	0.7072458082810049	0.7065165854741149	0.3590894338580416	0.3587273018184061	0.9068076687260069	0.8122069022021519	0.8268996646881044	0.7072458082810049	0.7065165854741149	0.3590894338580416	0.3587273018184061	0.9068076687260069	0.8122069022021519	0.8122069022021519	
