0.03125	0.10212692665729217	0.2653988867131618	0.21187487995916693	0.10718784456904347	0.08557571885166747	0.6776743721260312	0.15362216467562412	0.011320441411420423	0.11875767714737544	0.10967854009534783	0.04775092440422506	0.04410154045897285	0.6675252196842388	0.03556998812053346	0.06659519747175527	
0.0625	0.1479161624393568	0.31713984432345477	0.26080537591713693	0.1320767507568824	0.10862354423811768	0.6898617148184905	0.22184563439030497	0.033453438176005365	0.17355844462227263	0.15397161167616413	0.07174748205432921	0.06365333887131869	0.6714169555338017	0.07821531690608383	0.11930587117820295	
0.125	0.31322747382520394	0.4028506654756714	0.35809441133580877	0.18505199825771187	0.16454517543496947	0.7292299987307856	0.3745326451839909	0.1219154377865957	0.2520385526214231	0.22545034394994756	0.11319287459803681	0.10126517358435824	0.6887939573762342	0.21134094431034897	0.2364710345650342	
0.25	0.5553549124402168	0.49775191928311074	0.4740424706500187	0.22633493004238617	0.21559788283683318	0.7980004021857192	0.562578944106708	0.30798680123605104	0.336641997975109	0.3117859346210402	0.14994391240678392	0.13889055034717285	0.729634184999802	0.4157018604558672	0.39097313658551264	
0.5	0.6877524149121925	0.572139661533998	0.561409928041109	0.27414811319990745	0.26896509050089173	0.8464225149426703	0.6760216895254473	0.4857492361957485	0.4201956819062788	0.40025109360946737	0.19496635085127606	0.18569143195524582	0.7776186511370616	0.5660411830866247	0.5191687739143671	
1.0	0.7913259176349519	0.6547261235549029	0.6511360332799955	0.3160257158656673	0.31428640327387036	0.8896221176560338	0.7748830771544374	0.6629274241759482	0.530468671430139	0.5176817896613326	0.24784896260584746	0.24186940308101307	0.8377031925676265	0.7063549634556502	0.6608408033369101	
2.0	0.8067944108163774	0.6711888228315024	0.667968245761483	0.3241384841480996	0.3226022364867759	0.8986002438992617	0.7931984441970192	0.7440334807785913	0.5970573012921244	0.5880563792701544	0.2788300078038301	0.2746446605004365	0.8717155461125458	0.7594932186590426	0.7343627420545762	
4.0	0.8072219554835272	0.6758771050595198	0.6738048162835454	0.351852794419811	0.3507780111748665	0.8976641408571643	0.7918932727692255	0.7789380729951157	0.6347441784513659	0.6298186896093021	0.3137553213511677	0.3113211017557139	0.8851923015102635	0.776572523695675	0.7641135656492899	
8.0	0.792335077243063	0.6532230337446552	0.6487836614341828	0.3052001797540803	0.30314160416565816	0.8915690919222445	0.7778359094427035	0.7808948144964368	0.6359112354428544	0.6298546686843153	0.28923349744299587	0.28649000418487025	0.8866034447303113	0.7715691805888218	0.7667004598763203	
16.0	0.7801218762504725	0.6421091669364734	0.6363528643988048	0.29130732487736	0.2887192256059327	0.8860037128178563	0.7654731176958907	0.7773694320347949	0.637459331789219	0.6311750767075697	0.28324276815054317	0.2804688880533364	0.8848270896054121	0.7639570299053391	0.762809093230012	
