0.03125	0.1121819780404388	0.15494797268993982	0.1275698989838848	0.06368718702243445	0.05244270860308268	0.6658351976489156	0.0997748232597689	0.01278745419068859	0.06853926620592926	0.0640129665515321	0.027990637313570477	0.026143468150204775	0.6662847960880585	0.02638422686630353	0.04289242220065935	
0.0625	0.10855183392453656	0.11178666292148794	0.09253521528981701	0.04725587007473203	0.03913236924403642	0.6623568254953464	0.08585121446254249	0.025444831250366663	0.061291623775720006	0.054571469443964536	0.0256655179995735	0.022854048708843968	0.6655983142629037	0.03066484168631317	0.04626148342868126	
0.125	0.13198001385733044	0.10912848467853475	0.09195036843013722	0.047110758543923784	0.03971979790656229	0.6638281943407818	0.10603535220413077	0.052090198924753695	0.07104400044277152	0.06149954263064651	0.03028056646056791	0.026221464558946538	0.6657021622913761	0.05035736835252942	0.06828640381354405	
0.25	0.20716977594055144	0.16698265970096884	0.14678605817384302	0.07425765944997403	0.06529931399430373	0.6756590992432036	0.17836712540195837	0.11693317912892291	0.12160794158813948	0.10614587032587827	0.053166107803405326	0.046415006304492065	0.6716884562657833	0.11645978287814977	0.13122960928005845	
0.5	0.31348717522578434	0.24689367942099252	0.22206211044938068	0.10426880870583939	0.09378579350444609	0.705940656615641	0.3009084721175237	0.2223038736330773	0.19712156585390977	0.17393217146373355	0.08248777391642595	0.07278636993816988	0.6927783947878645	0.23700941241147094	0.24430615677872924	
1.0	0.47156784535530427	0.32815621047527743	0.3090091284271558	0.13803593194693003	0.13001664890986012	0.7438062858517334	0.4286414624774954	0.39760342173803387	0.2828212275942211	0.2606464767225814	0.11790517048754612	0.10868416084595298	0.7280850157457441	0.38588068466734804	0.3768863193476143	
2.0	0.485333184433166	0.36539252441346	0.33399853731542195	0.13754528806006777	0.12572602658954293	0.7589755265947755	0.4630267559076131	0.4487731099600015	0.3409258625558776	0.30763336465329544	0.1283009160154414	0.11577048556645433	0.7499136678776657	0.440104413546105	0.4359260717977323	
4.0	0.5111516423118456	0.39342985165851097	0.3650100331192581	0.1483387865319116	0.13762462953717824	0.7667780734212382	0.48537054162174087	0.49382518099539724	0.3795769662282157	0.3493688294802373	0.1430694790712641	0.1316843124744501	0.7622796877238767	0.47467156864741256	0.4721157507943231	
8.0	0.5738147291250201	0.4310045108140955	0.4070551964225215	0.16406734790852537	0.15495749827567354	0.7902976133661098	0.5472623476190803	0.5657600728419464	0.423745825600143	0.3985254413800182	0.16120894632885766	0.15162023920847675	0.7878832454141056	0.5424429310901423	0.5406010017339751	
16.0	0.6605815937522821	0.48600713302085763	0.4678408431899346	0.18504913968446704	0.1781348148947194	0.8253491668409658	0.6316143705190982	0.6583019413532407	0.4834034497385133	0.4647227032576192	0.18394928986412526	0.1768430518791984	0.8245335129394563	0.6303247810705515	0.6295389661129326	
