0.03125	0.11650304294486684	0.15714085478971618	0.12967413826459792	0.06452444784567808	0.05326402258687217	0.6637470059523984	0.09596360730088219	0.013436414532046404	0.06939025709592797	0.06485109329039106	0.02831090602884233	0.02646138556358126	0.6660778214374757	0.02569802947783937	0.0412342186110273	
0.0625	0.12693766853719582	0.16037009081881692	0.13334810798651828	0.06725906149618543	0.055931117749070655	0.668370837746562	0.12011351855357293	0.029781159098951883	0.08759809503896224	0.0781407752085578	0.03643931257845484	0.032506082743512875	0.6668987552369858	0.04444462322754068	0.06458461711742747	
0.125	0.14286864555222953	0.15402986150210438	0.13065927764206325	0.06726695822227374	0.0570781632140618	0.6675711505536516	0.12689132025687852	0.056242581262181415	0.09977822124544009	0.08670162578574783	0.042954570554253564	0.03733326511632016	0.6671126086907481	0.0609967838271675	0.08181822170403383	
0.25	0.2926837055949468	0.21337475740188147	0.19390150084044638	0.10016183758493691	0.09102796342395938	0.6923967562881168	0.25525232679389986	0.16615106780070282	0.1514769414385137	0.1354533347885326	0.06924224624389902	0.06191986074707904	0.6798345931940917	0.17775586609563945	0.18388190328422893	
0.5	0.5491471440048323	0.36742817746393686	0.35678244203742837	0.17695538010624806	0.17192337384034703	0.7612312202803593	0.48706456752976013	0.3962381087873169	0.27505111378176805	0.2592794402097506	0.1279782261201855	0.12069349428993179	0.7256537774506756	0.4072762196459201	0.37668126057097034	
1.0	0.6713431577399345	0.4902226136272496	0.4850779047623446	0.2400637050037992	0.2375886228177822	0.820364246989732	0.627716644905519	0.5667885974446907	0.40194459152347406	0.38958827691303616	0.18966894782221405	0.18386821629536274	0.7853150851755061	0.5717649250467988	0.5380209823228282	
2.0	0.7273393879912817	0.5654805065224002	0.5627040534568308	0.29434031683026707	0.2929795798542474	0.849296611683245	0.6927816702045556	0.6731167608610454	0.5027287985294389	0.49528025569483985	0.2474716550013376	0.24388611529218873	0.8281320325511897	0.6632836387337111	0.6410695146787336	
4.0	0.766783085656625	0.6269821253704083	0.6261938892955412	0.3304250594082843	0.3300331831508134	0.8695984240023147	0.7377187572476119	0.7408499785669697	0.5870159069708728	0.5841943497774913	0.29189884628024243	0.2905263202812294	0.8585302797557481	0.7234770958435678	0.7111653759446277	
8.0	0.7903312251369071	0.6607327612712377	0.659737916336293	0.32687617337113417	0.3263983045290109	0.8848058581121597	0.7678817557880082	0.7792071784078003	0.6410657553701283	0.6390864444942647	0.3047931086414889	0.30386393903629627	0.8798795852125876	0.7617368408700309	0.7563733502288272	
16.0	0.8080050992372291	0.6858808621469125	0.6853315548528186	0.36444645435779954	0.36416890395504137	0.8949131108255728	0.7887915889917305	0.8051978279439019	0.6797909656830747	0.6790240781771407	0.3401184981896873	0.3397438467785202	0.8936341742725358	0.7872405492661851	0.7858409645732196	
