0.03125	0.17609393010680852	0.17735848119025244	0.15188279344968156	0.07318549803843766	0.06269636263267278	0.6515761401886138	0.10066782441996558	0.021485998094677123	0.07555899863252856	0.0715270596709278	0.0309578461077026	0.02930974866257401	0.6648868540289021	0.03211477994721745	0.04195713209062042	
0.0625	0.17346427683778365	0.18222531023813524	0.15584509394580878	0.0769773806906712	0.06586616308452553	0.6706220786891983	0.1491540603097728	0.04111281800121573	0.09693846324032919	0.08773500396557407	0.04056703419340461	0.03672220176972403	0.6672213232089339	0.0619159335721405	0.07831971503889668	
0.125	0.18257989358425158	0.16877041684997357	0.1455537163094642	0.07383044832974792	0.06368145333588449	0.6709610012070986	0.15706764447287344	0.07280543308235758	0.10863179841472267	0.09532791140631044	0.046858879360206496	0.041122101265624	0.6683747518589641	0.0821301086251212	0.10056010892334366	
0.25	0.4343566119678718	0.2974213349562017	0.27959663347102354	0.13696086684972744	0.12879156664941221	0.7298109380712228	0.38623104909570716	0.2482650191983189	0.20482208671174468	0.18784724487772192	0.09213392986741356	0.08451302363769064	0.6975064875763288	0.28442765142615506	0.27031060184171773	
0.5	0.6217668088043985	0.42828897364925894	0.42336050925851476	0.20155414848644454	0.1992678906285123	0.7865072209484069	0.5569684427948574	0.4503294724977346	0.310677615010709	0.29825584214679546	0.14219525290817475	0.136533791319688	0.7399192916959094	0.46851349584336033	0.42230266081336937	
1.0	0.6797261307558071	0.495472400714272	0.49278685693856356	0.24227890847368277	0.24096793855750379	0.817124247155574	0.6273878413654812	0.5754542311322653	0.4017391020697641	0.39211005035072033	0.18946317033221488	0.1849252626367691	0.78213418867947	0.5718318384356825	0.5344853462375531	
2.0	0.724609433953953	0.5620332792470514	0.5603603165629419	0.27785451647737436	0.2770556686190716	0.8441738808404932	0.6848893324802563	0.6711649962345287	0.4983113184498448	0.4922568509450567	0.23669619634931083	0.2338553640614828	0.8234469324401754	0.6558084304697654	0.6329851875035104	
4.0	0.768787597215525	0.6306231363344844	0.6299341689819655	0.31705830317699457	0.31672225827087813	0.8705363936612492	0.7398802353462036	0.742798393926958	0.5904694414388326	0.5877190730127453	0.28401581931849174	0.28271173914271175	0.8594153752492018	0.725607172699447	0.7132238948847232	
8.0	0.7892321417927335	0.6576555806881957	0.6567915617365448	0.3361691143982294	0.3357386962405906	0.8839924732480343	0.7663527157255011	0.7781274808408177	0.6381116925424809	0.6362607884123783	0.31079796158012957	0.3099093403254934	0.8790822384640867	0.7602181080414379	0.7548707464529121	
16.0	0.807860283445493	0.6849714260724122	0.6843580811893215	0.36900581581485925	0.36869468980668435	0.8949882978666723	0.7887973423434697	0.8050470914022718	0.6788540015311196	0.6780257608182756	0.3430180435177062	0.3426118070844719	0.8937047011068131	0.7872432233168265	0.7858401493188014	
