0.03125	0.06998337963312293	0.12310223191431122	0.09721662649663311	0.04938719037258256	0.03900699307452366	0.6622536816704144	0.058254060488817275	0.007848099382046513	0.05626593920883003	0.05175249722660204	0.022480513206753778	0.020678388584091982	0.6659151141668356	0.011956406916051359	0.025463594029088238	
0.0625	0.06861388378132288	0.06986177059309098	0.05566198807123561	0.02848695671713896	0.02269814205166951	0.6578009057473974	0.03773744028990578	0.015850981004418445	0.039386465483739495	0.03438463983821362	0.01597791427189669	0.01394905748287538	0.6646035687438461	0.011154013260479979	0.020594043492280216	
0.125	0.0830493859714452	0.052461669750910225	0.04277482842233696	0.02197333157664068	0.01791658738216745	0.653674568780075	0.036576121977726556	0.03290578032422213	0.03531528193632172	0.029933306797138414	0.014672781298900692	0.012437032823980551	0.662159015844729	0.014145956809050586	0.02430279807924243	
0.25	0.1271565883362491	0.07955154738051695	0.06779879020652005	0.03496319593200757	0.029811459143652574	0.6557781956778611	0.07467582727306865	0.07153296987210289	0.059330322844183506	0.05062720844461359	0.025692535190763238	0.021929440708562856	0.6614180339900213	0.04419864846085172	0.055929851786410655	
0.5	0.16689801189270614	0.12174165996043955	0.1060795689443764	0.054619009679295304	0.04759667151096059	0.6646931625946604	0.1248878804103684	0.11888176345583183	0.09929879467121985	0.0853993181068043	0.043754243826018745	0.037632029523347606	0.6658163195884172	0.09184150494781138	0.10343768948033813	
1.0	0.38108609464702103	0.25861303696194915	0.24293529947043452	0.1300324217456469	0.12234808148154448	0.7090023463323525	0.32880739244290763	0.3219567658435018	0.22321899264797032	0.20523306009734452	0.10689178531865022	0.09838102388233885	0.7009927144550632	0.29284731984359275	0.29105104841065405	
2.0	0.604492311386894	0.4180285233591513	0.41342479533343146	0.19962767853147012	0.19746544133807203	0.772712437144846	0.5317625134180743	0.561719865187939	0.37499307071241283	0.3666981757571782	0.17346279249261348	0.16965171525827344	0.7609354389778085	0.5088101268186168	0.4934300191617257	
4.0	0.7024879928210843	0.5327788885885576	0.5286319389362946	0.2631861483149459	0.26117371041388415	0.8371374197008343	0.6653120737499933	0.6788615281846784	0.5026561262773911	0.49592795677168944	0.2385355769923485	0.23536856500324826	0.8281365567872513	0.6523125754571812	0.6426478231939546	
8.0	0.7552181605396093	0.5998888551528703	0.5971315956533758	0.28809948857425344	0.2867984014857119	0.8669918016628797	0.7286820675203604	0.7446172310510819	0.5835169006763785	0.5794487147013646	0.2712454743079519	0.26937540365582074	0.8625475046078117	0.7228187852372543	0.7180886091157292	
16.0	0.7910810596621464	0.6538211662066759	0.6526500520541697	0.3250781746084305	0.3244960039853587	0.8862227697001988	0.7698954152713181	0.7883410503559916	0.6483039443758463	0.6468284090321561	0.30962864527131123	0.3089228571177414	0.8850067877322774	0.7683805032802549	0.7670642729221232	
