0.03125	0.0	0.33956348783034423	0.20676714078139352	0.1255408402633829	0.07644440539584368	0.6663725379621314	0.0	0.0	0.17061765116231525	0.13893775908576994	0.06307850673200634	0.05136630049167773	0.6663459379710702	-0.001524059441929558	0.0	
0.0625	0.0	0.32982817716466534	0.1962271521292489	0.12175919978546942	0.07243912936446587	0.6659462477560061	0.0	0.0	0.20428760138067953	0.1490902002488101	0.07541409924758521	0.055037679942131226	0.6663459379710702	-0.0006915798115428232	0.0	
0.125	0.0	0.3228986559759194	0.18883913011963896	0.11910348202016338	0.06965467854055918	0.6651432704126157	0.0	0.0	0.23535058298337042	0.1568562251746856	0.08681029345443805	0.05785729575616122	0.6663459379710702	-0.002312884918375142	0.0	
0.25	0.0	0.3188153887708702	0.1845305003114481	0.11754718094634767	0.06803636723060875	0.6654121989750734	0.0	0.0	0.25875043519795615	0.162299373053132	0.09540098205019448	0.0598395960566685	0.6663459379710702	-0.0023750471330515645	0.0	
0.5	0.0	0.31601015758943213	0.18159085433275718	0.11648260416375344	0.06693511411194508	0.6656050926070302	0.0	0.0	0.2775272108390013	0.16679070528350232	0.10229742252849568	0.06147959500744915	0.6663459379710702	-0.002572371652948785	0.0	
1.0	0.0	0.3139436553708543	0.17943593771793948	0.11570140778933877	0.06612967099404904	0.6653862964291224	0.0	0.0	0.29321947036353085	0.17111115068473468	0.10806349820779663	0.06306153499510611	0.6663459379710702	-0.005272282596007488	0.0	
2.0	0.0	0.31287436665620516	0.17832449691024713	0.11529676935276659	0.06571403929150181	0.6657333619763208	0.0	0.0	0.3031310311946127	0.1741355131988987	0.11170610509600394	0.06417026994343651	0.6663459379710702	-0.005016334941884577	0.0	
4.0	0.0	0.31240833347067626	0.1778408550298561	0.11512028060602668	0.06553310830147843	0.6660166623858826	0.0	0.0	0.3081103677958893	0.17586461406868448	0.1135363514327294	0.0648047868376498	0.6663459379710702	-0.0039607844746072	0.0	
8.0	0.0	0.3121900160047636	0.1776144463516455	0.11503762047756394	0.06544841996193751	0.6661581733704705	0.0	0.0	0.31067655018933554	0.1768829780663071	0.11447977417487035	0.0651787957444574	0.6663459379710702	-0.0034111388559491043	0.0	
16.0	0.0	0.3120923296654312	0.17751317373017622	0.11500047637898725	0.06541044941937388	0.6662973087851303	0.0	0.0	0.3117970372517448	0.17735037268041098	0.11489151235649844	0.0653503725255082	0.6663459379710702	-0.0018247266928636645	0.0	
