0.03125	0.07030601516175466	0.11270644623898116	0.08911823554798762	0.04517163300596849	0.03571877404572016	0.6617976450518501	0.05615431362553798	0.007937349845392924	0.05172011086640874	0.04758420229646195	0.020650222013686607	0.01899903450365	0.6658745271865393	0.011662239010253128	0.024662582569372735	
0.0625	0.07304343112397806	0.0901620898499083	0.07200919952459257	0.03686812066329453	0.02944527893032478	0.6601249030911236	0.05249876186035083	0.01682601714012113	0.050606235211940256	0.044233763341253236	0.020583283439506498	0.017991235636804836	0.6650982495538897	0.015725211336497784	0.02857397964994286	
0.125	0.0832105508130033	0.05399350611705234	0.044056989559081106	0.022674628067318174	0.018502724478732094	0.6539384039599925	0.037629942376685946	0.03292274013278837	0.03625020660806592	0.03074852170872503	0.015095157861435542	0.012804450653610269	0.662202883473723	0.014465764692732173	0.024813772987680005	
0.25	0.10878059847058683	0.06979774986508977	0.05852635742872135	0.030215369428022783	0.025342026232358185	0.6549499711289821	0.05944406457618957	0.06079593234601617	0.052519580315656914	0.04427068225342216	0.02245483973445196	0.01893088681509434	0.6609670007971933	0.033299038902670025	0.04472692733778965	
0.5	0.1744706550790131	0.12950097160946095	0.11258916642426678	0.058395777705999116	0.05076882545811029	0.6662522936645721	0.1368458860535179	0.12376070743432606	0.1055119452175374	0.09056843120551827	0.04668678139409218	0.040074134301765804	0.6668037821725834	0.10005335942377633	0.11307425255728243	
1.0	0.4116754240421372	0.2704940871206999	0.25608212111920803	0.13082676286238287	0.12395236536812342	0.7136612117150924	0.34976545375851353	0.34862605893306625	0.2324779886748572	0.21532971744619034	0.108495473655611	0.10054849454660642	0.7045806693281137	0.31336322935963123	0.3083135760708687	
2.0	0.6136652657635197	0.4343341215295779	0.4284932461400158	0.22405604127617199	0.2212369472144065	0.7840311887131938	0.5525687914709294	0.5694395239508291	0.390095928361198	0.380407682214177	0.19054421888412848	0.18594701910788747	0.7709959946007052	0.528517251570889	0.5132927126319385	
4.0	0.7114129500538938	0.5396660639474915	0.5354944463283292	0.2484071396848433	0.24648421290428937	0.8426242734904401	0.6762369732172382	0.6873993193673302	0.5096698867128324	0.5026750783494668	0.22908180871662695	0.22593981214484163	0.8333226979225452	0.66306221988118	0.6531818013060791	
8.0	0.7620946227125106	0.614733425773367	0.6125153983412754	0.29387806996114957	0.2928664108861737	0.8693995982844221	0.7351245041626209	0.7514521757294562	0.5973920147380665	0.5939996214078735	0.27647686426593676	0.2749508674956128	0.8648771960043691	0.7292295269952471	0.724288282638928	
16.0	0.7871381171272906	0.6549461748223826	0.6537388960049829	0.3278883243884855	0.32731525609186274	0.8832764923507401	0.7643265936378654	0.7844091317451978	0.6492707655406129	0.6477941462074945	0.3112704940737979	0.3105860303312081	0.8820598984207774	0.7628148241761861	0.7614736232269653	
