0.03125	0.19869139785115775	0.16082999164900708	0.13938377550607664	0.06558440601436986	0.05686349161256463	0.6316216417337047	0.07386580106507629	0.025351644996035944	0.0678394813901205	0.06443704455635131	0.02748886552929113	0.026114541611412884	0.663097071805983	0.02421359237266741	0.030349852313065417	
0.0625	0.16685486518518122	0.14332266108614733	0.12213552552798383	0.06012411690576974	0.051257157467336854	0.6570497678694174	0.10792881319019121	0.040283971493670565	0.07623901271113566	0.06894667662867873	0.03171437898763149	0.02868544736894495	0.6643633132343305	0.044437957637513584	0.05635165503696371	
0.125	0.16141378634421005	0.1400744404204613	0.12070783990315562	0.06126381047191021	0.05279871168044141	0.6625755486177416	0.1188071391241595	0.0647281453524373	0.09038189932848331	0.07928086083804495	0.038981883391042985	0.03419637768593189	0.6653801725071478	0.06102932165187237	0.07636137736206963	
0.25	0.3273205388766077	0.2090036712958634	0.19233190925668542	0.09386485202786046	0.08638506536540172	0.6908833279459399	0.2643877089323811	0.1876293925377764	0.1469934115272162	0.1326742907085039	0.06481302659478229	0.05850172399922434	0.6789136959653022	0.18925095587278945	0.18816848110816825	
0.5	0.5524388245088051	0.35582817742056894	0.3492824353757394	0.1684269743525021	0.16540817494258175	0.7467412304895655	0.4663521257825781	0.40283157211745885	0.2613553145836529	0.24914644217983448	0.1200726994642457	0.11451500889706501	0.7161439780245858	0.3915526530993438	0.3561265739511502	
1.0	0.6434628297820425	0.45252672910825587	0.4496632264501802	0.2279212569895787	0.22651518341709814	0.7940736441175079	0.5786243884753406	0.546387561213326	0.36805872343686746	0.3587713349751362	0.1768390519415222	0.1724007264220851	0.7647666363183601	0.5273843931862081	0.4937222101456169	
2.0	0.7083859641028105	0.5429169488414345	0.541732811778361	0.2774982695457163	0.27690416682374214	0.8325840027222583	0.6620603670748056	0.6566951303429964	0.480527372841714	0.4753078726726355	0.2340479600019715	0.2315215056672683	0.81319166426035	0.6339507588076309	0.6116583282982895	
4.0	0.7566505081695812	0.6131382448600988	0.6119840497149698	0.31089822774184084	0.3103219018005608	0.863978986469833	0.7256279242664919	0.7311182205538987	0.5749569294800286	0.5715317794930261	0.2786321480239634	0.2769855607304404	0.853271893104948	0.7116127745942342	0.6997077935275555	
8.0	0.78639777486234	0.6501467779769886	0.6486368448998756	0.3302374000361995	0.32951368856132496	0.8833110491686949	0.7640286548527968	0.7753067115174418	0.631246923514934	0.6286301594300159	0.30510640325213684	0.30387812972189215	0.8784386480941613	0.7579081942751302	0.7526691851553828	
16.0	0.8012868052775663	0.6733095779047733	0.672556374406633	0.3456886637049193	0.3453019561348588	0.8913642603251333	0.7811628713909137	0.798501139127261	0.6674992096771406	0.6664701348342067	0.326768670858302	0.3262648958518839	0.8901074102063177	0.7796241684158229	0.778258230736707	
