0.03125	0.2517712455533744	0.1035421076231126	0.0948644224756797	0.04356500719737308	0.0399677262537712	0.5917838269479402	0.05268606223029909	0.03508713457114709	0.04129916018099848	0.039865236603409314	0.01717569219984609	0.016586032019653644	0.660084054853767	0.018813104591632056	0.02086707776528631	
0.0625	0.2338808479949142	0.08181787114843739	0.07576871344393465	0.03663650292510319	0.03394661782036775	0.6257941644712062	0.07681497648853064	0.06004750103224672	0.04014187021488567	0.037783743592125815	0.01764453731088218	0.016610737261882013	0.6584085433971667	0.0376764089990151	0.037929656524809265	
0.125	0.18875120895169498	0.03299666738368107	0.03026042609841385	0.01669490732972556	0.015332430059486243	0.6178759435126034	0.027732763036078568	0.08087925247666362	0.020955004002779838	0.019122866200369543	0.010117085369577915	0.009237156848826627	0.6500748689645672	0.01538234926676893	0.018128828413402777	
0.25	0.1906607186925572	0.03674867446690097	0.03366867190810352	0.018714468312148392	0.017151788357244672	0.6223300810738646	0.03716890989130796	0.11145071151020822	0.026822819167444036	0.02412981449267217	0.013036124937462182	0.011729242629867489	0.6449840459410272	0.025027122507945254	0.02776522508064399	
0.5	0.2125643363068928	0.05964923213010036	0.055330502834799886	0.031230662795774577	0.02898440452474228	0.629142946981187	0.0681635665629093	0.15471952746443593	0.047364947432125534	0.042876619327887416	0.023489975296615517	0.02127057804851202	0.6425921913428431	0.05344592408525637	0.055680061893899666	
1.0	0.2187254012121012	0.08533252122336102	0.07830305260017281	0.04472350698802241	0.041062019754193615	0.6428381418766624	0.10223245720884919	0.18561273033565667	0.07628956233088588	0.06865918376721239	0.037843896595097	0.03407127181905521	0.6484658354325806	0.0883663250021369	0.09231328292533116	
2.0	0.27847846767966433	0.16480029642264718	0.15052574211921382	0.07904974462645335	0.07220212873887116	0.6774963523445436	0.2158335520211992	0.2578776206495965	0.15506671088553464	0.13980826348628858	0.07209768345086223	0.06500345798522503	0.6770405019651596	0.20213784275632732	0.20501415085529473	
4.0	0.3504166366530278	0.23121808063467447	0.21675446236659518	0.11853753588954774	0.11116050995243812	0.6998746798444553	0.29515376001681115	0.33876810411416186	0.22353526963973863	0.20784913521930712	0.10910752999413428	0.10147415827115662	0.6987117193767753	0.2875688416795491	0.28798649062705045	
8.0	0.48708857754573937	0.35091115972510406	0.33779222241536605	0.18718122241046423	0.1801705691610728	0.7520920153953311	0.4480080081354658	0.4802652706297745	0.3447225678845428	0.33045922942912614	0.17310875321976582	0.1659405481228754	0.7505086845787099	0.44381335431011043	0.4428811069853957	
16.0	0.6412360787347015	0.47414746797169965	0.46822804590348105	0.2514598058242982	0.24833161980651203	0.8093202195910681	0.5985721306726843	0.6390705921052379	0.4710202113724146	0.46467891889457197	0.23583765825967196	0.23266798752267515	0.8085846082626469	0.5973539031802898	0.5965825840794399	
