0.03125	0.7848484848484849	0.10619970210814518	0.09962891205485683	0.06441337538093844	0.06042798975508425	0.5446808510638298	0.4851734442143981	0.050531243346308395	0.1313422436876299	0.1301897089078261	0.11052954448234573	0.10945757883513754	0.6263148549048905	0.17015071036840818	0.1886134256836741	
0.0625	0.6602630074328187	0.13024668161116398	0.11877348233508807	0.08149319480951786	0.07400523030545852	0.38389233954451346	0.28584990711911	0.05467559645884697	0.1345576796435895	0.13393945446944866	0.10449868985393784	0.10407512592678096	0.6267110153846579	0.12650411835072237	0.18145171816933456	
0.125	0.3807230130446805	0.2718082345931292	0.24987939953236843	0.16308004482983715	0.1499995094404031	0.4196296294950422	0.1620134288311203	0.06580929616907931	0.18090122116294102	0.17469371373499848	0.10818749958558752	0.1046838721539359	0.6267834822802769	0.05217525788564452	0.16185145727923433	
0.25	0.31259744906379966	0.32446275142749303	0.28447172563933126	0.18361947081159383	0.1613894655907016	0.5235375665034318	0.204178666929809	0.14080006880838827	0.23351382094051581	0.21235766219780966	0.12304459414318222	0.1121148729898149	0.6337517007478284	0.052842649623187056	0.1896827561806576	
0.5	0.32919474478916977	0.42676664321077495	0.37856335836518673	0.23854955674408598	0.21231912181240586	0.600230806790632	0.30336269529355897	0.23999312758115526	0.36172307087469446	0.3231134192595286	0.1873544433453974	0.16760454823804513	0.6612985452852536	0.15578776211051282	0.29378320619940146	
1.0	0.29779544296988225	0.3139909403206621	0.28422462947120464	0.18185546070264674	0.16481009272654037	0.6211086333364401	0.2492196380057467	0.27689715964959893	0.3303874139327955	0.29746752619756733	0.17540896978716808	0.15801911131069907	0.6517676750526876	0.18066451385966037	0.2590174733806111	
2.0	0.46028767842604096	0.4713504640843186	0.44961585177586316	0.3278280814313948	0.31304856111496127	0.7018111973674884	0.4230698957632496	0.44479466832376263	0.46195944568814673	0.43745181576993825	0.2922376451341275	0.2772191544153418	0.7090699808204322	0.3944455502401999	0.42044760104201534	
4.0	0.747192207312717	0.7462710800415976	0.7340251972630689	0.6710868867373454	0.6636530158925777	0.8708158559808294	0.7456223307109481	0.747192207312717	0.7462710800415976	0.7340251972630689	0.6710868867373454	0.6636530158925777	0.8708158559808294	0.7456223307109481	0.7456223307109481	
8.0	0.988608776844071	0.9777743340686378	0.9777671897728162	0.9777743340686378	0.9777671897728162	0.9928277483833039	0.9870138733195046	0.988608776844071	0.9777743340686378	0.9777671897728162	0.9777743340686378	0.9777671897728162	0.9928277483833039	0.9870138733195046	0.9870138733195046	
16.0	0.988608776844071	0.9777743340686378	0.9777671897728162	0.9777743340686378	0.9777671897728162	0.9928277483833039	0.9870138733195046	0.988608776844071	0.9777743340686378	0.9777671897728162	0.9777743340686378	0.9777671897728162	0.9928277483833039	0.9870138733195046	0.9870138733195046	
32.0	1.0	1.0	1.0	1.0	1.0	1.0	1.0	1.0	1.0	1.0	1.0	1.0	1.0	1.0	1.0	
64.0	1.0	1.0	1.0	1.0	1.0	1.0	1.0	1.0	1.0	1.0	1.0	1.0	1.0	1.0	1.0	
128.0	1.0	1.0	1.0	1.0	1.0	1.0	1.0	1.0	1.0	1.0	1.0	1.0	1.0	1.0	1.0	
256.0	1.0	1.0	1.0	1.0	1.0	1.0	1.0	1.0	1.0	1.0	1.0	1.0	1.0	1.0	1.0	
512.0	1.0	1.0	1.0	1.0	1.0	1.0	1.0	1.0	1.0	1.0	1.0	1.0	1.0	1.0	1.0	
