0.03125	0.26554621848739496	0.13180369113458773	0.10865663120912147	0.0757883221880059	0.06435925661928574	0.1863157894736842	0.010327955589886442	0.017872574528433764	0.12421946324071742	0.12214232847757475	0.07336925110681097	0.07232748235589173	0.6190638487194322	-0.05424932820050972	0.08329058214102605	
0.0625	0.2392913922325687	0.1509335744373494	0.12201832781132751	0.08987843348773339	0.07464044444466725	0.21963740458015266	-0.0017765950634896055	0.02240400695257008	0.12828670702408945	0.1259929395695884	0.07363010925783385	0.07255531133734272	0.6195479346932758	-0.06854545295642736	0.08196381736293995	
0.125	0.22955794205794203	0.20701303456859535	0.15812546269345407	0.09273837662169618	0.0722485494570624	0.3784032851557586	-0.011415170244578067	0.04602118778844933	0.1698803462834835	0.15739969146357038	0.09072140717910152	0.08532214715846545	0.6224095066061534	-0.014875112407089396	0.09177988611343575	
0.25	0.2225249310980492	0.3120381686778585	0.2574582307248586	0.1668801337400144	0.1398224666480017	0.5033365216127675	0.1156093349552401	0.10061242553117475	0.23225829429936545	0.20332517597653207	0.11651762608526324	0.10305004137674487	0.6263087330775237	-0.01381776593116687	0.12974583742643384	
0.5	0.049206349206349205	0.32911324344145376	0.22320424705121203	0.1334404004237278	0.09220460809506503	0.5298826112425937	0.016527939566031186	0.03767361111111111	0.29853280278479405	0.21897441203832776	0.11976499280544398	0.0887679950260822	0.6146305340154475	-0.17100874104969116	0.022975480785026803	
1.0	0.0	0.3819789604879553	0.25470088392910295	0.14545665145250064	0.0969880314966877	0.5814248422262438	0.0	0.0	0.38837455147649425	0.26551313442792485	0.14780874782741313	0.1010507176436671	0.6151592823141706	-0.1749557639832303	0.0	
2.0	0.3508765750579898	0.5012862370481186	0.45616655387060445	0.28728513465299593	0.2616671519135365	0.6855858206906148	0.38563414217905423	0.33922437137054057	0.4927467401223655	0.44660656045395664	0.2691666870978835	0.24428632092550417	0.6942248608009407	0.3485864640099724	0.3832884046353313	
4.0	0.4566666798180127	0.6580066895688689	0.6142405506232143	0.40890218128609207	0.38237034271588816	0.7444757410842467	0.5127955712465853	0.4566666798180127	0.6580066895688689	0.6142405506232143	0.40890218128609207	0.38237034271588816	0.7444757410842467	0.5127955712465853	0.5127955712465853	
8.0	0.8338725023786869	0.9031334752928164	0.891841269412643	0.817204626330349	0.8091134072517594	0.9175067506750676	0.8481136890233634	0.8338725023786869	0.9031334752928164	0.891841269412643	0.817204626330349	0.8091134072517594	0.9175067506750676	0.8481136890233634	0.8481136890233634	
16.0	1.0	1.0	1.0	1.0	1.0	1.0	1.0	1.0	1.0	1.0	1.0	1.0	1.0	1.0	1.0	
32.0	1.0	1.0	1.0	1.0	1.0	1.0	1.0	1.0	1.0	1.0	1.0	1.0	1.0	1.0	1.0	
64.0	1.0	1.0	1.0	1.0	1.0	1.0	1.0	1.0	1.0	1.0	1.0	1.0	1.0	1.0	1.0	
128.0	1.0	1.0	1.0	1.0	1.0	1.0	1.0	1.0	1.0	1.0	1.0	1.0	1.0	1.0	1.0	
256.0	1.0	1.0	1.0	1.0	1.0	1.0	1.0	1.0	1.0	1.0	1.0	1.0	1.0	1.0	1.0	
512.0	1.0	1.0	1.0	1.0	1.0	1.0	1.0	1.0	1.0	1.0	1.0	1.0	1.0	1.0	1.0	
