0.03125	0.39076903488668197	0.1398922690241465	0.13069852915209798	0.09810594229693978	0.09149760685232541	0.20468085106382977	0.0955013998042846	0.021862262818788086	0.12263585945568845	0.1216282567712766	0.0763941457144023	0.0757557940733732	0.6197823242114824	-0.012655884280432714	0.12732226072116432	
0.0625	0.3334315475761488	0.160420196374702	0.1431174787797615	0.1031134628876533	0.09144846598256404	0.23414553700267984	0.06427437087067459	0.025454260327507878	0.12736872854807063	0.1263600707591724	0.07555377817538778	0.07495585459717209	0.6201414949857206	-0.037441989867890144	0.12036061195269117	
0.125	0.27213007390142846	0.2518385382416832	0.2290472622985275	0.15040947545347602	0.13712107897637416	0.41454682545033095	0.13982050869359208	0.04359428154933409	0.16334377378656625	0.15568434566191633	0.08719025762016157	0.08313297727352299	0.6212217404018943	-0.025797016856049543	0.11986813559337572	
0.25	0.20769224006213416	0.28875980395606166	0.24193213009854633	0.1516245823274705	0.12684937408440225	0.5090041808715264	0.14216237122099046	0.09316992583443293	0.21631984995984554	0.192727087801989	0.10849101020095146	0.09676419809455519	0.6271501072321173	-0.013268067578598965	0.14541920349764514	
0.5	0.24008774494655052	0.3315262246976264	0.2843872726912352	0.17071987660422297	0.14645932243915222	0.5665975692879497	0.20517549692901618	0.17462269103624656	0.29619307640420606	0.25866274613406315	0.14545937790362362	0.12703238590270147	0.6403547220337156	0.05675887686985176	0.21199050915489254	
1.0	0.2836235282373161	0.383031276453446	0.3409307353343626	0.20782069537287637	0.18501424326704502	0.6339932896043614	0.2772263507213303	0.2630348389044522	0.39188906662287376	0.3478258531393239	0.19973471962795078	0.1773094627900082	0.6618801710549882	0.20400798578015644	0.28384946601529	
2.0	0.33018309638694754	0.43617086334725874	0.39705576027642436	0.24805622651561826	0.22596981678473088	0.6653690946549025	0.3278160198101706	0.31944537276307744	0.43301205522189623	0.39236955422627967	0.23519117773289536	0.21332322575434218	0.6761582572060666	0.2966988614926419	0.32909104661969174	
4.0	0.45427795094432455	0.6341256555004653	0.5921384874462691	0.38867532062260396	0.3637037765758818	0.7404819591291709	0.49825738356525556	0.45427795094432455	0.6341256555004653	0.5921384874462691	0.38867532062260396	0.3637037765758818	0.7404819591291709	0.49825738356525556	0.49825738356525556	
8.0	0.7372026641294006	0.8438151153731202	0.8242070110620766	0.7026342517309352	0.689521677962587	0.8711768619301387	0.7616596583639401	0.7372026641294006	0.8438151153731202	0.8242070110620766	0.7026342517309352	0.689521677962587	0.8711768619301387	0.7616596583639401	0.7616596583639401	
16.0	1.0	1.0	1.0	1.0	1.0	1.0	1.0	1.0	1.0	1.0	1.0	1.0	1.0	1.0	1.0	
32.0	1.0	1.0	1.0	1.0	1.0	1.0	1.0	1.0	1.0	1.0	1.0	1.0	1.0	1.0	1.0	
64.0	1.0	1.0	1.0	1.0	1.0	1.0	1.0	1.0	1.0	1.0	1.0	1.0	1.0	1.0	1.0	
128.0	1.0	1.0	1.0	1.0	1.0	1.0	1.0	1.0	1.0	1.0	1.0	1.0	1.0	1.0	1.0	
256.0	1.0	1.0	1.0	1.0	1.0	1.0	1.0	1.0	1.0	1.0	1.0	1.0	1.0	1.0	1.0	
512.0	1.0	1.0	1.0	1.0	1.0	1.0	1.0	1.0	1.0	1.0	1.0	1.0	1.0	1.0	1.0	
