0.03125	0.23685085252669733	0.1411942910575868	0.12379926626860072	0.08511699576011622	0.07424584780066341	0.1973333333333333	0.06583897045863896	0.01293174410840126	0.11986154727859773	0.11841511217028015	0.06715276985464443	0.0663903056375903	0.6178339726086046	-0.07397570746804698	0.09605400265120727	
0.0625	0.24156572494412246	0.17360245671389063	0.14586761339784418	0.10480382117921663	0.08769858040964451	0.23755089355089357	0.06792684721038085	0.01805706908151434	0.12805652541900656	0.12642327578989013	0.07176267401765343	0.0708786790531418	0.6187593472211241	-0.07281726613407626	0.10454339352544166	
0.125	0.2384218612484866	0.2618343485069943	0.23040761753789077	0.14500970358531104	0.1274760472355567	0.41498209707004463	0.1331100201804841	0.039752682482386656	0.1711596542765297	0.16271119488586708	0.09026200434588852	0.0858259981538829	0.6215929108218455	-0.026187315364735418	0.1222217126115861	
0.25	0.18347947756685076	0.3064421478470009	0.2518027877638202	0.15438424016294683	0.12670452611247737	0.509922212432142	0.14505009944627853	0.08151221377934639	0.22651323735633241	0.19962969351056753	0.10981256062088393	0.0968307132696863	0.626367829176422	-0.026754869155240286	0.14188679296025772	
0.5	0.18742976211053816	0.30194748831288887	0.2527381790352267	0.1492409556497687	0.12487060249033277	0.5562935901369903	0.16695513895246175	0.13584751940860565	0.278022236984863	0.23830776233701903	0.13245533589818165	0.11355254672923373	0.6338261758322132	0.011027286849871204	0.17897928551793157	
1.0	0.2022983096317182	0.32598386704284726	0.2802221821254394	0.16366649863831614	0.14073119806850123	0.6070615855258273	0.19347193970301862	0.18702876742474836	0.3407759894771699	0.293116337314321	0.16402262847751337	0.14112109407636328	0.6391744892407264	0.11266052620146934	0.20377706103191257	
2.0	0.2738868428796295	0.3368291037997522	0.30253945397164644	0.18217654842449704	0.16367020948440156	0.6329815479092826	0.23386806090106532	0.26507123482850253	0.3425132853486485	0.3065515787809886	0.1791132070658897	0.16039248834697192	0.6464762933163192	0.20588349008570486	0.23894724200634054	
4.0	0.3381617557355906	0.49326279966060094	0.4498167812302752	0.2769008814811234	0.2527666328885808	0.6897342710145956	0.36107376535106006	0.3381617557355906	0.49326279966060094	0.4498167812302752	0.2769008814811234	0.2527666328885808	0.6897342710145956	0.36107376535106006	0.36107376535106006	
8.0	0.48646797056294	0.6763617848967061	0.6348736959191652	0.43041629160346184	0.4053281011562523	0.756991689030061	0.5378708079377833	0.48646797056294	0.6763617848967061	0.6348736959191652	0.43041629160346184	0.4053281011562523	0.756991689030061	0.5378708079377833	0.5378708079377833	
16.0	0.6173168411037108	0.7674548086016036	0.7413162152366665	0.5499053998134636	0.5311762792531298	0.8069620341212811	0.6462054244001524	0.6173168411037108	0.7674548086016036	0.7413162152366665	0.5499053998134636	0.5311762792531298	0.8069620341212811	0.6462054244001524	0.6462054244001524	
32.0	1.0	1.0	1.0	1.0	1.0	1.0	1.0	1.0	1.0	1.0	1.0	1.0	1.0	1.0	1.0	
64.0	1.0	1.0	1.0	1.0	1.0	1.0	1.0	1.0	1.0	1.0	1.0	1.0	1.0	1.0	1.0	
128.0	1.0	1.0	1.0	1.0	1.0	1.0	1.0	1.0	1.0	1.0	1.0	1.0	1.0	1.0	1.0	
256.0	1.0	1.0	1.0	1.0	1.0	1.0	1.0	1.0	1.0	1.0	1.0	1.0	1.0	1.0	1.0	
512.0	1.0	1.0	1.0	1.0	1.0	1.0	1.0	1.0	1.0	1.0	1.0	1.0	1.0	1.0	1.0	
