0.03125	0.239786683904331	0.11260663749713888	0.09134035909777048	0.05659126855055707	0.04704298450793474	0.16160990712074302	-0.025923792368260635	0.014241904820146084	0.11941689633291815	0.11704714627571336	0.06608113528872539	0.06488400094447318	0.6178632827035682	-0.07740106086814283	0.07060496679616574	
0.0625	0.21353185764950472	0.13173652079990056	0.10470205569997651	0.07068137985028457	0.05732417233331625	0.1949315222272115	-0.03802834302163668	0.0187733372442824	0.1234841401162902	0.12089775736772701	0.06634199343974827	0.06511182992592417	0.6183473686774118	-0.09169718562406047	0.06927820201807963	
0.125	0.1608655712103988	0.21592536661186962	0.16471347741356848	0.09757807601012093	0.07576501645664974	0.3812984474490057	-0.012036381042048825	0.03128660586056203	0.16727771113684023	0.1537303781973532	0.0824755931336063	0.07655245081269066	0.6191884465039748	-0.06108573862622348	0.07057359740719882	
0.25	0.19241360061479526	0.30704203020957754	0.24599927715108422	0.15759915709539135	0.12836917864582145	0.49885867181946725	0.10963765809556518	0.08625603160572064	0.2316588019736267	0.20005989823719966	0.11274886468185555	0.09832547011768641	0.6241355009085165	-0.033408489568371544	0.12211549545047018	
0.5	0.0438388625592417	0.34311947276411014	0.23455104545586983	0.13923490515653425	0.09670631821374294	0.5348900173208792	0.02691588009902045	0.03321364452423699	0.3089100735269055	0.22736544207692458	0.12393015859793363	0.0920273781225918	0.6172985897659559	-0.1665506576430015	0.02995520349297922	
1.0	0.0	0.3819789604879553	0.25470088392910295	0.14545665145250064	0.0969880314966877	0.5814248422262438	0.0	0.0	0.38837455147649425	0.26551313442792485	0.14780874782741313	0.1010507176436671	0.6151592823141706	-0.1749557639832303	0.0	
2.0	0.3503972747040839	0.49684057817666183	0.45105527965598213	0.28174780349952855	0.25616619448232236	0.6868580432092075	0.3881767038001485	0.3394091716247485	0.49148002533167484	0.4444727494436601	0.2657215198540084	0.2406963158857609	0.6962888600731822	0.35236355072873665	0.387046099448836	
4.0	0.44758404561735005	0.6433713019920113	0.5981456197067525	0.3932811449263089	0.36660997829062797	0.7419151951919095	0.5052001030846661	0.44758404561735005	0.6433713019920113	0.5981456197067525	0.3932811449263089	0.36660997829062797	0.7419151951919095	0.5052001030846661	0.5052001030846661	
8.0	0.8028544243577546	0.8800522524942826	0.8631485374203735	0.7698602774593662	0.7596076560039937	0.905743179256619	0.8240371161116024	0.8028544243577546	0.8800522524942826	0.8631485374203735	0.7698602774593662	0.7596076560039937	0.905743179256619	0.8240371161116024	0.8240371161116024	
16.0	1.0	1.0	1.0	1.0	1.0	1.0	1.0	1.0	1.0	1.0	1.0	1.0	1.0	1.0	1.0	
32.0	1.0	1.0	1.0	1.0	1.0	1.0	1.0	1.0	1.0	1.0	1.0	1.0	1.0	1.0	1.0	
64.0	1.0	1.0	1.0	1.0	1.0	1.0	1.0	1.0	1.0	1.0	1.0	1.0	1.0	1.0	1.0	
128.0	1.0	1.0	1.0	1.0	1.0	1.0	1.0	1.0	1.0	1.0	1.0	1.0	1.0	1.0	1.0	
256.0	1.0	1.0	1.0	1.0	1.0	1.0	1.0	1.0	1.0	1.0	1.0	1.0	1.0	1.0	1.0	
512.0	1.0	1.0	1.0	1.0	1.0	1.0	1.0	1.0	1.0	1.0	1.0	1.0	1.0	1.0	1.0	
