0.03125	0.23121976063152533	0.1270395995592466	0.11054335454580447	0.07152888877733402	0.06207160176891498	0.18518518518518517	0.02687273724069735	0.01369328948604973	0.11883432642734855	0.11756892066135867	0.06676461679479213	0.06606877847016918	0.6179179395009233	-0.07567135150566966	0.09116577775235826	
0.0625	0.23583616932128967	0.16849245318515615	0.13988016925567176	0.09662621562576293	0.07983535741542713	0.23173218691367872	0.05026557398871245	0.018059953351603545	0.12761593437837643	0.1259652783862053	0.07054354174178781	0.06964997977982285	0.6187607173590252	-0.07601075746278275	0.10100661553308887	
0.125	0.2291631485129937	0.30864732650552645	0.2684315215017403	0.16590186029364845	0.14430183401826985	0.4294515071784854	0.17706479475601708	0.03624265837704613	0.18702146595215652	0.17684966968897828	0.09503103723379511	0.08987064096748396	0.6220475039148441	-0.027890272971751274	0.13064943771064585	
0.25	0.19364397614287016	0.32175171619461945	0.2681288490205375	0.16247574696176964	0.1352634100840885	0.5050555975517923	0.1320285057570083	0.086625996219181	0.23759391246246983	0.2100321414472602	0.11549603962518962	0.10213008432186403	0.6259708325315951	-0.025784074621526848	0.13901912696993962	
0.5	0.1833301519832426	0.36292153124184595	0.29987770068033615	0.17486484703818617	0.14447787390616396	0.5624727882751481	0.18905093559372918	0.13234346882465212	0.3208217089391351	0.27267434941679	0.149716392233552	0.12726483696316826	0.6368981213240261	0.01992078671491143	0.19418051158697205	
1.0	0.27054698203575445	0.4197045926117612	0.37143962846638356	0.2243836182952362	0.19872376216108684	0.6338723137279516	0.27968429940092066	0.2506654337449881	0.42849263601947324	0.37738400249929877	0.21554057383814737	0.18990948282019932	0.6635530251516573	0.20181970537062668	0.28706554442827137	
2.0	0.34814669418283434	0.49482249338317635	0.450589487394371	0.28217981955193816	0.2573168561627103	0.6832795261485399	0.3768030479674936	0.33784109894306646	0.4920947109719086	0.446505973861586	0.26974333741381434	0.24518806838258095	0.693650778443831	0.3418071611362211	0.37699347422273616	
4.0	0.472878000906058	0.628297161134491	0.5927907509954989	0.4092668769428845	0.3869972253280035	0.7457184906159171	0.5053827286278763	0.472878000906058	0.628297161134491	0.5927907509954989	0.4092668769428845	0.3869972253280035	0.7457184906159171	0.5053827286278763	0.5053827286278763	
8.0	0.9046887007260882	0.9291010249850572	0.9233942299748307	0.8862046462357744	0.8821135237437476	0.9512435899674623	0.9103978130146316	0.9046887007260882	0.9291010249850572	0.9233942299748307	0.8862046462357744	0.8821135237437476	0.9512435899674623	0.9103978130146316	0.9103978130146316	
16.0	1.0	1.0	1.0	1.0	1.0	1.0	1.0	1.0	1.0	1.0	1.0	1.0	1.0	1.0	1.0	
32.0	0.988608776844071	0.9777743340686378	0.9777671897728162	0.9777743340686378	0.9777671897728162	0.9928277483833039	0.9870138733195046	0.988608776844071	0.9777743340686378	0.9777671897728162	0.9777743340686378	0.9777671897728162	0.9928277483833039	0.9870138733195046	0.9870138733195046	
64.0	1.0	1.0	1.0	1.0	1.0	1.0	1.0	1.0	1.0	1.0	1.0	1.0	1.0	1.0	1.0	
128.0	0.7058011615382604	0.5663201205199335	0.5661463311428144	0.5655860925444955	0.5654366320599279	0.7998016081134802	0.6021892911558274	0.7058011615382604	0.5663201205199335	0.5661463311428144	0.5655860925444955	0.5654366320599279	0.7998016081134802	0.6021892911558274	0.6021892911558274	
256.0	0.55579058699101	0.0	0.0	0.0	0.0	0.0	0.0	0.55579058699101	0.0	0.0	0.0	0.0	0.0	0.0	0.0	
512.0	0.55579058699101	0.0	0.0	0.0	0.0	0.0	0.0	0.55579058699101	0.0	0.0	0.0	0.0	0.0	0.0	0.0	
