0.03125	0.405589508530685	0.1257373805359239	0.11781542311491995	0.08395105380871716	0.07861450081514738	0.18678611422172453	0.06459966421945258	0.022996499841636295	0.12187312744920711	0.12088191907385874	0.07874895253326011	0.0781203659603458	0.6198537995362411	-0.009622550776563748	0.12609932571864657	
0.0625	0.39044126055224837	0.15335970926967354	0.13939721457630738	0.10359272290735114	0.09393808665261369	0.22853383458646617	0.07049975547830571	0.02886284030597866	0.12751987833525627	0.12654126653752568	0.0800993597045164	0.07951863869826095	0.6207607313952118	-0.016072500301693556	0.13084987239244633	
0.125	0.31293728436925605	0.2312794034831899	0.21395207360332594	0.14297124387810212	0.13226825107279255	0.40625056307120444	0.12359648817243377	0.0524139009432931	0.15888896575724282	0.15284560252109908	0.09061273143816542	0.08719303664787177	0.6221733370273822	-0.0042083265360294735	0.126951166709426	
0.25	0.24184485146484702	0.3110596841118469	0.26269166609243355	0.1640527088327163	0.13859341775222855	0.5160984576614811	0.17296664809778514	0.109294001269857	0.22944405800346585	0.20495519919859367	0.11517708889047529	0.1030496055391433	0.6304131160133044	0.015210071459793254	0.16859805165585254	
0.5	0.2456751117571711	0.3610284747889836	0.31009745660005283	0.18672307450988107	0.1604110558971976	0.5750499816641268	0.23054748018601248	0.17858812885583383	0.31791897236099315	0.2775801613263078	0.15652147248350795	0.13666648094470552	0.6453866894735839	0.07351460707920583	0.23118654987372178	
1.0	0.2737655709854862	0.3908232262440221	0.3491959163054267	0.21840758796145282	0.1953992727202816	0.6301501687104212	0.26281221944294375	0.25360011195719684	0.39834289323687166	0.35450143586663085	0.20664073222606333	0.18404720476443057	0.6592749960042711	0.18821098005024817	0.270134493676064	
2.0	0.37965214606107456	0.47236105037814535	0.4348159582577159	0.26946394756237874	0.2486986115346716	0.6869484069506452	0.37870601663936426	0.36792871780624753	0.46770487208296363	0.4287376664972557	0.2572168894673547	0.23659316370913058	0.6965375991182916	0.3451344926677947	0.37800433399495353	
4.0	0.5432782600936799	0.684245137353036	0.6490601728149825	0.48630012884457985	0.46563247905170113	0.7815267616994032	0.5768182677395097	0.5432782600936799	0.684245137353036	0.6490601728149825	0.48630012884457985	0.46563247905170113	0.7815267616994032	0.5768182677395097	0.5768182677395097	
8.0	0.8346336822074214	0.903345880698628	0.892101161909385	0.8173568214541482	0.8092996283630584	0.9178060720573711	0.8487112867904123	0.8346336822074214	0.903345880698628	0.892101161909385	0.8173568214541482	0.8092996283630584	0.9178060720573711	0.8487112867904123	0.8487112867904123	
16.0	1.0	1.0	1.0	1.0	1.0	1.0	1.0	1.0	1.0	1.0	1.0	1.0	1.0	1.0	1.0	
32.0	1.0	1.0	1.0	1.0	1.0	1.0	1.0	1.0	1.0	1.0	1.0	1.0	1.0	1.0	1.0	
64.0	1.0	1.0	1.0	1.0	1.0	1.0	1.0	1.0	1.0	1.0	1.0	1.0	1.0	1.0	1.0	
128.0	1.0	1.0	1.0	1.0	1.0	1.0	1.0	1.0	1.0	1.0	1.0	1.0	1.0	1.0	1.0	
256.0	1.0	1.0	1.0	1.0	1.0	1.0	1.0	1.0	1.0	1.0	1.0	1.0	1.0	1.0	1.0	
512.0	1.0	1.0	1.0	1.0	1.0	1.0	1.0	1.0	1.0	1.0	1.0	1.0	1.0	1.0	1.0	
