0.03125	0.1	0.17748591962365157	0.1447179127916141	0.09586721895293257	0.08032275238129592	0.20621931260229137	0.08517344421439817	0.004560573161905227	0.11866291778098445	0.11590876350710291	0.05602986243482124	0.05484690089061942	0.6160427333382957	-0.13805051762430195	0.03732425035245447	
0.0625	0.10420557779048345	0.19940846505700066	0.15337384424129832	0.10366967086774355	0.08066411166921453	0.23508935508935508	0.052530840031990836	0.00759554507733255	0.12629953403100252	0.122877887585033	0.0604312623766633	0.058895434768623335	0.6164628861282473	-0.14010863024457823	0.04887259744304815	
0.125	0.17491985263736848	0.27605603325013744	0.2357526715444293	0.1454266293921416	0.12456776540578848	0.41387904310710066	0.12001224875371379	0.027495754551054796	0.17330778414934797	0.16283294461463355	0.08567536617981239	0.08050567943650976	0.6195181283755066	-0.06395918352973154	0.09964940153242727	
0.25	0.13165748126166302	0.32701534883423866	0.2554517212492762	0.1505260529880744	0.11752793813137194	0.5100390271340294	0.14483750254788827	0.05816472806093216	0.23884499710365895	0.204983029235455	0.1075682243863004	0.09232717377894817	0.6248374246975168	-0.05703332764891905	0.1317915137477966	
0.5	0.11210937200088689	0.2971101270449178	0.2324889635632351	0.1317462192379712	0.10310646025746362	0.546652972855838	0.12754164866721993	0.08120143791747211	0.2736577467156831	0.2237595276005492	0.11939784563436522	0.09763186870320766	0.6259976847312455	-0.06062033169719615	0.13595552787784937	
1.0	0.09562325994496783	0.3078270337060449	0.24251699295998635	0.13258917935703213	0.1044653134101488	0.592691952778099	0.1264793594593043	0.08821936238610067	0.3239400937837795	0.2577224455681575	0.13789586593253106	0.10971361820735133	0.6257549093596417	0.009463200459703423	0.13351359971618806	
2.0	0.099769339372795	0.3363388414853153	0.26714365983774907	0.14470857051750202	0.11495637275140272	0.6157285263128336	0.1479720818046324	0.09628233474061454	0.3388017619027199	0.26977499961700097	0.14466993841369533	0.11520728206165698	0.6286558379010234	0.09486803382084039	0.1499112286655091	
4.0	0.08023574710771755	0.354690658263749	0.2773643565324539	0.14838171656314272	0.11603777782731002	0.6266511138080133	0.13723479694570861	0.08023574710771755	0.354690658263749	0.2773643565324539	0.14838171656314272	0.11603777782731002	0.6266511138080133	0.13723479694570861	0.13723479694570861	
8.0	0.06849708470145731	0.3703562433576948	0.28480328624274864	0.1525331926948049	0.11732210277513691	0.6272336686801848	0.1399445647868729	0.06849708470145731	0.3703562433576948	0.28480328624274864	0.1525331926948049	0.11732210277513691	0.6272336686801848	0.1399445647868729	0.1399445647868729	
16.0	0.1156802505948616	0.44646646290528114	0.3446849613884419	0.21626656643258685	0.1756119167793076	0.6477855481624873	0.13278477655663518	0.1156802505948616	0.44646646290528114	0.3446849613884419	0.21626656643258685	0.1756119167793076	0.6477855481624873	0.13278477655663518	0.13278477655663518	
32.0	0.2784015223596575	0.5694925653953	0.49158240477942367	0.3193704310916393	0.2836010922877311	0.6961561093217936	0.31633518723140697	0.2784015223596575	0.5694925653953	0.49158240477942367	0.3193704310916393	0.2836010922877311	0.6961561093217936	0.31633518723140697	0.31633518723140697	
64.0	0.4083729781160799	0.6514126570369869	0.5954306236711533	0.4107047984137946	0.3812017155159725	0.7361598359274473	0.4503898650008725	0.4083729781160799	0.6514126570369869	0.5954306236711533	0.4107047984137946	0.3812017155159725	0.7361598359274473	0.4503898650008725	0.4503898650008725	
128.0	0.5705560064424555	0.4539800727492584	0.4368811206060437	0.32529093650141033	0.3130390019127942	0.47524752475247534	0.3701518190853813	0.5705560064424555	0.4539800727492584	0.4368811206060437	0.32529093650141033	0.3130390019127942	0.47524752475247534	0.3701518190853813	0.3701518190853813	
256.0	0.5369823278591223	0.53680460768681	0.5112125563864633	0.48839902367071397	0.4784203964540222	0.7462972174815128	0.468896804007885	0.5369823278591223	0.53680460768681	0.5112125563864633	0.48839902367071397	0.4784203964540222	0.7462972174815128	0.468896804007885	0.468896804007885	
512.0	0.5028113850767841	0.3169143323236469	0.3165421967817295	0.3169143323236469	0.3165421967817295	0.6322512184588809	0.3033435792181226	0.5028113850767841	0.3169143323236469	0.3165421967817295	0.3169143323236469	0.3165421967817295	0.6322512184588809	0.3033435792181226	0.3033435792181226	
