0.03125	0.4798319327731092	0.1257373805359239	0.11781542311491995	0.08395105380871716	0.07861450081514738	0.18678611422172453	0.06459966421945258	0.03098888804334895	0.125244999450751	0.1245859284556986	0.08501193065513528	0.08456702848779969	0.6218237775779606	0.03236105345381199	0.1431991893346588	
0.0625	0.46357978869077654	0.1456673267201433	0.1335330871094598	0.09808088995770127	0.08973625571342164	0.22090972111128887	0.05192115386921407	0.03684305574032006	0.1295761332505477	0.1289523496193875	0.0855643757271377	0.08518110178402935	0.6225255580037989	0.02273637246051343	0.14463016017338193	
0.125	0.38444516010305485	0.22468160118949948	0.2097929761086128	0.13964850727585346	0.13031409329572247	0.4052678780694118	0.12664907636449782	0.06736460622147429	0.16212363598776383	0.15717855626423544	0.0992292414570454	0.09634962948322258	0.6255500399166593	0.043516054866177614	0.14873254378305492	
0.25	0.2531498334750704	0.30156406733270813	0.25916579655295324	0.16352460324026943	0.1406831622791524	0.5059951285592488	0.14744723399721188	0.11443845149776288	0.22276735718623372	0.2004975389025468	0.11381057696062155	0.10255826288375698	0.6276852607041477	0.006608643871318998	0.1545434365350905	
0.5	0.2603416185121003	0.36861423436286156	0.32012931637491154	0.19393492963526718	0.168522748461076	0.5736059604382495	0.22420001603185521	0.18966288764866038	0.3227639929010756	0.2838990771648719	0.1608523795264296	0.1415106313965846	0.6448519331745511	0.07696389231206925	0.22801054713578858	
1.0	0.2522523467410493	0.3418446854224487	0.30416156212994044	0.1877078793314058	0.1673817442183454	0.6201420705473419	0.22625192466187202	0.2340889651969606	0.3559698511256395	0.3155767265792663	0.1821645365805084	0.16172155387192194	0.6509108676854002	0.15317093184518746	0.2363464217056744	
2.0	0.3602964274529747	0.4844837435650686	0.44469196134174077	0.2837692523853871	0.26066595041487406	0.6819557252013562	0.3733607769261923	0.34876966908382895	0.48109070429193607	0.4395120723582101	0.26790196601519595	0.2449464762297308	0.6920048916862741	0.341868009237008	0.3736522549204251	
4.0	0.4294899886795336	0.6284489764033107	0.5834558312114908	0.3832869660343642	0.3568474866097107	0.7343339141187847	0.48388823077479975	0.4294899886795336	0.6284489764033107	0.5834558312114908	0.3832869660343642	0.3568474866097107	0.7343339141187847	0.48388823077479975	0.48388823077479975	
8.0	0.8492863939105615	0.9077653517561501	0.8974699012243466	0.8205235108430374	0.8131464981805367	0.9237967914438503	0.8604100137661597	0.8492863939105615	0.9077653517561501	0.8974699012243466	0.8205235108430374	0.8131464981805367	0.9237967914438503	0.8604100137661597	0.8604100137661597	
16.0	1.0	1.0	1.0	1.0	1.0	1.0	1.0	1.0	1.0	1.0	1.0	1.0	1.0	1.0	1.0	
32.0	1.0	1.0	1.0	1.0	1.0	1.0	1.0	1.0	1.0	1.0	1.0	1.0	1.0	1.0	1.0	
64.0	1.0	1.0	1.0	1.0	1.0	1.0	1.0	1.0	1.0	1.0	1.0	1.0	1.0	1.0	1.0	
128.0	1.0	1.0	1.0	1.0	1.0	1.0	1.0	1.0	1.0	1.0	1.0	1.0	1.0	1.0	1.0	
256.0	1.0	1.0	1.0	1.0	1.0	1.0	1.0	1.0	1.0	1.0	1.0	1.0	1.0	1.0	1.0	
512.0	1.0	1.0	1.0	1.0	1.0	1.0	1.0	1.0	1.0	1.0	1.0	1.0	1.0	1.0	1.0	
