0.03125	0.2141456582633053	0.11471545993135657	0.09199190306369397	0.053993281701482966	0.04361119348135751	0.16441102756892229	-0.03475240234284579	0.012921693715135471	0.1195782242745139	0.11722260464931022	0.0648197101484113	0.06363270074780279	0.6176464218249643	-0.08644150416123739	0.0656843451134391	
0.0625	0.18479500891265593	0.1376078594162982	0.10803204441891903	0.07077935365228291	0.055811570835919234	0.20063668307943114	-0.04025097633512793	0.017080251221694882	0.1242548589854097	0.12165689418994463	0.06545018258072806	0.06421454860375576	0.6181409834195574	-0.10116237951010536	0.06480650424958063	
0.125	0.13135557909427256	0.22403502017469273	0.17004637460107808	0.10121739905984754	0.07805998808413815	0.3843778379862952	-0.00735527273159157	0.02505682931253283	0.1670226539124406	0.1526850214589363	0.07889641121836437	0.07266252400813861	0.618058264453037	-0.08006768751716783	0.06149374785911643	
0.25	0.18196933050430203	0.33815842835772125	0.269676491706403	0.1695236754169648	0.13644971865982308	0.5159620155133775	0.1462394961935904	0.0800921145517247	0.24549534157394404	0.21203265777387803	0.11756388125617105	0.10228400095291783	0.6278774169740604	-0.022546712656284006	0.1379319523507571	
0.5	0.03627684964200477	0.34119442872024924	0.23188866184179396	0.13659042694610063	0.09387965009295274	0.5335948167949095	0.020854457843759163	0.027436823104693142	0.30759625821649783	0.225538569214283	0.12225492519677608	0.09022529449090282	0.6163145789044688	-0.1734185875832702	0.02446935040473239	
1.0	0.0	0.3819789604879553	0.25470088392910295	0.14545665145250064	0.0969880314966877	0.5814248422262438	0.0	0.0	0.38837455147649425	0.26551313442792485	0.14780874782741313	0.1010507176436671	0.6151592823141706	-0.1749557639832303	0.0	
2.0	0.30595460276735165	0.4691112064591986	0.4193445371973553	0.25406561624200513	0.2271912231445991	0.671968087438327	0.3490825351026626	0.29604584575841975	0.46373458068391066	0.413277991649149	0.24202940111897742	0.21583997978339342	0.6816957776970585	0.31132195434148874	0.34813427775887806	
4.0	0.42840239573455685	0.6219090084941608	0.5772537157390365	0.38031596269516366	0.3539354239113133	0.7329257369639617	0.482668566908852	0.42840239573455685	0.6219090084941608	0.5772537157390365	0.38031596269516366	0.3539354239113133	0.7329257369639617	0.482668566908852	0.482668566908852	
8.0	0.637488106565176	0.7854368534401168	0.7574446567359593	0.5977410617871184	0.5795787488986908	0.8241432340905142	0.6729700642864139	0.637488106565176	0.7854368534401168	0.7574446567359593	0.5977410617871184	0.5795787488986908	0.8241432340905142	0.6729700642864139	0.6729700642864139	
16.0	0.9010751755439355	0.9222032857357215	0.9155272920308711	0.8308687425993977	0.8260851840806787	0.9494129925813095	0.9071962380316073	0.9010751755439355	0.9222032857357215	0.9155272920308711	0.8308687425993977	0.8260851840806787	0.9494129925813095	0.9071962380316073	0.9071962380316073	
32.0	1.0	1.0	1.0	1.0	1.0	1.0	1.0	1.0	1.0	1.0	1.0	1.0	1.0	1.0	1.0	
64.0	1.0	1.0	1.0	1.0	1.0	1.0	1.0	1.0	1.0	1.0	1.0	1.0	1.0	1.0	1.0	
128.0	1.0	1.0	1.0	1.0	1.0	1.0	1.0	1.0	1.0	1.0	1.0	1.0	1.0	1.0	1.0	
256.0	1.0	1.0	1.0	1.0	1.0	1.0	1.0	1.0	1.0	1.0	1.0	1.0	1.0	1.0	1.0	
512.0	1.0	1.0	1.0	1.0	1.0	1.0	1.0	1.0	1.0	1.0	1.0	1.0	1.0	1.0	1.0	
