0.03125	0.6789661319073085	0.10619970210814518	0.09962891205485683	0.06441337538093844	0.06042798975508425	0.3446808510638298	0.28517344421439816	0.0368300064290867	0.12574994409440668	0.12441474776373132	0.09437678483331659	0.09318098038390903	0.6228193380872673	0.10094265606754685	0.16601880646771724	
0.0625	0.5796058797168675	0.1347328857584476	0.12456594957580595	0.09240788727460722	0.08486266475246199	0.19091575091575091	0.10377162003497757	0.04362336616414183	0.13007266602123557	0.12938646364108247	0.09156810047594263	0.09108069805360867	0.6238652741840878	0.07110648607802963	0.16632937259863287	
0.125	0.33223816455983196	0.2718082345931292	0.24987939953236843	0.16308004482983712	0.1499995094404031	0.4196296294950422	0.1620134288311203	0.055152778566795777	0.17678537876703712	0.169844969159454	0.1002964972474826	0.09641981078392202	0.6240690769328291	0.015882928388886258	0.14592401018359313	
0.25	0.2922464203374985	0.32963668826875925	0.28679737896019497	0.1840662306764141	0.16001564683108713	0.5195875605995874	0.17966299149805914	0.1312020422153529	0.22811034110040737	0.20787293026126444	0.11853799333652366	0.10807540190434642	0.6304263061520697	0.03253251775301004	0.16937178931141694	
0.5	0.23382183556854214	0.3142278893709095	0.26983817037866786	0.16433791509826715	0.14122641688127366	0.5525245947342755	0.16999438034874872	0.17117325305470646	0.28186863834180437	0.24696486451502886	0.1397906123919943	0.12249963113332825	0.6327420181505085	0.03188037421403124	0.18549211807919655	
1.0	0.22873590751763376	0.2881802724697858	0.25425495015367783	0.15493697831887415	0.13675977551921487	0.6029579616133208	0.1844616958831967	0.2116413715118207	0.3083587694237521	0.2709982637751921	0.15568893611991794	0.13685265110167016	0.6357085509465393	0.11050316983156586	0.19645330527228708	
2.0	0.2695185627842897	0.3797552389987125	0.3398984314175148	0.20399611433188208	0.1826320538467016	0.6380284450461723	0.24324824824473595	0.26146381707798155	0.38109166504989833	0.34006981745678366	0.19820962665676006	0.1769952410053309	0.650668579671834	0.21254275295876351	0.24722096514620978	
4.0	0.34513963534173697	0.4576182705097557	0.4212256892481161	0.2661571002372342	0.24517752053534864	0.6862720877073372	0.3488026316230271	0.34513963534173697	0.4576182705097557	0.4212256892481161	0.2661571002372342	0.24517752053534864	0.6862720877073372	0.3488026316230271	0.3488026316230271	
8.0	0.3259889355527018	0.5071456913238827	0.45545469772331304	0.2690928168449372	0.24176928082088828	0.6924431944897157	0.3798753778210016	0.3259889355527018	0.5071456913238827	0.45545469772331304	0.2690928168449372	0.24176928082088828	0.6924431944897157	0.3798753778210016	0.3798753778210016	
16.0	0.32562742648127313	0.4888378922252361	0.4428878103908612	0.2671618830562129	0.24229245272976305	0.6867246179494195	0.35613693573995603	0.32562742648127313	0.4888378922252361	0.4428878103908612	0.2671618830562129	0.24229245272976305	0.6867246179494195	0.35613693573995603	0.35613693573995603	
32.0	0.40358122211386693	0.5844254431248034	0.5391798028762198	0.3379067282173161	0.31197824835879484	0.7203734057991431	0.45267943021704965	0.40358122211386693	0.5844254431248034	0.5391798028762198	0.3379067282173161	0.31197824835879484	0.7203734057991431	0.45267943021704965	0.45267943021704965	
64.0	0.4202686339362893	0.6480695944756018	0.5964144862606595	0.3714117543600613	0.34197543035760025	0.7323192457718167	0.4872765802062554	0.4202686339362893	0.6480695944756018	0.5964144862606595	0.3714117543600613	0.34197543035760025	0.7323192457718167	0.4872765802062554	0.4872765802062554	
128.0	0.3347963083948515	0.590429302479604	0.5251276035357793	0.3016200005811992	0.26941692032352205	0.7052809405843883	0.4192106780734429	0.3347963083948515	0.590429302479604	0.5251276035357793	0.3016200005811992	0.26941692032352205	0.7052809405843883	0.4192106780734429	0.4192106780734429	
256.0	0.27098001902949576	0.5611819641704562	0.4790509239669386	0.25079045439884984	0.21428248683393072	0.6870787631128699	0.3754147151260936	0.27098001902949576	0.5611819641704562	0.4790509239669386	0.25079045439884984	0.21428248683393072	0.6870787631128699	0.3754147151260936	0.3754147151260936	
512.0	0.23786869647954328	0.5373202681383059	0.44811071904269645	0.22892570746551325	0.1909767546781291	0.6773936062148597	0.347912149365024	0.23786869647954328	0.5373202681383059	0.44811071904269645	0.22892570746551325	0.1909767546781291	0.6773936062148597	0.347912149365024	0.347912149365024	
