0.03125	0.240266106442577	0.13047311549765883	0.11493977592353359	0.07743493778526936	0.06789774557269665	0.18933333333333333	0.04466946058835268	0.014071712854414909	0.11914424057871072	0.11789888652830482	0.06780415437067445	0.06711831242385306	0.6180081222396464	-0.07216064389014101	0.09534312434213899	
0.0625	0.24009513670882834	0.17360245671389063	0.14586761339784415	0.10480382117921663	0.08769858040964451	0.23755089355089357	0.06792684721038085	0.017866774124330707	0.1279858383694347	0.12633962688112158	0.07172388014232722	0.07083277155866305	0.6187133419190131	-0.073779415553824	0.10403356052432552	
0.125	0.20434442166021113	0.25822999967283705	0.22366616150550955	0.13743640444140415	0.1189563898353336	0.4103971079079221	0.11704989367822027	0.033696523663485245	0.169295657558799	0.15988377245704044	0.085655766430249	0.08090475725545968	0.6203131075380556	-0.04641167927161598	0.11026743916312123	
0.25	0.18479206281648577	0.3073817178036261	0.25178971517880333	0.15370393048001746	0.1259773230474765	0.5106410087896947	0.15163225196152363	0.08110519501813451	0.22722067524748862	0.1995989404814486	0.10928771910754302	0.09608096158155843	0.62646213739494	-0.027907084830523086	0.14435584085248687	
0.5	0.1849313649763129	0.33156153175164815	0.2750974000639901	0.1611491457025653	0.13369837657930178	0.5618450673434012	0.18692544785130488	0.13430726056387135	0.2982600173169575	0.2542693892801331	0.14017817854646397	0.11950909581724345	0.6365478492169325	0.018549323825118494	0.19208573725969333	
1.0	0.22155167951111016	0.34495393742488023	0.29898941362225245	0.17477525398156035	0.15156874900497957	0.6118071083815751	0.2105458673103679	0.20516685600476778	0.36021221860862185	0.3119721682728508	0.17480528039965426	0.15146796076423102	0.6436035869935123	0.13314466460013002	0.2210707800084407	
2.0	0.3140370220600045	0.38751556447134666	0.3541695555244188	0.22257950269594157	0.20374381821875026	0.6556145312813646	0.29312930166002343	0.30544433629119255	0.39183805335145294	0.3566758971733418	0.2149306023902149	0.1959816062272386	0.6681944965713393	0.2627294002374974	0.2969656844255796	
4.0	0.3168665197937675	0.3683696502039405	0.3416102456630483	0.22044176751016406	0.20450055609418066	0.6605988738578445	0.2716291666973243	0.3168665197937675	0.3683696502039405	0.3416102456630483	0.22044176751016406	0.20450055609418066	0.6605988738578445	0.2716291666973243	0.2716291666973243	
8.0	0.6590642418473969	0.7142222119581756	0.6968490644267802	0.6044682247882439	0.593567609530752	0.8317172195787691	0.6583011759146956	0.6590642418473969	0.7142222119581756	0.6968490644267802	0.6044682247882439	0.593567609530752	0.8317172195787691	0.6583011759146956	0.6583011759146956	
16.0	0.977217553688142	0.9555486681372753	0.9555343795456324	0.9555486681372753	0.9555343795456324	0.9856554967666078	0.9740277466390094	0.977217553688142	0.9555486681372753	0.9555343795456324	0.9555486681372753	0.9555343795456324	0.9856554967666078	0.9740277466390094	0.9740277466390094	
32.0	0.977217553688142	0.9555486681372753	0.9555343795456324	0.9555486681372753	0.9555343795456324	0.9856554967666078	0.9740277466390094	0.977217553688142	0.9555486681372753	0.9555343795456324	0.9555486681372753	0.9555343795456324	0.9856554967666078	0.9740277466390094	0.9740277466390094	
64.0	0.8753602495586753	0.8102959531266863	0.8101234241991666	0.8102959531266863	0.8101234241991666	0.9197731999041933	0.8524387183347099	0.8753602495586753	0.8102959531266863	0.8101234241991666	0.8102959531266863	0.8101234241991666	0.9197731999041933	0.8524387183347099	0.8524387183347099	
128.0	0.4239585560172931	0.046332801704949696	0.04630092521025022	0.046332801704949696	0.04630092521025022	0.4005921132010635	0.05177382596006179	0.4239585560172931	0.046332801704949696	0.04630092521025022	0.046332801704949696	0.04630092521025022	0.4005921132010635	0.05177382596006179	0.05177382596006179	
256.0	0.55579058699101	0.0	0.0	0.0	0.0	0.0	0.0	0.55579058699101	0.0	0.0	0.0	0.0	0.0	0.0	0.0	
512.0	0.55579058699101	0.0	0.0	0.0	0.0	0.0	0.0	0.55579058699101	0.0	0.0	0.0	0.0	0.0	0.0	0.0	
