0.03125	0.3505494505494505	0.30345866777249725	0.2921590538825325	0.21743763692400356	0.20934110977444936	0.3166666666666667	0.23357924609024167	0.005708848715509038	0.16298597112750973	0.16179189463545074	0.0988559885918727	0.09813174458939683	0.6165138943447647	-0.026074885035944982	0.12465864175248391	
0.0625	0.24301354565125402	0.4464170617969897	0.39645610471385506	0.23338605814601654	0.2072286883517492	0.5410181055876965	0.2682987211937569	0.013697261144137135	0.2003573819086591	0.19549820441001733	0.1003919334593566	0.09801034750704289	0.6182170023385181	0.03694945974777895	0.1178957753389159	
0.125	0.2593709640048889	0.5130419427734705	0.4406344936186654	0.2577263076084132	0.2212408833078666	0.6090105278066226	0.3246768056849526	0.04070143480229113	0.2679936951089508	0.24894899305118035	0.1291568644011441	0.12000182253301132	0.6245547371099052	0.07996683419583983	0.16822416668668114	
0.25	0.2366933743495565	0.4800077442209685	0.4126490974229001	0.23994372177955542	0.20651365846649697	0.6191298644057008	0.27778431168022577	0.08092056994265788	0.2992296156557722	0.26478442432361227	0.14321435600456228	0.12683353270995779	0.6311385502771775	0.1033094699960115	0.182705755189302	
0.5	0.287251602690658	0.4973963769687357	0.44098612046370905	0.25489092539401315	0.226213001261543	0.6728958747731859	0.33222370640805565	0.18870712067989112	0.38597404473238317	0.3356061929022788	0.18850076760492782	0.1639730441181377	0.6536764073306601	0.24108546518526763	0.264007866978727	
1.0	0.3192841690597177	0.5459859428332837	0.4866817097717524	0.285511525386445	0.25464109506743715	0.6946876895749433	0.39196110490608727	0.2682843672675571	0.4807206374534153	0.42028791441454205	0.23827282149418189	0.20839315676746967	0.6810306001232325	0.3423356941243919	0.35372402216126014	
2.0	0.37223503431317984	0.5796307400065349	0.5253004496580154	0.3143003923180254	0.28489603884368386	0.7123747233676485	0.43922326012137425	0.35677652539860677	0.5563981951258478	0.4999875742732464	0.28736324009398134	0.25831576928251687	0.7089580433153151	0.42298046720046906	0.42813858308253616	
4.0	0.3593754273741003	0.5615022318600726	0.5076019754831217	0.30436936305143636	0.2752206808540622	0.7069532403824362	0.4248204891609979	0.3581859769761514	0.5611698096664588	0.5068625944790076	0.3006835601648124	0.27166643071452096	0.7080709481535542	0.4205082994371837	0.4247553219903023	
8.0	0.3687085553577358	0.5527818917035248	0.5021324556639166	0.3033731343889623	0.2755761345288253	0.7100414612132852	0.4290821529834002	0.3687085553577358	0.5527818917035248	0.5021324556639166	0.3033731343889623	0.2755761345288253	0.7100414612132852	0.4290821529834002	0.4290821529834002	
16.0	0.3751978364555207	0.5676678994334419	0.5161387849631088	0.31378128140251127	0.2855177205352448	0.7129141534443549	0.4365732136463875	0.3751978364555207	0.5676678994334419	0.5161387849631088	0.31378128140251127	0.2855177205352448	0.7129141534443549	0.4365732136463875	0.4365732136463875	
32.0	0.3925917642156591	0.5683921449551802	0.5216608403679549	0.32595295057647056	0.2993461807729152	0.717475451253758	0.44599568080747654	0.3925917642156591	0.5683921449551802	0.5216608403679549	0.32595295057647056	0.2993461807729152	0.717475451253758	0.44599568080747654	0.44599568080747654	
64.0	0.3770608161069546	0.5817848492014679	0.5294929544728383	0.32267303464985864	0.29391988509954026	0.7141467252131293	0.4391602285385229	0.3770608161069546	0.5817848492014679	0.5294929544728383	0.32267303464985864	0.29391988509954026	0.7141467252131293	0.4391602285385229	0.4391602285385229	
128.0	0.3514581373471308	0.5552964977804289	0.5000647149226074	0.2971362102194406	0.26767798089694894	0.7061978064526817	0.42055656235610234	0.3514581373471308	0.5552964977804289	0.5000647149226074	0.2971362102194406	0.26767798089694894	0.7061978064526817	0.42055656235610234	0.42055656235610234	
256.0	0.37945781153638564	0.5818904247604314	0.5287596056225465	0.31934823604022033	0.29018942426214195	0.7161862611563079	0.44703838821989345	0.37945781153638564	0.5818904247604314	0.5287596056225465	0.31934823604022033	0.29018942426214195	0.7161862611563079	0.44703838821989345	0.44703838821989345	
512.0	0.3897818909024073	0.5890567284729511	0.5385165048072634	0.3342382493119115	0.3059033578658132	0.7195884643068264	0.4535678726509068	0.3897818909024073	0.5890567284729511	0.5385165048072634	0.3342382493119115	0.3059033578658132	0.7195884643068264	0.4535678726509068	0.4535678726509068	
