0.03125	0.0	0.21681363654202954	0.18168816490879758	0.10241551008060179	0.0858234121318097	0.25953488372093025	0.0	0.0	0.14708765597365453	0.1469875858762478	0.06860419742712155	0.06855708185055844	0.6151592823141706	-0.15437493461974097	0.0	
0.0625	0.0	0.37809848888526265	0.29285190128949085	0.15825774281533417	0.12252692620032819	0.49877515214649926	0.0	0.0	0.18534445481717454	0.17540227520292603	0.07722012974063439	0.07309268691523135	0.6151592823141706	-0.05769316678212255	0.0	
0.125	0.0	0.4124283559130034	0.29274855941669636	0.16481025619059558	0.11692890537394718	0.5481337654499431	0.0	0.0	0.23642466297789883	0.20345492686446023	0.09411465493427817	0.08100239531547777	0.6151592823141706	-0.06197937961562498	0.0	
0.25	0.0	0.4017192331584196	0.27827836430599523	0.15638617269763477	0.10832579756800931	0.5708620175467092	0.0	0.0	0.2738814035537033	0.2135942781989047	0.10643566945384844	0.08301674732888077	0.6151592823141706	-0.05783579478095798	0.0	
0.5	0.0	0.39882106597734235	0.2744803692571005	0.15271422661313855	0.10510210432078873	0.6106350997330245	0.0	0.0	0.3346207800402562	0.2370635990706753	0.1280253864612157	0.09070153302769769	0.6151592823141706	-0.007268950818718372	0.0	
1.0	0.0	0.39393409392864237	0.2686773555743572	0.15011476410353936	0.10238364613426276	0.6139957801957004	0.0	0.0	0.3642779211049647	0.24988674010429088	0.13872845195745714	0.09516482674249435	0.6151592823141706	-0.0014038303406049557	0.0	
2.0	0.0	0.39082281495877313	0.2650074925435789	0.14860075895810804	0.10076256784186961	0.6135374931535081	0.0	0.0	0.38261630060237095	0.25950840533604014	0.14541675426368433	0.0986285204503841	0.6151592823141706	-0.009085430738305773	0.0	
4.0	0.07572992700729927	0.40831643602158146	0.3005858864037775	0.17700155708779527	0.13449219780713784	0.6305831766823744	0.07904904008210259	0.07572992700729927	0.4086941359389029	0.30102946134672953	0.17712944712790463	0.13465019025234065	0.6321538459305966	0.06109466297040426	0.07904904008210259	
8.0	0.1655670916020502	0.4603231416940834	0.3689515337722986	0.22613304123985228	0.18783036153247784	0.656981829810218	0.17945048168621844	0.1655670916020502	0.4603231416940834	0.3689515337722986	0.22613304123985228	0.18783036153247784	0.656981829810218	0.17945048168621844	0.17945048168621844	
16.0	0.3280314545143731	0.5302965706066162	0.47153281016495435	0.29744096122181957	0.26811251999340013	0.6993745846365772	0.3612873075047813	0.3280314545143731	0.5302965706066162	0.47153281016495435	0.29744096122181957	0.26811251999340013	0.6993745846365772	0.3612873075047813	0.3612873075047813	
32.0	0.43585062813003983	0.6129771275826232	0.5694838406392785	0.36486037716904446	0.33909719452075593	0.732128727453077	0.4820761805631471	0.43585062813003983	0.6129771275826232	0.5694838406392785	0.36486037716904446	0.33909719452075593	0.732128727453077	0.4820761805631471	0.4820761805631471	
64.0	0.4303206365067598	0.5952554023982652	0.5526927494533754	0.3541898109250622	0.3290015272175655	0.729166189896543	0.4740794376953613	0.4303206365067598	0.5952554023982652	0.5526927494533754	0.3541898109250622	0.3290015272175655	0.729166189896543	0.4740794376953613	0.4740794376953613	
128.0	0.446311858076564	0.6163776356632269	0.5754263930749907	0.37385193399093025	0.3490137498078352	0.7344503335154405	0.48620615343151397	0.446311858076564	0.6163776356632269	0.5754263930749907	0.37385193399093025	0.3490137498078352	0.7344503335154405	0.48620615343151397	0.48620615343151397	
256.0	0.43581738435938916	0.6213352310996973	0.5768671093556091	0.36947438335791727	0.34318339148279486	0.7325872929120001	0.4836499603636065	0.43581738435938916	0.6213352310996973	0.5768671093556091	0.36947438335791727	0.34318339148279486	0.7325872929120001	0.4836499603636065	0.4836499603636065	
512.0	0.4278514704327655	0.6189622574614013	0.5738739689949686	0.36796995937279836	0.34128408554305845	0.7297423072870799	0.4770013980139988	0.4278514704327655	0.6189622574614013	0.5738739689949686	0.36796995937279836	0.34128408554305845	0.7297423072870799	0.4770013980139988	0.4770013980139988	
