0.03125	0.3505494505494505	0.30345866777249725	0.2921590538825325	0.21743763692400356	0.20934110977444936	0.3166666666666667	0.23357924609024167	0.005708848715509038	0.16298597112750973	0.16179189463545074	0.0988559885918727	0.09813174458939683	0.6165138943447647	-0.026074885035944982	0.12465864175248391	
0.0625	0.22786203049973888	0.4464170617969897	0.39645610471385506	0.23338605814601654	0.2072286883517492	0.5410181055876965	0.2682987211937569	0.012745786358218963	0.19955654260200248	0.19461961415717252	0.09909299473026302	0.09667485858472975	0.6179898425150862	0.02930978568054212	0.11346829523379706	
0.125	0.25172128064277033	0.5092923400369692	0.43577780732459404	0.25383611072518686	0.2171640346839238	0.6066061780300503	0.31710289503684697	0.03975176718595685	0.26725815008375015	0.2480250514343983	0.12820164894527641	0.11899039950928944	0.6243258701531733	0.07618351030814088	0.16507618616379122	
0.25	0.28029750691913125	0.49425809286894207	0.4310994255857268	0.2509527268316126	0.2190983449221012	0.6321901706978958	0.3144159272567103	0.0955282255215549	0.3047194131732697	0.2718973238293169	0.14763773772252947	0.13180896808865417	0.6349035486659289	0.13056074457382255	0.20235507387822657	
0.5	0.27135683454177134	0.4904252159350827	0.4320861535767758	0.2508036862945652	0.22118831018000606	0.6693232081420807	0.32431302862811906	0.177765314645473	0.38155598989683154	0.32992957811428725	0.1859266573615867	0.16086440222712303	0.6515237088869342	0.2328498691956571	0.2587270021633907	
1.0	0.3446108923120128	0.5083097668478078	0.4627281533674294	0.2847165278648758	0.2595805523155481	0.6919370220920739	0.37609787433573516	0.2906042656915901	0.4437965656578111	0.3954780020386669	0.2304847651377476	0.20558373641115688	0.6784908721963332	0.33238798012201026	0.3380345780459974	
2.0	0.3713702943069629	0.5201467224021026	0.47867521591893	0.29800000693599393	0.2745106570149962	0.6972439883539534	0.38944355776204853	0.35579462169169507	0.49731349966748395	0.4533060275181617	0.2660159085167303	0.2425864370721273	0.6943730505561456	0.3763870773031412	0.3792237841344433	
4.0	0.4336358965434239	0.5871712004696964	0.5480474739353438	0.3561373355851439	0.33240759591984637	0.7251398192577982	0.46374951521836805	0.4319296957306136	0.5850224656282579	0.5453141320561862	0.34705181951855113	0.3235356131611327	0.7257832289294246	0.4596559457646897	0.46314917657515126	
8.0	0.4647834286908753	0.6025097673075341	0.5667113108951176	0.38037008462631694	0.3580949127774562	0.7398278448489164	0.49612702636333783	0.4647834286908753	0.6025097673075341	0.5667113108951176	0.38037008462631694	0.3580949127774562	0.7398278448489164	0.49612702636333783	0.49612702636333783	
16.0	0.6000965410331478	0.664075490718377	0.6418997650534664	0.4641540143136533	0.44906515799223606	0.7931836793969653	0.6063281807206057	0.6000965410331478	0.664075490718377	0.6418997650534664	0.4641540143136533	0.44906515799223606	0.7931836793969653	0.6063281807206057	0.6063281807206057	
32.0	0.7760273663901313	0.7224418859873313	0.7179211516542665	0.6864202615095785	0.6831275563548207	0.8665428268724048	0.7510027191463213	0.7760273663901313	0.7224418859873313	0.7179211516542665	0.6864202615095785	0.6831275563548207	0.8665428268724048	0.7510027191463213	0.7510027191463213	
64.0	0.8230617237850133	0.7343688973743449	0.7341160444029817	0.7343688973743449	0.7341160444029817	0.8862144913757006	0.7907401182400089	0.8230617237850133	0.7343688973743449	0.7341160444029817	0.7343688973743449	0.7341160444029817	0.8862144913757006	0.7907401182400089	0.7907401182400089	
128.0	0.7948717948717948	0.7014035436329857	0.7010919626146093	0.7014035436329857	0.7010919626146093	0.867579908675799	0.7558655112685525	0.7948717948717948	0.7014035436329857	0.7010919626146093	0.7014035436329857	0.7010919626146093	0.867579908675799	0.7558655112685525	0.7558655112685525	
256.0	0.8131967042858133	0.7222040112629202	0.7219316512497067	0.7222040112629202	0.7219316512497067	0.879788014290108	0.7788057111674965	0.8131967042858133	0.7222040112629202	0.7219316512497067	0.7222040112629202	0.7219316512497067	0.879788014290108	0.7788057111674965	0.7788057111674965	
512.0	0.7948717948717948	0.7014035436329857	0.7010919626146093	0.7014035436329857	0.7010919626146093	0.867579908675799	0.7558655112685525	0.7948717948717948	0.7014035436329857	0.7010919626146093	0.7014035436329857	0.7010919626146093	0.867579908675799	0.7558655112685525	0.7558655112685525	
