0.03125	0.3505494505494505	0.30345866777249725	0.2921590538825325	0.21743763692400356	0.20934110977444936	0.3166666666666667	0.23357924609024167	0.005708848715509038	0.16298597112750973	0.16179189463545074	0.0988559885918727	0.09813174458939683	0.6165138943447647	-0.026074885035944982	0.12465864175248391	
0.0625	0.24604384868155704	0.4464170617969897	0.39645610471385506	0.23338605814601654	0.2072286883517492	0.5410181055876965	0.2682987211937569	0.01388755610132077	0.20042592783121999	0.19557234933521878	0.10042955225926482	0.09805103910475077	0.6182625346683694	0.038451111835929586	0.11868532833180193	
0.125	0.28066652054089103	0.5208194387563034	0.4506957151544128	0.264457338929388	0.22876939166279406	0.6153861154068248	0.3419762353177081	0.04450588821029671	0.269925424190049	0.25141731808672424	0.1310461009457162	0.12207231450218622	0.6254904465366666	0.09136368935197232	0.1759611646456905	
0.25	0.2499756066708995	0.4860284591049897	0.4197541930996017	0.24370914614087574	0.21057740581248394	0.6238816176523471	0.29178703890271457	0.08796421213627822	0.302172457962344	0.26814004896259525	0.14496459325507863	0.12870054214724164	0.633175598191716	0.11461727797697041	0.1922158045498248	
0.5	0.3217691890161708	0.5163250779344474	0.4622276307286023	0.2692729619651649	0.24119362973329284	0.685622887757719	0.36826407104040526	0.21058348135207558	0.39811173531834576	0.3487431563382639	0.19702241848525232	0.17263241201320753	0.6611252559897165	0.2726420590073041	0.2910858701625283	
1.0	0.3589275905502757	0.5351138352157151	0.4854198993445179	0.29417703239076454	0.2671935773267216	0.7025925322830222	0.40877681204909744	0.30209227386881327	0.4683562800203077	0.416143402469915	0.24032408675104655	0.21369865564422513	0.6872338118461323	0.3607950425517453	0.36746493235793387	
2.0	0.3910217218552001	0.5476573713777084	0.5028047615248735	0.3066379036532587	0.28160484453096923	0.7092308253890495	0.42473373930755987	0.3752918670290633	0.5250835621539236	0.47798134192519787	0.279390700943288	0.2545342160794045	0.7061057920583036	0.4100733660955016	0.41403032874355034	
4.0	0.4225835117696305	0.5668234846474969	0.5282153218767645	0.34379582208386	0.32037878764823496	0.719945416797638	0.45069820052356624	0.42114963179056664	0.5661441442805791	0.5270331738976312	0.3373844742625079	0.3141215041852571	0.7209120876672215	0.4468670654572014	0.4505217481359615	
8.0	0.3864909319122868	0.5367049258035491	0.4936501779237011	0.3060856776491957	0.28164618863142554	0.7080590454693488	0.4186975432714707	0.3864909319122868	0.5367049258035491	0.4936501779237011	0.3060856776491957	0.28164618863142554	0.7080590454693488	0.4186975432714707	0.4186975432714707	
16.0	0.4075960806641996	0.5633677772584387	0.5205483528524466	0.3280062041209559	0.30322289682179016	0.7173246938399359	0.44320969264478716	0.4075960806641996	0.5633677772584387	0.5205483528524466	0.3280062041209559	0.30322289682179016	0.7173246938399359	0.44320969264478716	0.44320969264478716	
32.0	0.4282731466517148	0.5770275217353932	0.5371957314986874	0.34373137363964723	0.32009590609589234	0.7238471163146553	0.45755607402060533	0.4282731466517148	0.5770275217353932	0.5371957314986874	0.34373137363964723	0.32009590609589234	0.7238471163146553	0.45755607402060533	0.45755607402060533	
64.0	0.4283908872145451	0.5660964860523026	0.5273655306045082	0.3371013653554399	0.3141335878624381	0.7227377294609522	0.4541855515701806	0.4283908872145451	0.5660964860523026	0.5273655306045082	0.3371013653554399	0.3141335878624381	0.7227377294609522	0.4541855515701806	0.4541855515701806	
128.0	0.42227750644085615	0.5716702932514337	0.5309819401792082	0.3391304728905843	0.3150691305506874	0.7243174418630439	0.46118023598815583	0.42227750644085615	0.5716702932514337	0.5309819401792082	0.3391304728905843	0.3150691305506874	0.7243174418630439	0.46118023598815583	0.46118023598815583	
256.0	0.42330254822226	0.5777278540340418	0.5358802123233035	0.33748930746640676	0.3131753835518098	0.7242412340025692	0.46014784539296905	0.42330254822226	0.5777278540340418	0.5358802123233035	0.33748930746640676	0.3131753835518098	0.7242412340025692	0.46014784539296905	0.46014784539296905	
512.0	0.4349211522097297	0.5942164293948237	0.5527640196240344	0.3536876833903936	0.32912702345488637	0.7295123000119981	0.4736226639587807	0.4349211522097297	0.5942164293948237	0.5527640196240344	0.3536876833903936	0.32912702345488637	0.7295123000119981	0.4736226639587807	0.4736226639587807	
