0.03125	0.0	0.21681363654202954	0.18168816490879758	0.10241551008060179	0.0858234121318097	0.25953488372093025	0.0	0.0	0.14708765597365453	0.1469875858762478	0.06860419742712155	0.06855708185055844	0.6151592823141706	-0.15437493461974097	0.0	
0.0625	0.0	0.37809848888526265	0.29285190128949085	0.15825774281533417	0.12252692620032819	0.49877515214649926	0.0	0.0	0.18534445481717454	0.17540227520292603	0.07722012974063439	0.07309268691523135	0.6151592823141706	-0.05769316678212255	0.0	
0.125	0.0	0.4124283559130034	0.29274855941669636	0.16481025619059558	0.11692890537394718	0.5481337654499431	0.0	0.0	0.23642466297789883	0.20345492686446023	0.09411465493427817	0.08100239531547777	0.6151592823141706	-0.06197937961562498	0.0	
0.25	0.0	0.4017192331584196	0.27827836430599523	0.15638617269763477	0.10832579756800931	0.5708620175467092	0.0	0.0	0.2738814035537033	0.2135942781989047	0.10643566945384844	0.08301674732888077	0.6151592823141706	-0.05783579478095798	0.0	
0.5	0.0	0.39882106597734235	0.2744803692571005	0.15271422661313855	0.10510210432078873	0.6106350997330245	0.0	0.0	0.3346207800402562	0.2370635990706753	0.1280253864612157	0.09070153302769769	0.6151592823141706	-0.007268950818718372	0.0	
1.0	0.0	0.39393409392864237	0.2686773555743572	0.15011476410353936	0.10238364613426276	0.6139957801957004	0.0	0.0	0.3642779211049647	0.24988674010429088	0.13872845195745714	0.09516482674249435	0.6151592823141706	-0.0014038303406049557	0.0	
2.0	0.0	0.39082281495877313	0.2650074925435789	0.14860075895810804	0.10076256784186961	0.6135374931535081	0.0	0.0	0.38261630060237095	0.25950840533604014	0.14541675426368433	0.0986285204503841	0.6151592823141706	-0.009085430738305773	0.0	
4.0	0.07572992700729927	0.40831643602158146	0.3005858864037775	0.17700155708779527	0.13449219780713784	0.6305831766823744	0.07904904008210259	0.07572992700729927	0.4086941359389029	0.30102946134672953	0.17712944712790463	0.13465019025234065	0.6321538459305966	0.06109466297040426	0.07904904008210259	
8.0	0.1655670916020502	0.4603231416940834	0.3689515337722986	0.22613304123985228	0.18783036153247784	0.656981829810218	0.17945048168621844	0.1655670916020502	0.4603231416940834	0.3689515337722986	0.22613304123985228	0.18783036153247784	0.656981829810218	0.17945048168621844	0.17945048168621844	
16.0	0.33009038494004506	0.5535016627540602	0.4925717853260433	0.3115155610707013	0.28087330347753314	0.7023360437396046	0.3702528903905518	0.33009038494004506	0.5535016627540602	0.4925717853260433	0.3115155610707013	0.28087330347753314	0.7023360437396046	0.3702528903905518	0.3702528903905518	
32.0	0.4302489045227761	0.5959455419612092	0.5533870881184472	0.3545301983061361	0.3293340205950651	0.7291448173206799	0.4742417425167398	0.4302489045227761	0.5959455419612092	0.5533870881184472	0.3545301983061361	0.3293340205950651	0.7291448173206799	0.4742417425167398	0.4742417425167398	
64.0	0.42293620029150636	0.5978076810332628	0.5542281778703152	0.355828285109241	0.3300299830114668	0.7269628721708645	0.4691807256191665	0.42293620029150636	0.5978076810332628	0.5542281778703152	0.355828285109241	0.3300299830114668	0.7269628721708645	0.4691807256191665	0.4691807256191665	
128.0	0.4280916143605695	0.6095122741816672	0.5655728624812506	0.36292747971321077	0.3369108820527693	0.7292962522323982	0.47497157902322007	0.4280916143605695	0.6095122741816672	0.5655728624812506	0.36292747971321077	0.3369108820527693	0.7292962522323982	0.47497157902322007	0.47497157902322007	
256.0	0.44442330056031293	0.628130093082339	0.5855841383191296	0.3809801597425889	0.3551747337319557	0.73544050388077	0.49014362566216957	0.44442330056031293	0.628130093082339	0.5855841383191296	0.3809801597425889	0.3551747337319557	0.73544050388077	0.49014362566216957	0.49014362566216957	
512.0	0.43921568627450985	0.6141938304350198	0.5726551039111747	0.3725273891651819	0.34733287796305146	0.7319621944911043	0.48042818396880344	0.43921568627450985	0.6141938304350198	0.5726551039111747	0.3725273891651819	0.34733287796305146	0.7319621944911043	0.48042818396880344	0.48042818396880344	
