0.03125	0.4648351648351648	0.30345866777249725	0.2921590538825325	0.21743763692400356	0.20934110977444936	0.3166666666666667	0.23357924609024167	0.007992388201712655	0.16736740284103238	0.1653757723608979	0.10968982155847104	0.10831833449612467	0.617057677522012	0.03529453406391679	0.15056112297935215	
0.0625	0.24604384868155704	0.4464170617969897	0.39645610471385506	0.23338605814601654	0.2072286883517492	0.5410181055876965	0.2682987211937569	0.01388755610132077	0.20042592783121999	0.19557234933521878	0.10042955225926482	0.09805103910475077	0.6182625346683694	0.038451111835929586	0.11868532833180193	
0.125	0.2989857766981769	0.52372636523855	0.45424506279054067	0.2659498047491426	0.23059168750058	0.6206394537828357	0.35471872516496045	0.04792433019518335	0.2706940575547409	0.2523787761454186	0.13142237899865833	0.12254298827583383	0.6263259915504665	0.10382339476224658	0.18376019015282657	
0.25	0.33977054584892075	0.5178918312134388	0.4624824352823887	0.27594011052220074	0.24670045488756331	0.6501091473395747	0.3622609064397606	0.11681844648107646	0.3125678484544322	0.28264542780638974	0.15695273213562402	0.14198833930527902	0.6400091006759789	0.16990648018396648	0.22951925531832082	
0.5	0.33173663654412006	0.5165642166276949	0.4658935371932242	0.2764205964684788	0.24936856510825095	0.6868913716261467	0.37217651763648163	0.21775971645348294	0.39655220921686113	0.3493580174720893	0.1997933853046087	0.17604420067036014	0.6618805566525129	0.2782120072393087	0.294329150623614	
1.0	0.3641512248124071	0.4951985538261199	0.4556623666263568	0.2838730401944481	0.2613841874793218	0.6929395736672976	0.37768757190656554	0.30720382374349703	0.43082391265522785	0.3875528732931349	0.22759864844236125	0.20482196934079852	0.6792419991243067	0.33651491673430217	0.33887075781879705	
2.0	0.3924109958300713	0.5375749997645825	0.4963766403928183	0.312792339937996	0.2889641122527852	0.7078114972856844	0.4199231466611658	0.3767462338707118	0.5145985674867267	0.47109302265833525	0.2810235954359736	0.2574870037988963	0.704599574492865	0.405111095231623	0.4090872773786417	
4.0	0.4377318278613898	0.5945842576098531	0.5546100702311973	0.3606335820228506	0.3363880117805981	0.7294449466590641	0.4761178616787756	0.43620021626703076	0.5933009876155817	0.5527985513409528	0.35309735512462675	0.3290501207691553	0.7302740744781843	0.47207789091387975	0.47574346937468837	
8.0	0.3779365795633565	0.5487809490437341	0.5009137181750274	0.3011773705019243	0.2749072772135789	0.709688567119662	0.42579863922703487	0.3779365795633565	0.5487809490437341	0.5009137181750274	0.3011773705019243	0.2749072772135789	0.709688567119662	0.42579863922703487	0.42579863922703487	
16.0	0.36077359761715916	0.5639071775496614	0.5104857815679771	0.30897883448015256	0.2800429302311696	0.7087541210441008	0.42570697873580104	0.36077359761715916	0.5639071775496614	0.5104857815679771	0.30897883448015256	0.2800429302311696	0.7087541210441008	0.42570697873580104	0.42570697873580104	
32.0	0.3642521166509878	0.5613136069753649	0.507837606458642	0.3042658435198519	0.27534999787525194	0.7103088255973693	0.43098082609541927	0.3642521166509878	0.5613136069753649	0.507837606458642	0.3042658435198519	0.27534999787525194	0.7103088255973693	0.43098082609541927	0.43098082609541927	
64.0	0.3793256708643862	0.5468322922821913	0.4993039014314662	0.30623495586657634	0.27973065853924434	0.7120109566466261	0.43270616584191757	0.3793256708643862	0.5468322922821913	0.4993039014314662	0.30623495586657634	0.27973065853924434	0.7120109566466261	0.43270616584191757	0.43270616584191757	
128.0	0.3603149361166048	0.5496590710784319	0.49877120889229776	0.30165929409247694	0.2737314431887773	0.7060497313380182	0.41731057796744786	0.3603149361166048	0.5496590710784319	0.49877120889229776	0.30165929409247694	0.2737314431887773	0.7060497313380182	0.41731057796744786	0.41731057796744786	
256.0	0.3667785094596007	0.5521502579251962	0.501252950184265	0.3030264864216655	0.2750934516875839	0.7095048595283393	0.4276267747892465	0.3667785094596007	0.5521502579251962	0.501252950184265	0.3030264864216655	0.2750934516875839	0.7095048595283393	0.4276267747892465	0.4276267747892465	
512.0	0.35088268427930086	0.5674796739587251	0.5110267419142509	0.3038602573431177	0.2737430427269806	0.706635055200375	0.4214748591871844	0.35088268427930086	0.5674796739587251	0.5110267419142509	0.3038602573431177	0.2737430427269806	0.706635055200375	0.4214748591871844	0.4214748591871844	
