0.03125	0.3505494505494505	0.30345866777249725	0.2921590538825325	0.21743763692400356	0.20934110977444936	0.3166666666666667	0.23357924609024167	0.005708848715509038	0.16298597112750973	0.16179189463545074	0.0988559885918727	0.09813174458939683	0.6165138943447647	-0.026074885035944982	0.12465864175248391	
0.0625	0.24604384868155704	0.4464170617969897	0.39645610471385506	0.23338605814601654	0.2072286883517492	0.5410181055876965	0.2682987211937569	0.01388755610132077	0.20042592783121999	0.19557234933521878	0.10042955225926482	0.09805103910475077	0.6182625346683694	0.038451111835929586	0.11868532833180193	
0.125	0.24826038809714063	0.5094098961774599	0.43590617685413313	0.2554817560034629	0.21863163202067243	0.6069353023936819	0.31359506753893196	0.03955858075743899	0.2666184714077971	0.24716679605749414	0.12808778795460266	0.11880487982701875	0.6242846635481097	0.07562662122759287	0.16413921049773697	
0.25	0.20856352273805837	0.4669948248516221	0.3942460654554915	0.22518712116524425	0.19021622728248824	0.6121281014012571	0.2579460027362934	0.07147465749159847	0.2948826615459329	0.2581709026556386	0.13709650008172253	0.12014784833811765	0.6291514550144175	0.08682117860368549	0.17210432365677347	
0.5	0.19499036542703935	0.46032026161394624	0.3879778032498522	0.2126524311337638	0.17933412346574235	0.651904292649855	0.2669124785635165	0.12698108938101144	0.3659790725485455	0.30563642824347836	0.16505075665684577	0.13789154639302065	0.6410965164318205	0.1767980814912505	0.2149055018514964	
1.0	0.18139151501568168	0.49132131564854653	0.4082131204245325	0.22079268172803462	0.18352837501804173	0.6570418809469958	0.2818011353839211	0.15286704817373764	0.44150019597925505	0.362519261759195	0.19479713772231913	0.16000446634065302	0.6508830936668245	0.22900128645703322	0.2568046127623936	
2.0	0.19872107018011714	0.4665100404167647	0.3922625818048363	0.2130362059362115	0.1791805741545095	0.6583030648470249	0.28373231520247855	0.19082096962813075	0.4522565552976018	0.37807712198733273	0.20349231546512567	0.17018917813050227	0.6580125981821412	0.2667599627381466	0.2778883558241752	
4.0	0.26316160736044597	0.5350654006939828	0.46254630820610976	0.25518356071614423	0.22064629913812772	0.6799041839423261	0.35595455027456235	0.2622040558395164	0.5346116314440749	0.4618395440400082	0.25360783623788546	0.21914097414565803	0.6810879835660207	0.35063354680169734	0.35583187926025345	
8.0	0.25586011178672596	0.5154182919631894	0.44201282520405316	0.2384166672825192	0.20450094359397472	0.6786580668122391	0.34799531980048076	0.25586011178672596	0.5154182919631894	0.44201282520405316	0.2384166672825192	0.20450094359397472	0.6786580668122391	0.34799531980048076	0.34799531980048076	
16.0	0.25493885230479774	0.5009540955641463	0.4296080120850805	0.23015124815873028	0.19737301496462442	0.6764705882352942	0.33924837377758943	0.25493885230479774	0.5009540955641463	0.4296080120850805	0.23015124815873028	0.19737301496462442	0.6764705882352942	0.33924837377758943	0.33924837377758943	
32.0	0.25493885230479774	0.5009540955641463	0.4296080120850805	0.23015124815873028	0.19737301496462442	0.6764705882352942	0.33924837377758943	0.25493885230479774	0.5009540955641463	0.4296080120850805	0.23015124815873028	0.19737301496462442	0.6764705882352942	0.33924837377758943	0.33924837377758943	
64.0	0.25493885230479774	0.5009540955641463	0.4296080120850805	0.23015124815873028	0.19737301496462442	0.6764705882352942	0.33924837377758943	0.25493885230479774	0.5009540955641463	0.4296080120850805	0.23015124815873028	0.19737301496462442	0.6764705882352942	0.33924837377758943	0.33924837377758943	
128.0	0.25493885230479774	0.5009540955641463	0.4296080120850805	0.23015124815873028	0.19737301496462442	0.6764705882352942	0.33924837377758943	0.25493885230479774	0.5009540955641463	0.4296080120850805	0.23015124815873028	0.19737301496462442	0.6764705882352942	0.33924837377758943	0.33924837377758943	
256.0	0.25493885230479774	0.5009540955641463	0.4296080120850805	0.23015124815873028	0.19737301496462442	0.6764705882352942	0.33924837377758943	0.25493885230479774	0.5009540955641463	0.4296080120850805	0.23015124815873028	0.19737301496462442	0.6764705882352942	0.33924837377758943	0.33924837377758943	
512.0	0.25493885230479774	0.5009540955641463	0.4296080120850805	0.23015124815873028	0.19737301496462442	0.6764705882352942	0.33924837377758943	0.25493885230479774	0.5009540955641463	0.4296080120850805	0.23015124815873028	0.19737301496462442	0.6764705882352942	0.33924837377758943	0.33924837377758943	
