0.03125	0.4076923076923077	0.30345866777249725	0.2921590538825325	0.21743763692400356	0.20934110977444936	0.3166666666666667	0.23357924609024167	0.0068506184586108465	0.1662818960439292	0.16448786085495049	0.10700572190957618	0.10579459036268812	0.6167857859333884	0.01631393627987624	0.1425498922232678	
0.0625	0.24604384868155704	0.4464170617969897	0.39645610471385506	0.23338605814601654	0.2072286883517492	0.5410181055876965	0.2682987211937569	0.01388755610132077	0.20042592783121999	0.19557234933521878	0.10042955225926482	0.09805103910475077	0.6182625346683694	0.038451111835929586	0.11868532833180193	
0.125	0.2713400956704247	0.5177722434461035	0.4470348497385282	0.26153032498616113	0.22595180678516197	0.6130201520723384	0.3341782375809255	0.042796486500895	0.26904158388150756	0.25030106584073264	0.13003466178594816	0.12098540047348545	0.6250767714542551	0.0848400189248661	0.1711372509213403	
0.25	0.2596753757240172	0.4921871863285062	0.4277271730263207	0.2513435527176252	0.21870991547941232	0.6271011218347657	0.29923478730927144	0.09196040623713456	0.3044120859116136	0.27103881790092216	0.14787415394543418	0.1317522686872196	0.6342368819118402	0.12107607722084453	0.19649459366236147	
0.5	0.311165173947263	0.5160804729409266	0.45964314395865824	0.2665726095416606	0.23762636641564158	0.6838901551489689	0.36541462420828164	0.2031499276721282	0.39899730919761056	0.3480140172770648	0.19597047151807684	0.1710032758696572	0.6601560527147138	0.2682203386240436	0.28940925170081977	
1.0	0.32718410656006885	0.5184006414097294	0.46437382429081636	0.2729049544073773	0.24470539893987495	0.6930435179474489	0.3822491933691452	0.2752849133988726	0.45625976075066677	0.4007308538622193	0.22721615725161767	0.19969493349397666	0.6796678071742988	0.3349751454418152	0.34442048979211265	
2.0	0.36387018217436295	0.5265366597023744	0.479759618024584	0.2907343165806674	0.2650789366292611	0.7004506074232518	0.4022334159016469	0.34900678499818955	0.5050711050408739	0.4562460114266703	0.26578219594293206	0.2403695124950938	0.6976335927522814	0.3875444884176652	0.3921149040669493	
4.0	0.4125524283139518	0.5592760334331205	0.5185587699456777	0.33242426046943796	0.30828933580663964	0.7182292016284053	0.44803106619921823	0.41112845994764635	0.558603930551052	0.5173853400563144	0.32602335941093696	0.30204508047132556	0.7192035123326787	0.4441875740081467	0.4478618153134003	
8.0	0.39654139244403075	0.5505178556413066	0.5084048679162866	0.3211763681441091	0.2967237135343118	0.7129306394424886	0.43141649968515045	0.39654139244403075	0.5505178556413066	0.5084048679162866	0.3211763681441091	0.2967237135343118	0.7129306394424886	0.43141649968515045	0.43141649968515045	
16.0	0.4308186773323217	0.5826746788753123	0.542065173607331	0.34716605887813146	0.3230615797725359	0.726970966281214	0.4663705687984425	0.4308186773323217	0.5826746788753123	0.542065173607331	0.34716605887813146	0.3230615797725359	0.726970966281214	0.4663705687984425	0.4663705687984425	
32.0	0.4330818552076009	0.5863572214209347	0.5459885003836894	0.3493499692067701	0.3253774943631123	0.7270935175540418	0.46652707888742667	0.4330818552076009	0.5863572214209347	0.5459885003836894	0.3493499692067701	0.3253774943631123	0.7270935175540418	0.46652707888742667	0.46652707888742667	
64.0	0.43365844752454014	0.6183687162338809	0.5724066432685105	0.35446933828861005	0.32825911138503855	0.7321988985829341	0.48246429502248533	0.43365844752454014	0.6183687162338809	0.5724066432685105	0.35446933828861005	0.32825911138503855	0.7321988985829341	0.48246429502248533	0.48246429502248533	
128.0	0.4222079617626715	0.5933629596604522	0.550322785430519	0.34610075905086346	0.3211556354831945	0.7225478316210241	0.4556545207534085	0.4222079617626715	0.5933629596604522	0.550322785430519	0.34610075905086346	0.3211556354831945	0.7225478316210241	0.4556545207534085	0.4556545207534085	
256.0	0.43820804895383797	0.6082427455173772	0.5658305443505566	0.36131278649075577	0.3362058774287998	0.7322718053447683	0.48194760513105905	0.43820804895383797	0.6082427455173772	0.5658305443505566	0.36131278649075577	0.3362058774287998	0.7322718053447683	0.48194760513105905	0.48194760513105905	
512.0	0.4392162035636046	0.5990857003000711	0.5589992997897804	0.36336384502740715	0.3390502140803957	0.7309411705471438	0.47715581953814484	0.4392162035636046	0.5990857003000711	0.5589992997897804	0.36336384502740715	0.3390502140803957	0.7309411705471438	0.47715581953814484	0.47715581953814484	
