0.03125	0.3505494505494505	0.30345866777249725	0.2921590538825325	0.21743763692400356	0.20934110977444936	0.3166666666666667	0.23357924609024167	0.005708848715509038	0.16298597112750973	0.16179189463545074	0.0988559885918727	0.09813174458939683	0.6165138943447647	-0.026074885035944982	0.12465864175248391	
0.0625	0.22786203049973888	0.4464170617969897	0.39645610471385506	0.23338605814601654	0.2072286883517492	0.5410181055876965	0.2682987211937569	0.012745786358218963	0.19955654260200248	0.19461961415717252	0.09909299473026302	0.09667485858472975	0.6179898425150862	0.02930978568054212	0.11346829523379706	
0.125	0.2506850112127185	0.5090931117909802	0.4355360370306399	0.25373382353310125	0.2170399056761342	0.6063344194660798	0.3162960655359674	0.03956183366268999	0.2672024564239467	0.24795497923745374	0.12817438457862945	0.1189560962497084	0.6242797699143103	0.07546921803637346	0.1645797933378375	
0.25	0.2409978638254134	0.4785382331667485	0.41131901671030696	0.23725963213971396	0.2040045794668349	0.6202260390391523	0.2819836154064796	0.08425548651010252	0.29845878540794646	0.2641334464931998	0.14197567183313467	0.12571303256899163	0.63179489734842	0.10766901668742372	0.1863972161661882	
0.5	0.28308359132761224	0.4743344114920839	0.42148666664972934	0.24460762726722862	0.2175092105850418	0.6653329168350022	0.309982930079318	0.18719151853206192	0.36758385386089837	0.3202269089224218	0.18043810287450013	0.15723827037483612	0.6490915874312537	0.22573269912165955	0.2464737816341524	
1.0	0.3601128244763777	0.516552482713865	0.4737148407643231	0.29602025247242697	0.2715930052759358	0.6948815182241133	0.3834354871126916	0.30386315931259616	0.449414514150366	0.4031316766800172	0.2373293731599005	0.2129558592232479	0.6807193500165953	0.3405434804246583	0.3441684123065688	
2.0	0.3694349826642212	0.5136049063219127	0.47058475067960026	0.28788454601058766	0.26385407253683946	0.6983564874159034	0.39445301745857675	0.35465724000898974	0.49243125191789067	0.4473573120048437	0.26252163721109517	0.2387015269046017	0.6957789682748808	0.38059850464439066	0.3846666556198136	
4.0	0.3977450695321966	0.5553435738672949	0.5119257138534199	0.3228999406749055	0.2978134815017134	0.7130367799824514	0.4359667017546154	0.39642494996200295	0.5544971708325883	0.5106521408704141	0.31851757577191747	0.29357927938948464	0.714022112162042	0.43161405870309244	0.4357286550349069	
8.0	0.38922941350716833	0.5288717589762315	0.4882252241783916	0.30818409300457217	0.284622770687689	0.7074049738606062	0.4160063578803036	0.38922941350716833	0.5288717589762315	0.4882252241783916	0.30818409300457217	0.284622770687689	0.7074049738606062	0.4160063578803036	0.4160063578803036	
16.0	0.40437411689331776	0.5504729589385715	0.508949742622214	0.32094557098776827	0.29687800838951	0.714545229081906	0.4347579326666464	0.40437411689331776	0.5504729589385715	0.508949742622214	0.32094557098776827	0.29687800838951	0.714545229081906	0.4347579326666464	0.4347579326666464	
32.0	0.422601531862535	0.5845539226066626	0.5420870535380952	0.34062646838620464	0.31599197045440564	0.7233735092432916	0.4579092395729488	0.422601531862535	0.5845539226066626	0.5420870535380952	0.34062646838620464	0.31599197045440564	0.7233735092432916	0.4579092395729488	0.4579092395729488	
64.0	0.4211754978869083	0.5865809152944118	0.5432260513837129	0.3429254892362932	0.3177163247909095	0.7257094156167113	0.46491868219419485	0.4211754978869083	0.5865809152944118	0.5432260513837129	0.3429254892362932	0.3177163247909095	0.7257094156167113	0.46491868219419485	0.46491868219419485	
128.0	0.44103721296499393	0.600833368201438	0.561467492148244	0.3644238591925818	0.3405472484198722	0.7291126649406824	0.4717433586548589	0.44103721296499393	0.600833368201438	0.561467492148244	0.3644238591925818	0.3405472484198722	0.7291126649406824	0.4717433586548589	0.4717433586548589	
256.0	0.429008417424401	0.5848722152172808	0.5440950603299208	0.3484894207524599	0.32428056056347476	0.7256869347294016	0.4630996576453	0.429008417424401	0.5848722152172808	0.5440950603299208	0.3484894207524599	0.32428056056347476	0.7256869347294016	0.4630996576453	0.4630996576453	
512.0	0.4272652736071344	0.5765060980491088	0.5358070018681111	0.34294582443554794	0.31884207228862743	0.7258025276163914	0.464117363101307	0.4272652736071344	0.5765060980491088	0.5358070018681111	0.34294582443554794	0.31884207228862743	0.7258025276163914	0.464117363101307	0.464117363101307	
