0.03125	0.4648351648351648	0.30345866777249725	0.2921590538825325	0.21743763692400356	0.20934110977444936	0.3166666666666667	0.23357924609024167	0.007992388201712655	0.16736740284103238	0.1653757723608979	0.10968982155847104	0.10831833449612467	0.617057677522012	0.03529453406391679	0.15056112297935215	
0.0625	0.24604384868155704	0.4464170617969897	0.39645610471385506	0.23338605814601654	0.2072286883517492	0.5410181055876965	0.2682987211937569	0.01388755610132077	0.20042592783121999	0.19557234933521878	0.10042955225926482	0.09805103910475077	0.6182625346683694	0.038451111835929586	0.11868532833180193	
0.125	0.28391039981375477	0.5171151874369319	0.44566157597206885	0.2598175811486424	0.22382187344689058	0.6160635754851428	0.3425845030306217	0.04506990583742883	0.2690490319362522	0.2502712612502863	0.12967349574297274	0.12064912790158103	0.6256213816401283	0.09603001805044262	0.1785473841421256	
0.25	0.27055237794489784	0.4939770604632431	0.43000624168187584	0.25071585230048754	0.21844830835292245	0.6298409471780541	0.3100870031154968	0.09344428558095144	0.30505415699623545	0.2718655604359818	0.14776154286370718	0.13175559495802064	0.6345427139451882	0.12780604004624393	0.20196373702583553	
0.5	0.2650618604205176	0.4812890918538308	0.42189088501534816	0.2382679403539208	0.20899956213751109	0.6642463346063323	0.30644190897756635	0.17382964139457643	0.37523020084358444	0.32306179787912737	0.17853466150843791	0.15378529570696053	0.6480207155394762	0.2198456268385922	0.2441206065293086	
1.0	0.3532551972521977	0.5254845043327058	0.47622207502669917	0.28410192563969583	0.2578129007926579	0.6986332390442201	0.3961634055828437	0.29727648684290375	0.46015227694883887	0.40846714033112586	0.23341340171836866	0.20735657251142064	0.6839387043878242	0.3492267156008464	0.3557541577174167	
2.0	0.39328355609314763	0.5174687222663825	0.4785156934730517	0.3028184423547124	0.2801525064831253	0.7074381763135366	0.4181008414901363	0.37742542557237996	0.49565910237119193	0.45438600574483	0.2712751978513213	0.24886191434082833	0.7042878088671086	0.40341413504117024	0.4073002398111069	
4.0	0.4388367599154617	0.5842012321716591	0.5455694796945514	0.3543359587540097	0.3309046164382144	0.7271990198163044	0.4681113117651818	0.436986915913072	0.5818750775673345	0.5426239224335092	0.3450180564215556	0.32174519706023563	0.7277183116910206	0.4641881123005005	0.46740034518226226	
8.0	0.40079846049261114	0.5477583473744507	0.5058436246025296	0.3125745995690244	0.2887360315567489	0.7130591569061755	0.43113378375041256	0.40079846049261114	0.5477583473744507	0.5058436246025296	0.3125745995690244	0.2887360315567489	0.7130591569061755	0.43113378375041256	0.43113378375041256	
16.0	0.4457990396682051	0.5927010681968774	0.5540659715395451	0.35949136990583463	0.33605799924220137	0.7315383727603396	0.4773358390221861	0.4457990396682051	0.5927010681968774	0.5540659715395451	0.35949136990583463	0.33605799924220137	0.7315383727603396	0.4773358390221861	0.4773358390221861	
32.0	0.44042357077827576	0.5945185232614989	0.5541956951600743	0.3529238139860222	0.32906600817042575	0.729521451172439	0.47353292313590567	0.44042357077827576	0.5945185232614989	0.5541956951600743	0.3529238139860222	0.32906600817042575	0.729521451172439	0.47353292313590567	0.47353292313590567	
64.0	0.4334401535314033	0.582188868641959	0.5430740296408197	0.353115398574759	0.32939104947084463	0.7278955012282335	0.4691454671414877	0.4334401535314033	0.582188868641959	0.5430740296408197	0.353115398574759	0.32939104947084463	0.7278955012282335	0.4691454671414877	0.4691454671414877	
128.0	0.44001819399120806	0.5837738866803446	0.5458630724985849	0.3540767606112375	0.3310826894753317	0.7274117884431929	0.4664767134336107	0.44001819399120806	0.5837738866803446	0.5458630724985849	0.3540767606112375	0.3310826894753317	0.7274117884431929	0.4664767134336107	0.4664767134336107	
256.0	0.4459388926392348	0.6013371999008228	0.5618552678077382	0.3647294485655938	0.34078244624644577	0.7333029524043468	0.48262783373358686	0.4459388926392348	0.6013371999008228	0.5618552678077382	0.3647294485655938	0.34078244624644577	0.7333029524043468	0.48262783373358686	0.48262783373358686	
512.0	0.44594510010837213	0.6013588535590115	0.5618822513734308	0.3647425821731801	0.3407988126063467	0.7333100148134525	0.48261452437064023	0.44594510010837213	0.6013588535590115	0.5618822513734308	0.3647425821731801	0.3407988126063467	0.7333100148134525	0.48261452437064023	0.48261452437064023	
