0.03125	0.4076923076923077	0.30345866777249725	0.2921590538825325	0.21743763692400356	0.20934110977444936	0.3166666666666667	0.23357924609024167	0.0068506184586108465	0.1662818960439292	0.16448786085495049	0.10700572190957618	0.10579459036268812	0.6167857859333884	0.01631393627987624	0.1425498922232678	
0.0625	0.24604384868155704	0.4464170617969897	0.39645610471385506	0.23338605814601654	0.2072286883517492	0.5410181055876965	0.2682987211937569	0.01388755610132077	0.20042592783121999	0.19557234933521878	0.10042955225926482	0.09805103910475077	0.6182625346683694	0.038451111835929586	0.11868532833180193	
0.125	0.2716711261828024	0.5177714965530924	0.4469778371170688	0.2615169081567335	0.2259070218042228	0.6129167421534808	0.3344758301773399	0.04298642002416186	0.2690984641451552	0.25037487862235175	0.13005969939575973	0.12101797760812553	0.625122327187805	0.08556902263664339	0.17176432991351903	
0.25	0.26074349771423566	0.48982625127288026	0.42464024450346455	0.24595389793663375	0.21340174561746666	0.6267400092896803	0.299766053895167	0.09045295775168358	0.30378166214840047	0.27022701458250203	0.14615763162095954	0.13005791679488904	0.6338043797595446	0.11998976778946488	0.19568411899762203	
0.5	0.2801522973576101	0.4784063245589185	0.42499789165917734	0.24562199688201117	0.21820119313058056	0.6643381962018815	0.3054471161696468	0.1850068715889014	0.370877887577054	0.3230178836327434	0.1815601765774481	0.15813071082014798	0.6482957115571971	0.22267291479174225	0.2429373987310873	
1.0	0.3158824141509856	0.4927150937049184	0.44165352703881233	0.26068166924452163	0.23388652730949017	0.6841925415304573	0.3571916376377538	0.2667499778574684	0.43305778149224905	0.38067582764198293	0.21649910565035402	0.1904316314266624	0.672388192152995	0.31265386906874754	0.3218997652461454	
2.0	0.4125266773608568	0.5559842214984687	0.5155008156342353	0.32384110724254267	0.300335420263276	0.7158032037272226	0.44029784459720533	0.39528223346985836	0.5311320837049707	0.4878653026065273	0.2893414354590583	0.2658849935971546	0.7118808412837995	0.4257094021158139	0.42839794161129197	
4.0	0.4050277000976138	0.545830929077816	0.5047317175777817	0.31663605125732147	0.2928789166824895	0.713818135847582	0.4364238362468672	0.40359382011854994	0.5451515887108982	0.5035495695986484	0.31022470343596936	0.2866216332195116	0.7147848067171655	0.43259270118050247	0.4362473838592624	
8.0	0.3972354133663573	0.5362411344065453	0.49592027075528683	0.312517098995056	0.2891514225820041	0.7101883849994249	0.423047010424214	0.3972354133663573	0.5362411344065453	0.49592027075528683	0.312517098995056	0.2891514225820041	0.7101883849994249	0.423047010424214	0.423047010424214	
16.0	0.40853046698729933	0.5709314555993205	0.527761208342602	0.333314538710144	0.30823665110236814	0.718758376524307	0.44674453859760643	0.40853046698729933	0.5709314555993205	0.527761208342602	0.333314538710144	0.30823665110236814	0.718758376524307	0.44674453859760643	0.44674453859760643	
32.0	0.44538487601873616	0.6012250117261517	0.561712723270604	0.36466140299799865	0.34069598861429923	0.7331113412422062	0.4821589920681175	0.44538487601873616	0.6012250117261517	0.561712723270604	0.36466140299799865	0.34069598861429923	0.7331113412422062	0.4821589920681175	0.4821589920681175	
64.0	0.4239600159041146	0.5939017722443991	0.549270912183562	0.34005222729591694	0.3146316333951612	0.7254625026069366	0.46353941755570427	0.4239600159041146	0.5939017722443991	0.549270912183562	0.34005222729591694	0.3146316333951612	0.7254625026069366	0.46353941755570427	0.46353941755570427	
128.0	0.4382892215057768	0.5836485222132968	0.5449252336175074	0.35400072321833453	0.3305138614400877	0.7296002424178457	0.47310922351316653	0.4382892215057768	0.5836485222132968	0.5449252336175074	0.35400072321833453	0.3305138614400877	0.7296002424178457	0.47310922351316653	0.47310922351316653	
256.0	0.4317475836133161	0.5661842208751128	0.5282802885015453	0.3434080890062655	0.32041819189802256	0.7262807547556261	0.4645282966236849	0.4317475836133161	0.5661842208751128	0.5282802885015453	0.3434080890062655	0.32041819189802256	0.7262807547556261	0.4645282966236849	0.4645282966236849	
512.0	0.4282609346824584	0.5964077159550841	0.5531609050332132	0.34876325608254105	0.32363797129912875	0.7265231640463922	0.46572810652660906	0.4282609346824584	0.5964077159550841	0.5531609050332132	0.34876325608254105	0.32363797129912875	0.7265231640463922	0.46572810652660906	0.46572810652660906	
