0.03125	0.5003672189879087	0.408240366839948	0.3906682072061777	0.2708255748022035	0.2601442209128152	0.6863984674329502	0.5160402240147437	0.017313226764542975	0.19679973183213692	0.1868442430680735	0.1252311253050556	0.11815888992532111	0.619124052923665	0.055470063680415495	0.1517402073720629	
0.0625	0.29863167096753085	0.4655654034555129	0.4259673971965351	0.27511544254775316	0.2534127881200089	0.5734913370382477	0.3253760265764062	0.02453612215743519	0.199589721283148	0.1913457049216227	0.10345841836625551	0.09941193343847007	0.6206473762786163	0.02095715376879559	0.13315763525243618	
0.125	0.24519898307106316	0.3791035073015251	0.33405534743248644	0.1969529933436128	0.1742034904160701	0.5372624052939059	0.25777054691138324	0.04677576766244153	0.24521400176210525	0.22616811756139085	0.1204802758504417	0.1112051122362405	0.6241424241059776	0.014771317380136564	0.1544324611057407	
0.25	0.25173579340233676	0.4755769539577049	0.40972766649540276	0.24245386278773587	0.2091745709103147	0.6304917188451598	0.3006080744973544	0.08656128423494062	0.286335405248676	0.25502345484316163	0.13939762719174933	0.1241896156673548	0.6325913394427892	0.11855911833696911	0.19120110317360012	
0.5	0.2736003220976828	0.510680514900153	0.4476732565986573	0.2629867965181839	0.2305899475380885	0.6544714623556037	0.33098042201744854	0.17057041487112984	0.3878920597264595	0.33696199017227924	0.19012953479142075	0.16519315452722716	0.6531343668223999	0.20805336628903529	0.2655489359044649	
1.0	0.3187948079056956	0.5658039402873946	0.5025097109189535	0.294850638218696	0.26188717219254476	0.6817702734588402	0.3861533078448508	0.25311150192718446	0.48690667128329296	0.42554122916317755	0.2409347496655107	0.21059781712338746	0.6781497989168325	0.30408556492600186	0.34509788307119593	
2.0	0.3728595837100851	0.5946892229713404	0.5399119170200325	0.33047739936895926	0.30036177184088714	0.71156876321828	0.4404978354016754	0.34900068670735707	0.5684276083185427	0.5102830802371259	0.293961004679827	0.2640630953499947	0.7075639629411162	0.41346482128625067	0.4243435629496428	
4.0	0.397209656385461	0.5936191621915582	0.543196059065455	0.33363702488680885	0.3054151623399663	0.7221431450386923	0.45914313794366113	0.38614119526199453	0.5800914087403789	0.5274287834408234	0.31047276896618653	0.28234475822664173	0.717864339563742	0.45192055077855586	0.4503365094442698	
8.0	0.3508826842793009	0.5674796739587252	0.5110267419142509	0.3038602573431177	0.2737430427269806	0.706635055200375	0.4214748591871844	0.3508826842793009	0.5674796739587252	0.5110267419142509	0.3038602573431177	0.2737430427269806	0.706635055200375	0.4214748591871844	0.4214748591871844	
16.0	0.37216411730992266	0.5418089035245851	0.4931041475409385	0.29968846617764056	0.2729709716678139	0.7094568407320363	0.4259015414840249	0.37216411730992266	0.5418089035245851	0.4931041475409385	0.29968846617764056	0.2729709716678139	0.7094568407320363	0.4259015414840249	0.4259015414840249	
32.0	0.4037045414680473	0.5957085480466533	0.5457592181773239	0.33481747957916586	0.3068647834391761	0.723750446634096	0.4642661645765275	0.4037045414680473	0.5957085480466533	0.5457592181773239	0.33481747957916586	0.3068647834391761	0.723750446634096	0.4642661645765275	0.4642661645765275	
64.0	0.3780489068017103	0.5850741798091947	0.5321681284874522	0.32438512710755046	0.29529964431379463	0.7153075587495022	0.44343639425867315	0.3780489068017103	0.5850741798091947	0.5321681284874522	0.32438512710755046	0.29529964431379463	0.7153075587495022	0.44343639425867315	0.44343639425867315	
128.0	0.3424315685549667	0.5646368497829388	0.5064406363643691	0.2985104868699394	0.2678689448414604	0.7045303287652491	0.41639181679091575	0.3424315685549667	0.5646368497829388	0.5064406363643691	0.2985104868699394	0.2678689448414604	0.7045303287652491	0.41639181679091575	0.41639181679091575	
256.0	0.33461573454524574	0.5470767574878547	0.49010745509301035	0.2888733038875122	0.25890510490530566	0.7005538812575196	0.40542672979469146	0.33461573454524574	0.5470767574878547	0.49010745509301035	0.2888733038875122	0.25890510490530566	0.7005538812575196	0.40542672979469146	0.40542672979469146	
512.0	0.3756371912201695	0.570401450424057	0.5188819820813713	0.3163325624877281	0.2880080525672885	0.7134712021824828	0.43791292838252494	0.3756371912201695	0.570401450424057	0.5188819820813713	0.3163325624877281	0.2880080525672885	0.7134712021824828	0.43791292838252494	0.43791292838252494	
