0.03125	0.39178981937602625	0.4223256806859951	0.40483254789887546	0.2809181431921547	0.2702934145127676	0.4961988304093567	0.344440365972874	0.017504965395983545	0.19654980229527141	0.1881851056602839	0.11332284728072199	0.10858802714562439	0.6192775089835573	-0.0014912934567376662	0.13771555568614796	
0.0625	0.3180978821343933	0.4652770276219977	0.4291372261079648	0.28706105871316323	0.2670509211410526	0.5730923248053393	0.32444086711523645	0.028325823516911368	0.19896677334884566	0.1914090633521474	0.10622826820649829	0.10239589306630123	0.6212813283411295	0.03059133053689984	0.13581749318314065	
0.125	0.2421698065762819	0.38215748845021447	0.3351533241855103	0.19556361564541538	0.17203374112725367	0.5353519700896305	0.24922030160409353	0.04742142270635555	0.24947656629357334	0.23026563272912562	0.12289962225959306	0.11350348797611087	0.6246045763203016	0.019878307925078276	0.1561060403098713	
0.25	0.21135927635713542	0.44041154121504666	0.37504553225608267	0.22064994760341977	0.18801512576934337	0.6150567631399373	0.24680844973208171	0.07400003628908333	0.2673103967072278	0.23680390605619905	0.12843436538459313	0.11380163723090404	0.6281980582462035	0.08618366247852752	0.16045426169399785	
0.5	0.25817369982335847	0.43190223998407473	0.3812456752452504	0.22750976700661138	0.20086311959594907	0.6345651692615528	0.266271184533675	0.16190665264120177	0.33006456818155117	0.2879295695307299	0.16439150876816572	0.1434641326694812	0.6425800797572413	0.16919274665159456	0.21876241792913637	
1.0	0.3103505445432155	0.4869103739164343	0.43591548839957117	0.26376260523558887	0.23659166388131608	0.668740683261304	0.3428040567840166	0.24622598327365647	0.41635759433179304	0.3670412906504753	0.21162804279393996	0.1867382035205189	0.666930364586669	0.26364425447223305	0.3037503439091963	
2.0	0.4088477922218649	0.5569327136369886	0.5173895554156318	0.33996200385289066	0.3165771698888057	0.7132848162711477	0.434503448112619	0.38537442195214333	0.5311330713729381	0.4880584048763609	0.29177730290611054	0.2685606376078863	0.7095967642441063	0.4101082601075535	0.4190425671932812	
4.0	0.4650148155582182	0.5446292344994804	0.5192276591732994	0.3672558920251441	0.35060832129151287	0.7218221187534842	0.44692049921004184	0.4541865575889622	0.5325471001684651	0.5048292381962659	0.33736306729519583	0.3205543893678932	0.7183233514926877	0.4420210382479285	0.4388853419849138	
8.0	0.5693674288754382	0.6229459003935911	0.6013399885035882	0.45907268349827834	0.44505316651301274	0.772578319866792	0.5613915043416007	0.5693674288754382	0.6229459003935911	0.6013399885035882	0.45907268349827834	0.44505316651301274	0.772578319866792	0.5613915043416007	0.5613915043416007	
16.0	0.8519935768625343	0.7700978704199279	0.7699002928171497	0.7700978704199279	0.7699002928171497	0.9052038337454068	0.8261165821827628	0.8519935768625343	0.7700978704199279	0.7699002928171497	0.7700978704199279	0.7699002928171497	0.9052038337454068	0.8261165821827628	0.8261165821827628	
32.0	0.8230617237850133	0.7343688973743447	0.7341160444029817	0.7343688973743447	0.7341160444029817	0.8862144913757006	0.7907401182400089	0.8230617237850133	0.7343688973743447	0.7341160444029817	0.7343688973743447	0.7341160444029817	0.8862144913757006	0.7907401182400089	0.7907401182400089	
64.0	0.8322241784920225	0.7447691311893121	0.7445358887205306	0.7447691311893121	0.7445358887205306	0.8923185441828553	0.802210218189481	0.8322241784920225	0.7447691311893121	0.7445358887205306	0.7447691311893121	0.7445358887205306	0.8923185441828553	0.802210218189481	0.802210218189481	
128.0	0.7863752812493037	0.6922825688813085	0.6919533308370965	0.6922825688813085	0.6919533308370965	0.8617693093768999	0.7448308496236821	0.7863752812493037	0.6922825688813085	0.6919533308370965	0.6922825688813085	0.6919533308370965	0.8617693093768999	0.7448308496236821	0.7448308496236821	
256.0	0.7001748256782104	0.5879678022563459	0.5875207177910273	0.5879678022563459	0.5875207177910273	0.8002438032099756	0.6275505530698876	0.7001748256782104	0.5879678022563459	0.5875207177910273	0.5879678022563459	0.5875207177910273	0.8002438032099756	0.6275505530698876	0.6275505530698876	
512.0	0.6583141062582033	0.5601676714343842	0.5596337623630776	0.5601676714343842	0.5596337623630776	0.7697106907555695	0.5681156824073049	0.6583141062582033	0.5601676714343842	0.5596337623630776	0.5601676714343842	0.5596337623630776	0.7697106907555695	0.5681156824073049	0.5681156824073049	
