0.03125	0.5655122655122655	0.19999999999999998	0.19999999999999998	0.19999999999999998	0.19999999999999998	0.2	0.19999999999999996	0.014652711703139865	0.1539665286655717	0.1519562042662419	0.10841553852830921	0.10699385045430221	0.6186549587193417	0.036316945034209944	0.16281157434137883	
0.0625	0.3613686040237135	0.20228512745332144	0.1837174586591308	0.12465626938319851	0.11367190377225085	0.32422207935534975	0.12836983596575324	0.06062726460314192	0.16649535326075876	0.15967373525054154	0.09846445413902283	0.09475053406159663	0.6248729749672705	0.013205518128447221	0.15371707781918978	
0.125	0.3217585199182166	0.2896868919983164	0.24785866624219133	0.17766811929272258	0.15257551272236952	0.38319013832340876	0.17698712888418125	0.08860062330913622	0.2191983784709417	0.20645836827325645	0.12106754817262402	0.11411334574182448	0.6319103434106691	-0.014849919238666404	0.18661182101714652	
0.25	0.30812206278718957	0.37876814813805243	0.32258104527501413	0.21659929788707127	0.18410479018664977	0.4935020878348727	0.2053514320327027	0.12501579340932728	0.24619690967732688	0.22650695416012567	0.13032827926935195	0.11996404437679797	0.6332112281674215	0.031384033304678996	0.18999418514840877	
0.5	0.33121830773918787	0.4129368815648566	0.3764830879212212	0.23655619923979726	0.21626769976056986	0.6517473831895	0.3145193791459916	0.22063420380815174	0.3177174751011026	0.28465846203629736	0.16736195462739406	0.15010654725429307	0.6561178183840501	0.21196098584140644	0.2597886429311206	
1.0	0.3513748491510066	0.46164996734912683	0.4227581850207969	0.2610697496663784	0.23937613178305295	0.6780573319823098	0.3561166817241698	0.3039098534258029	0.4063556465416049	0.3654448192706908	0.21253563752498975	0.1912888809666742	0.6772455918113048	0.3029693213112071	0.33019920349057996	
2.0	0.4254049396412479	0.5210216330707664	0.4863058021426726	0.3057803783376297	0.2855920071564154	0.7187667710179916	0.43778215385062386	0.4130112101555964	0.5117856601406906	0.47402119853191926	0.2767863755555054	0.25642740435339806	0.7142620271369999	0.43068751083528534	0.4282831299260649	
4.0	0.40574106525057496	0.5600456920677027	0.5191658859940299	0.33371769212399305	0.30948419045740805	0.7160150548074128	0.43827052411982	0.40574106525057496	0.5600456920677027	0.5191658859940299	0.33371769212399305	0.30948419045740805	0.7160150548074128	0.43827052411982	0.43827052411982	
8.0	0.38019638538360595	0.5405737202495455	0.4968402492126134	0.31104650505788456	0.28604647775456593	0.7074234203380829	0.4164662521718231	0.38019638538360595	0.5405737202495455	0.4968402492126134	0.31104650505788456	0.28604647775456593	0.7074234203380829	0.4164662521718231	0.4164662521718231	
16.0	0.36288986348318825	0.5623606164096657	0.508835610270616	0.3048026762080517	0.27584874011828864	0.709269884729713	0.4281428452496593	0.36288986348318825	0.5623606164096657	0.508835610270616	0.3048026762080517	0.27584874011828864	0.709269884729713	0.4281428452496593	0.4281428452496593	
32.0	0.3576100442160123	0.5419447087018356	0.4909921659307308	0.29417018675217027	0.26654980824920144	0.7057840099951422	0.4169603239983524	0.3576100442160123	0.5419447087018356	0.4909921659307308	0.29417018675217027	0.26654980824920144	0.7057840099951422	0.4169603239983524	0.4169603239983524	
64.0	0.38792152513646216	0.5418873363786865	0.49738481163453613	0.30964813739690095	0.28438430721449076	0.7126769598830952	0.43279795909965146	0.38792152513646216	0.5418873363786865	0.49738481163453613	0.30964813739690095	0.28438430721449076	0.7126769598830952	0.43279795909965146	0.43279795909965146	
128.0	0.3141164542576273	0.5371046149161314	0.4763506556904494	0.2752967402107689	0.24460868635390098	0.6938678910067992	0.38761282927569407	0.3141164542576273	0.5371046149161314	0.4763506556904494	0.2752967402107689	0.24460868635390098	0.6938678910067992	0.38761282927569407	0.38761282927569407	
256.0	0.3246376235076834	0.5413832180895216	0.4819355505565138	0.2781598143553857	0.24797060798331735	0.6968963407565022	0.3962301648894774	0.3246376235076834	0.5413832180895216	0.4819355505565138	0.2781598143553857	0.24797060798331735	0.6968963407565022	0.3962301648894774	0.3962301648894774	
512.0	0.3465260429300411	0.5613076157739867	0.5020834594723749	0.29462565035550886	0.2643282886060877	0.7060812148050323	0.4207829635782919	0.3465260429300411	0.5613076157739867	0.5020834594723749	0.29462565035550886	0.2643282886060877	0.7060812148050323	0.4207829635782919	0.4207829635782919	
