0.03125	0.42554112554112555	0.19999999999999998	0.19999999999999998	0.19999999999999998	0.19999999999999998	0.2	0.19999999999999996	0.009895337773549001	0.14790982940695827	0.14660245938285782	0.09310831614571377	0.09225469128679088	0.6175137719499992	-0.04077838738735542	0.13103556721089343	
0.0625	0.2729103239806213	0.25631225211510167	0.22312560307164048	0.14426597487991524	0.12580534871128704	0.3349022052004174	0.14545912508406897	0.04832730902195584	0.18607108159862332	0.17622252060415805	0.09973326643793581	0.09464110264085035	0.6248129008163084	-0.019776400511863385	0.14540122130109628	
0.125	0.25199286223747147	0.33486422689125517	0.27658332523510587	0.18737621267523275	0.1551435686736784	0.38788233765074853	0.18344172713668752	0.0684985744834211	0.23643165583691167	0.21950198147730862	0.12215763727506741	0.11344311340300958	0.6297877369327142	-0.052114944742440605	0.17426584649596913	
0.25	0.2635721363702402	0.4089506368239079	0.338078104148246	0.2190367322215422	0.1809712783633682	0.5022755392516921	0.23954824167208644	0.10401936222165271	0.2655478983582301	0.24058302556222255	0.134044158133779	0.12146742778847677	0.6354389381715159	0.01750399807604502	0.2026856032023571	
0.5	0.29946295255624644	0.4341295567400264	0.38719732221416525	0.22952166437590363	0.2048078046001383	0.6473416684471295	0.3073279558044316	0.19687656652288585	0.3358593460119522	0.29601004583787055	0.167947492466552	0.14804152556978586	0.6522346114173715	0.20078074289822978	0.25438307233096424	
1.0	0.34363926296395564	0.4469128164150321	0.40986699872776244	0.25026311198840057	0.22968477436616297	0.6708348832116127	0.331364628364893	0.2972603398931305	0.3938450405928168	0.35453659127354087	0.2046328899242415	0.1842843571528761	0.6714789284606656	0.2821578540590535	0.30793646693595955	
2.0	0.40163981391249914	0.4999673881766668	0.4651824548171404	0.2936360385854037	0.2733991887804613	0.7071535382844827	0.4044874404557087	0.3899005617859276	0.49122879816442133	0.4535542621816676	0.2655885754514542	0.24530326690601453	0.7028976282952687	0.3974580388214881	0.39536143466904566	
4.0	0.4420029503404891	0.5957635547304552	0.5568328380183198	0.36788093205762457	0.3443571978012795	0.7300481936742169	0.47292405015897987	0.4420029503404891	0.5957635547304552	0.5568328380183198	0.36788093205762457	0.3443571978012795	0.7300481936742169	0.47292405015897987	0.47292405015897987	
8.0	0.4960024733014043	0.6635295042387706	0.6251945010886127	0.41960653186388425	0.39583785556193757	0.7565919479846143	0.536154640160545	0.4960024733014043	0.6635295042387706	0.6251945010886127	0.41960653186388425	0.39583785556193757	0.7565919479846143	0.536154640160545	0.536154640160545	
16.0	0.5559320772399772	0.6974714502507842	0.6642960034774281	0.5017316869088086	0.48160976129110367	0.7871170588360922	0.5883976647454092	0.5559320772399772	0.6974714502507842	0.6642960034774281	0.5017316869088086	0.48160976129110367	0.7871170588360922	0.5883976647454092	0.5883976647454092	
32.0	0.5620222081855261	0.7071731445676402	0.6734407762139243	0.5076160619631416	0.48715634633189275	0.7909700927398547	0.5981213113188201	0.5620222081855261	0.7071731445676402	0.6734407762139243	0.5076160619631416	0.48715634633189275	0.7909700927398547	0.5981213113188201	0.5981213113188201	
64.0	0.5507007974011395	0.6759745275056419	0.6441213267029989	0.4886931441744059	0.46937320127761994	0.784319936992675	0.5805204299264822	0.5507007974011395	0.6759745275056419	0.6441213267029989	0.4886931441744059	0.46937320127761994	0.784319936992675	0.5805204299264822	0.5805204299264822	
128.0	0.5562768041510033	0.6789232823681927	0.6481161649286378	0.4904816544065197	0.47179619314206195	0.7837957776288575	0.5781205691382187	0.5562768041510033	0.6789232823681927	0.6481161649286378	0.4904816544065197	0.47179619314206195	0.7837957776288575	0.5781205691382187	0.5781205691382187	
256.0	0.5632119514472456	0.6953183300969459	0.6631515453126253	0.5004257535214605	0.48091561232539226	0.7897293839827105	0.593979827054362	0.5632119514472456	0.6953183300969459	0.6631515453126253	0.5004257535214605	0.48091561232539226	0.7897293839827105	0.593979827054362	0.593979827054362	
512.0	0.565452847805789	0.6958629009807632	0.663840761845378	0.5007560524588826	0.4813336432836876	0.7905294672434076	0.5958011281454147	0.565452847805789	0.6958629009807632	0.663840761845378	0.5007560524588826	0.4813336432836876	0.7905294672434076	0.5958011281454147	0.5958011281454147	
