0.03125	0.5927849927849927	0.19999999999999998	0.19999999999999998	0.19999999999999998	0.19999999999999998	0.2	0.19999999999999996	0.01636536631779258	0.15453936768107315	0.15252153480096892	0.10882599561883428	0.10739892748325755	0.6190708522329983	0.04922107257800655	0.16764761527986677	
0.0625	0.42151373688905763	0.2433722736497949	0.2254361852918106	0.1462469451817816	0.13562552560265023	0.3488651190340284	0.1685891580198961	0.06791664984116667	0.1795011458229711	0.17273563877011006	0.10384876338651061	0.10021239341096981	0.6275639855639397	0.04665689274983091	0.1711775115081755	
0.125	0.4202659700275171	0.3358700244830053	0.3022119207750425	0.21515470190028876	0.19266501642392758	0.41288183343957313	0.23538440125916454	0.1215787554613195	0.23363174442729936	0.2232758204841422	0.13235502663894974	0.12649563932601846	0.6391248323218452	0.05468120714867294	0.22437098868665162	
0.25	0.331901901142519	0.3690737989617813	0.3143777730639467	0.2128414989733828	0.18153341319442728	0.49894778438642123	0.22669264715449772	0.13371938296245903	0.24104197669454522	0.22205235925408395	0.12744395392628477	0.1175043386095574	0.6368544602366353	0.04731252312275399	0.2054872487207809	
0.5	0.31559986560525444	0.35940492105300514	0.3272865779123534	0.19377438832783064	0.1765413638943214	0.6269521556834006	0.2543915598861694	0.20952178632169938	0.2807612878271459	0.25080102574716406	0.14244462843651973	0.1272676272364884	0.6417009254858009	0.16913489441638288	0.21466737696277588	
1.0	0.3683947238812012	0.43279990781108885	0.40065323859181345	0.25637801264876064	0.23816388833671448	0.6743256865453636	0.34265500128598536	0.31869112592510296	0.3792043407736104	0.3442285257739641	0.2033281219830568	0.18493222488198555	0.6738511379612574	0.2940274651582805	0.31697901248185784	
2.0	0.4190544138321372	0.5473306428650271	0.507201138090597	0.3096572205856735	0.28725672781827094	0.7195238351773923	0.44170912178506433	0.4074099502086671	0.5387315353723988	0.4957232290486859	0.28537527140089913	0.2627415516087803	0.7153087196346652	0.4353031354044023	0.4328414857517636	
4.0	0.48618805400488496	0.6009757056198926	0.568396452552998	0.3773813575580607	0.3571435014688955	0.7440476570193315	0.501845933570236	0.48618805400488496	0.6009757056198926	0.568396452552998	0.3773813575580607	0.3571435014688955	0.7440476570193315	0.501845933570236	0.501845933570236	
8.0	0.5308004289402899	0.6659611747786859	0.632188565805657	0.47642280733041453	0.4564785118725917	0.7750044745163143	0.556212196011547	0.5308004289402899	0.6659611747786859	0.632188565805657	0.47642280733041453	0.4564785118725917	0.7750044745163143	0.556212196011547	0.556212196011547	
16.0	0.5563414240518297	0.6929185383942322	0.6599874640181131	0.4989702062768407	0.4789965000104474	0.7874197896888334	0.5890907679160341	0.5563414240518297	0.6929185383942322	0.6599874640181131	0.4989702062768407	0.4789965000104474	0.7874197896888334	0.5890907679160341	0.5890907679160341	
32.0	0.5638683002538155	0.7078782605761168	0.6743359819168085	0.5080437364409368	0.48769931603744165	0.791614601475645	0.5996801809697088	0.5638683002538155	0.7078782605761168	0.6743359819168085	0.5080437364409368	0.48769931603744165	0.791614601475645	0.5996801809697088	0.5996801809697088	
64.0	0.5508875387643515	0.6759971010282202	0.6441525192258928	0.4887068357079475	0.46939212049910883	0.7843710457152591	0.5806768291849485	0.5508875387643515	0.6759971010282202	0.6441525192258928	0.4887068357079475	0.46939212049910883	0.7843710457152591	0.5806768291849485	0.5806768291849485	
128.0	0.5629793231423983	0.6808412511876314	0.6505445390447036	0.49164496129988217	0.4732690764967084	0.7861833025389731	0.583617439258184	0.5629793231423983	0.6808412511876314	0.6505445390447036	0.49164496129988217	0.4732690764967084	0.7861833025389731	0.583617439258184	0.583617439258184	
256.0	0.5626517273576097	0.6951844882640861	0.6629820172097984	0.5003445743462789	0.4808127883333448	0.7895307104114643	0.5935242947518394	0.5626517273576097	0.6951844882640861	0.6629820172097984	0.5003445743462789	0.4808127883333448	0.7895307104114643	0.5935242947518394	0.5935242947518394	
512.0	0.5637721755368814	0.6954521719298055	0.6633210734154521	0.500506932696642	0.4810184363174397	0.7899280575539568	0.5944353593568847	0.5637721755368814	0.6954521719298055	0.6633210734154521	0.500506932696642	0.4810184363174397	0.7899280575539568	0.5944353593568847	0.5944353593568847	
