0.03125	0.39018759018759014	0.19999999999999998	0.19999999999999998	0.19999999999999998	0.19999999999999998	0.2	0.19999999999999996	0.007992388201712653	0.14664474559426544	0.14527485118633163	0.09089855106432466	0.09001294181691079	0.6170580106862693	-0.057055244036059306	0.12310541665010026	
0.0625	0.22212340760554988	0.22202622601214356	0.18870015643055513	0.11632468707625862	0.09898043938245452	0.3218966090905406	0.10275761468163971	0.03635713118136345	0.17400643466782925	0.16377349258292334	0.09047927390546702	0.08542655413582725	0.6217181537518035	-0.05115128660516297	0.1226683027801074	
0.125	0.2067955586761597	0.30203135748086335	0.24279676250156296	0.16005533250523848	0.1285502673510846	0.3753481255093839	0.1456564614188164	0.05675339479529803	0.22507195856744006	0.20754645817961653	0.11322445825084268	0.10444912096501191	0.6269454286089978	-0.08096542029032469	0.15408888749824431	
0.25	0.20573650472907762	0.38068633158034093	0.304926279999155	0.19531855442443352	0.15607979659992788	0.488443518090766	0.19782674577151263	0.08127938885105157	0.2539588518901837	0.22724385128439298	0.12450802839606027	0.11145848156941854	0.6308462734130682	-0.024010741385061724	0.17426831748878682	
0.5	0.23324348103035417	0.41989424307952117	0.3644352363014917	0.20966176692497807	0.18203730623776723	0.6318615668049032	0.26112126200201696	0.15276493298252816	0.3307269811436456	0.2850938627645008	0.1585934525790766	0.13672761040247167	0.6431889860601152	0.15170445007139108	0.21869999363334683	
1.0	0.25425740836110317	0.38808577795813903	0.3424722012410183	0.19876358794126306	0.175657440722347	0.6494918779013102	0.268901589661506	0.2191751175491789	0.3469253494854308	0.30163239799307645	0.1691429960260015	0.147192844887554	0.654050179935412	0.21487339783596146	0.2515150504493561	
2.0	0.3213261413912229	0.4495719058304834	0.4071104840973808	0.24139683975296236	0.21871432316025588	0.6829120630561041	0.34067399564057166	0.3117375495213045	0.4437219164424019	0.39874865041346275	0.22532858526385988	0.20254298691692033	0.6797965618932993	0.3343537980172048	0.33358654763399825	
4.0	0.3906091651789204	0.5416764485005867	0.5015031701624442	0.3272668352007247	0.3039510963284733	0.7090996788612796	0.41545882304085835	0.3906091651789204	0.5416764485005867	0.5015031701624442	0.3272668352007247	0.3039510963284733	0.7090996788612796	0.41545882304085835	0.41545882304085835	
8.0	0.46145299206516455	0.5924695030208802	0.5594743879886843	0.3870577360803644	0.3660375134242285	0.7348216934912425	0.4819080638697312	0.46145299206516455	0.5924695030208802	0.5594743879886843	0.3870577360803644	0.3660375134242285	0.7348216934912425	0.4819080638697312	0.4819080638697312	
16.0	0.46499665517967415	0.650044322608329	0.6082621617143247	0.403445047265916	0.37812939627074177	0.7449154251947187	0.5114163991051189	0.46499665517967415	0.650044322608329	0.6082621617143247	0.403445047265916	0.37812939627074177	0.7449154251947187	0.5114163991051189	0.5114163991051189	
32.0	0.5528248429669104	0.6904933437415121	0.6580438743865282	0.49749925136419487	0.47781765330899156	0.7842395513392016	0.5804746567975605	0.5528248429669104	0.6904933437415121	0.6580438743865282	0.49749925136419487	0.47781765330899156	0.7842395513392016	0.5804746567975605	0.5804746567975605	
64.0	0.550938742503088	0.671012958017385	0.6388215692243316	0.4780139020203283	0.45908806345285136	0.782571281127894	0.575731566116233	0.550938742503088	0.671012958017385	0.6388215692243316	0.4780139020203283	0.45908806345285136	0.782571281127894	0.575731566116233	0.575731566116233	
128.0	0.5632119514472456	0.6953183300969459	0.6631515453126253	0.5004257535214605	0.48091561232539226	0.7897293839827105	0.593979827054362	0.5632119514472456	0.6953183300969459	0.6631515453126253	0.5004257535214605	0.48091561232539226	0.7897293839827105	0.593979827054362	0.593979827054362	
256.0	0.5626517273576097	0.6951844882640861	0.6629820172097984	0.5003445743462789	0.4808127883333448	0.7895307104114643	0.5935242947518394	0.5626517273576097	0.6951844882640861	0.6629820172097984	0.5003445743462789	0.4808127883333448	0.7895307104114643	0.5935242947518394	0.5935242947518394	
512.0	0.5660130718954248	0.6959967428136229	0.6640102899482049	0.5008372316340641	0.4814364672757351	0.7907281408146538	0.5962566604479373	0.5660130718954248	0.6959967428136229	0.6640102899482049	0.5008372316340641	0.4814364672757351	0.7907281408146538	0.5962566604479373	0.5962566604479373	
