0.03125	0.34424242424242424	0.3392064693265918	0.30319351880092277	0.18596659712607894	0.1686571592940214	0.6432056698923265	0.2943879807448539	0.02511532000907199	0.1954989869089107	0.18685372176181309	0.12101688276830166	0.11437460568644844	0.6211365668410747	0.043889869010810344	0.12205572325777977	
0.0625	0.057011494252873565	0.38982172675352544	0.30721743397199686	0.16564820143947598	0.13067359336742218	0.5116121882787756	0.0	0.023596574690770693	0.20237227276821307	0.19178216510772997	0.0931720600391179	0.08824040274373875	0.6210112003047311	-0.02993701717450533	0.05427003776983959	
0.125	0.057011494252873565	0.3520462680130866	0.2603545050518813	0.1406464498821526	0.10408045360956701	0.49523226419764343	0.0	0.023596574690770693	0.2585706707437932	0.22621020320664176	0.11240774211859897	0.09896977175053488	0.6210112003047311	-0.05166275501161396	0.05427003776983959	
0.25	0.07643312101910829	0.4528961940078064	0.3429116539254403	0.20393032975673725	0.158349342191008	0.597788338167817	0.08577411506202509	0.03425309229305423	0.29215711553290113	0.23956677853628042	0.12590777911425277	0.10434632674278184	0.623840479555766	0.011814012937438615	0.06131442230922751	
0.5	0.0865359477124183	0.3781866221461139	0.2759804016833778	0.1663222401379142	0.12643283006771336	0.6006709568941317	0.062333027542536036	0.057565217391304345	0.30169504618157994	0.2263518213346652	0.12555448097446373	0.09602781610652995	0.6209409851733703	0.008914552844526923	0.04739528986535245	
1.0	0.0	0.39119586109583687	0.2654823376974874	0.14931075981876102	0.10132717638839905	0.5999802399748994	0.0	0.0	0.35553923255906417	0.24642504485969047	0.13560383011473073	0.09398903849009733	0.6151592823141706	-0.04438032504267551	0.0	
2.0	0.0	0.39071412045278214	0.26488582054551596	0.14862582871130972	0.10076117870364239	0.6114138031981864	0.0	0.0	0.3835073521113269	0.2605590771759749	0.14580244551386676	0.09905996271617801	0.6151592823141706	-0.02138899757317078	0.0	
4.0	0.3882815275591711	0.5014861448584429	0.4674942953867246	0.31069983651083993	0.2901940823907868	0.7004641966277491	0.39261849211623534	0.3788887870785157	0.49139093694263264	0.4555412643216701	0.29065113249190627	0.2702544595446278	0.6972068364753715	0.3870238855225313	0.3853931834256909	
8.0	0.38461104245902367	0.523886485900168	0.484523478091194	0.3116582247624785	0.288371041529096	0.7053962731028456	0.4103800763023826	0.38461104245902367	0.523886485900168	0.484523478091194	0.3116582247624785	0.288371041529096	0.7053962731028456	0.4103800763023826	0.4103800763023826	
16.0	0.44532690841952116	0.6006198564473166	0.5628774645247236	0.37933280901384103	0.35590277169018303	0.733311963566331	0.480750562197979	0.44532690841952116	0.6006198564473166	0.5628774645247236	0.37933280901384103	0.35590277169018303	0.733311963566331	0.480750562197979	0.480750562197979	
