0.03125	0.40800000000000003	0.3474057272527745	0.31426621674946764	0.22693755435640778	0.2116832140894381	0.6478502863596031	0.31952286093343935	0.03728339532335726	0.19710088069934115	0.18945235192840376	0.12866766978068958	0.12238564833752234	0.6240176867412385	0.07876364932077735	0.13634926985174628	
0.0625	0.08	0.38982172675352544	0.30721743397199686	0.16564820143947598	0.13067359336742218	0.5116121882787756	0.0	0.03311132254995243	0.2060752775525525	0.19641881100597808	0.09908254381324051	0.09448671570745446	0.6235314149010039	-0.006498453919547999	0.06559018391955093	
0.125	0.08	0.3520462680130866	0.2603545050518813	0.1406464498821526	0.10408045360956701	0.49523226419764343	0.0	0.03311132254995243	0.26227367552813263	0.2308468491048899	0.11831822589272153	0.10521608471425062	0.6235314149010039	-0.02822419175665663	0.06559018391955093	
0.25	0.1010615711252654	0.46051277938063384	0.35269937000747675	0.20855002230767586	0.1642858920833255	0.607539833817473	0.10416118455223482	0.04529019980970504	0.29466031158583905	0.24277855060941045	0.12728156223552972	0.10610898462899745	0.6269048025059694	0.0293729553821502	0.07194980329054694	
0.5	0.0893740902474527	0.417142822891198	0.3101753276379854	0.18294426476717948	0.14038631656346062	0.6138145832461106	0.09277772930322781	0.05727611940298507	0.3315760538732084	0.25225440137303196	0.13939512853389507	0.10785198070755349	0.6284570138663177	0.030577562322305196	0.07141043510106686	
1.0	0.0	0.39119586109583687	0.2654823376974874	0.14931075981876102	0.10132717638839905	0.5999802399748994	0.0	0.0	0.35553923255906417	0.24642504485969047	0.13560383011473073	0.09398903849009733	0.6151592823141706	-0.04438032504267551	0.0	
2.0	0.0	0.39071412045278214	0.26488582054551596	0.14862582871130972	0.10076117870364239	0.6114138031981864	0.0	0.0	0.3835073521113269	0.2605590771759749	0.14580244551386676	0.09905996271617801	0.6151592823141706	-0.02138899757317078	0.0	
4.0	0.3944576732179724	0.5092970693459714	0.47412559198012094	0.3150291710050866	0.2938626615250957	0.7063909523763201	0.40872560452866374	0.3850429261000738	0.4990701023271746	0.4620234020331669	0.2947892691510411	0.2737598684524245	0.7031138934835316	0.40298961520761345	0.4014716766693776	
8.0	0.43531004384416117	0.5698746931943899	0.5343749550929344	0.36068492486307085	0.33861512584105435	0.7266241540662135	0.4619069215201911	0.43531004384416117	0.5698746931943899	0.5343749550929344	0.36068492486307085	0.33861512584105435	0.7266241540662135	0.4619069215201911	0.4619069215201911	
16.0	0.4429130143123536	0.6000246667797132	0.5621409415854177	0.3789277041673989	0.355402210876	0.732404529711575	0.4787295981717031	0.4429130143123536	0.6000246667797132	0.5621409415854177	0.3789277041673989	0.355402210876	0.732404529711575	0.4787295981717031	0.4787295981717031	
