0.03125	0.5927849927849927	0.19999999999999998	0.19999999999999998	0.19999999999999998	0.19999999999999998	0.2	0.19999999999999996	0.01636536631779258	0.15453936768107315	0.15252153480096892	0.10882599561883428	0.10739892748325755	0.6190708522329983	0.04922107257800654	0.16764761527986677	
0.0625	0.5533822408098605	0.2600264912860327	0.2569503494244662	0.18631712258508498	0.18411297062550588	0.3690343920693454	0.22024097253872119	0.10963803300124135	0.17721412805969528	0.17367961789046435	0.11056738838582976	0.10842276312440147	0.6341812169057728	0.11411973146171368	0.19794319002510424	
0.125	0.5194678371706862	0.36401891572497513	0.3420791252081534	0.2608309507580662	0.2451104039053335	0.44046296349791686	0.286480797415308	0.14979026896698827	0.2346366926689294	0.22652620122069025	0.13979669307735335	0.13497356661277135	0.6445774773319235	0.1033605882299746	0.24109070936104118	
0.25	0.4098087976402095	0.3845763307519811	0.33989364199016847	0.23557177564516657	0.20873923704807318	0.5003737455051332	0.25026839348201396	0.16674353705002692	0.24302029085749913	0.22718003647778562	0.1337418072358024	0.12508564462565724	0.6386349117103886	0.0841461742776372	0.22236787209936656	
0.5	0.41855814982022344	0.38099296246116376	0.3562214220457325	0.2330209882340098	0.2196372258621988	0.6442798528078612	0.3250743644029243	0.28755276989813944	0.28635181647179503	0.2621623491590256	0.15534786357223007	0.1427509665685064	0.6528233528384041	0.23448971197565432	0.2632778147567778	
1.0	0.44476222162934453	0.3208475568380348	0.3088950468839958	0.19759525358688618	0.19026039386265195	0.6702316309311029	0.33385006491080815	0.386937751937643	0.2770061343214652	0.2606585420678117	0.1535765851891005	0.14453803958620473	0.6694482115492925	0.29603390771581883	0.3061135014420417	
2.0	0.42636978794671576	0.4368613991487888	0.41967145780435633	0.3072964582225432	0.29538389438610374	0.6872611469066672	0.35944207417795004	0.41473298538845055	0.42889642859147364	0.40896597452317235	0.2601388337819789	0.24805040232755976	0.683759327734397	0.3543236224079301	0.35093976992150355	
4.0	0.6954030541845458	0.6187040907517423	0.6087732638672824	0.47698647866084	0.4698611888117723	0.8241341409927608	0.6695240807698191	0.6954030541845458	0.6187040907517423	0.6087732638672824	0.47698647866084	0.4698611888117723	0.8241341409927608	0.6695240807698191	0.6695240807698191	
8.0	0.9544351073762838	0.9110973362745508	0.9110687590912647	0.9110973362745508	0.9110687590912647	0.9713109935332158	0.9480554932780187	0.9544351073762838	0.9110973362745508	0.9110687590912647	0.9110973362745508	0.9110687590912647	0.9713109935332158	0.9480554932780187	0.9480554932780187	
16.0	0.9120448179271708	0.8986339332472074	0.8950404883832508	0.858073740670293	0.8554948745441008	0.9505624852030081	0.9089937090948732	0.9120448179271708	0.8986339332472074	0.8950404883832508	0.858073740670293	0.8554948745441008	0.9505624852030081	0.9089937090948732	0.9089937090948732	
32.0	0.8562091503267973	0.8451541727696587	0.8386123452979712	0.7630600799209005	0.7583686053407179	0.9197218456981087	0.8521510433545672	0.8562091503267973	0.8451541727696587	0.8386123452979712	0.7630600799209005	0.7583686053407179	0.9197218456981087	0.8521510433545672	0.8521510433545672	
64.0	0.8993837192683367	0.8649147363127156	0.8619288664540985	0.8233808360408718	0.8212307403359951	0.9408613688896155	0.8917626901743982	0.8993837192683367	0.8649147363127156	0.8619288664540985	0.8233808360408718	0.8212307403359951	0.9408613688896155	0.8917626901743982	0.8917626901743982	
128.0	0.9544351073762838	0.9110973362745508	0.9110687590912647	0.9110973362745508	0.9110687590912647	0.9713109935332158	0.9480554932780187	0.9544351073762838	0.9110973362745508	0.9110687590912647	0.9110973362745508	0.9110687590912647	0.9713109935332158	0.9480554932780187	0.9480554932780187	
256.0	0.9544351073762838	0.9110973362745508	0.9110687590912647	0.9110973362745508	0.9110687590912647	0.9713109935332158	0.9480554932780187	0.9544351073762838	0.9110973362745508	0.9110687590912647	0.9110973362745508	0.9110687590912647	0.9713109935332158	0.9480554932780187	0.9480554932780187	
512.0	0.9544351073762838	0.9110973362745508	0.9110687590912647	0.9110973362745508	0.9110687590912647	0.9713109935332158	0.9480554932780187	0.9544351073762838	0.9110973362745508	0.9110687590912647	0.9110973362745508	0.9110687590912647	0.9713109935332158	0.9480554932780187	0.9480554932780187	
