0.03125	0.3995270935960591	0.41643962476613056	0.4017409051547226	0.3117965320325323	0.30317027570823185	0.4910430839002268	0.34117510420332914	0.01578006516160655	0.18965255802988695	0.18079952099868107	0.11137696988170102	0.1064900397904841	0.6184400243734747	-0.009174621745995778	0.12818232757213902	
0.0625	0.33405460965298694	0.47714272169089283	0.44437149717342495	0.30143022485624293	0.2827211410600713	0.5819502811482687	0.345766127151481	0.024900514287605945	0.1972425877553683	0.18899702268669044	0.10434484012607495	0.10038720879381971	0.6204195722545275	0.025366871772451848	0.1333412856841335	
0.125	0.2191439590939317	0.37142603642791866	0.3241905063787621	0.1882691633017739	0.1648309680275956	0.5326534881720684	0.23741491706269882	0.04020992473383901	0.2414872792293854	0.22139014886225325	0.11583515504273949	0.10629302845416708	0.6228178540016606	-0.0016286125456280664	0.14200856510316895	
0.25	0.18194567664557074	0.4445292550650814	0.37054297757635	0.21173499220197275	0.17645322695410032	0.6114252159952086	0.23521259515879528	0.06301899847078529	0.27398123180781786	0.23963767760368887	0.12664665383512957	0.11078560300788107	0.6270480733353792	0.07250525387538287	0.1541357023358441	
0.5	0.1648411966761618	0.4487105757151485	0.3682885997737325	0.20123885548717207	0.165298766492259	0.6283025117557497	0.24757738643303062	0.10179360186058717	0.35209743317998987	0.29102328625901586	0.15495407673334577	0.12813781236811678	0.6377923922923566	0.12211007127335541	0.20070405682857245	
1.0	0.1467353690160464	0.42077958475484484	0.34437065283964413	0.18749189385120918	0.15348606849803098	0.6285795020930933	0.21617883023979764	0.11602350648538243	0.3726274412257525	0.3038406019053662	0.16322270186252594	0.1331114834787222	0.637624106756914	0.1329857535959624	0.1962710522044514	
2.0	0.18834412436650075	0.471673252674475	0.3943565189063144	0.21495262679591348	0.17974422143616653	0.6536013068578257	0.27549425153307394	0.17630760770913428	0.4569851127498225	0.3793690830834989	0.2040045352615516	0.16938307771000854	0.6542319248211224	0.2446715316570446	0.2666671680286762	
4.0	0.21786444862860693	0.4933212654045084	0.41942332313631203	0.23160998819863857	0.197151845450438	0.6676812837554897	0.3101082571192189	0.2114650569869542	0.48506958766096886	0.41012482345345225	0.22343836113699456	0.1890664720889435	0.6652703322293464	0.30396115526699463	0.3046894234033388	
8.0	0.24941854105610378	0.5197616253951984	0.44517674420157577	0.24130126338683996	0.20677435657125054	0.6772014850680234	0.3439194955362034	0.24941854105610378	0.5197616253951984	0.44517674420157577	0.24130126338683996	0.20677435657125054	0.6772014850680234	0.3439194955362034	0.3439194955362034	
16.0	0.10546560091705967	0.4410616209736441	0.33683219417807975	0.1853431612154997	0.14328534774499035	0.6412760084171119	0.14110743354789013	0.10546560091705967	0.4410616209736441	0.33683219417807975	0.1853431612154997	0.14328534774499035	0.6412760084171119	0.14110743354789013	0.14110743354789013	
32.0	0.47139907227106176	0.5991691812493871	0.5661368019489401	0.40356386940141664	0.3835638292709881	0.7399333250375472	0.4912918988701394	0.47139907227106176	0.5991691812493871	0.5661368019489401	0.40356386940141664	0.3835638292709881	0.7399333250375472	0.4912918988701394	0.4912918988701394	
64.0	0.42645525074429413	0.4514462809692038	0.4122119030566121	0.29719906890418385	0.27756194794986255	0.5764708715233697	0.31749588852098365	0.42645525074429413	0.4514462809692038	0.4122119030566121	0.29719906890418385	0.27756194794986255	0.5764708715233697	0.31749588852098365	0.31749588852098365	
128.0	0.24650656408166127	0.3498879648494687	0.27424127429092426	0.20467121280118078	0.17586479449360046	0.5259583144865416	0.11929478029719132	0.24650656408166127	0.3498879648494687	0.27424127429092426	0.20467121280118078	0.17586479449360046	0.5259583144865416	0.11929478029719132	0.11929478029719132	
