0.03125	0.2636363636363636	0.19999999999999998	0.19999999999999998	0.19999999999999998	0.19999999999999998	0.2	0.19999999999999996	0.005708848715509039	0.13897783718713033	0.1382713849537533	0.07626391024971821	0.07579271616207306	0.6165194572938031	-0.12141632432233722	0.05589337756780821	
0.0625	0.18798549666287384	0.177132371048219	0.141647844015831	0.09038742938624984	0.07416317137549407	0.30681229858774656	0.04138634509469293	0.028709978992181105	0.15502472842855944	0.14227695489514278	0.07931531931006522	0.07376964730404519	0.6188228933935785	-0.08353785552162032	0.0714295439155254	
0.125	0.09707640575378293	0.22907773208206023	0.1669258455789577	0.1107295250468598	0.08406217901875941	0.34997776621364585	0.04138634509469293	0.023001130276672072	0.18634286693422514	0.16097914089635085	0.08226099938884032	0.0717715334736724	0.6174563788826992	-0.19553897620516586	0.038826144344831795	
0.25	0.0	0.35657898187792836	0.22818969926320537	0.13887042892481877	0.08885173631552465	0.4546228114011875	0.0	0.0	0.25443058545646663	0.1993594470057296	0.09895184759033478	0.07753653317254863	0.6151592823141706	-0.19755028554854187	0.0	
0.5	0.06245059288537549	0.38382360240995705	0.2780231669022795	0.16290243069192303	0.12112006526806503	0.596379147370883	0.0522973002416389	0.042702702702702704	0.3136588903367205	0.23423302293756162	0.12892717269302226	0.09762521258579974	0.6204231137363467	-0.015761542484749404	0.04284914641336605	
1.0	0.06776379477250725	0.3973778838530784	0.2901729053219848	0.17061198623000473	0.12828532279485502	0.6154250738610485	0.06460573342493253	0.063006300630063	0.36730337830341175	0.2700345248648703	0.15319686363776788	0.11496959070424403	0.6265522427406083	0.014234038086098208	0.06307803116779293	
2.0	0.06046948356807512	0.4164984484969934	0.3041452482456277	0.17211293743040595	0.1278336009602973	0.6307360129128039	0.07531768636070793	0.06046948356807512	0.41569432364990755	0.30319764015920353	0.1717444999338901	0.1274308620407828	0.6300814968325474	0.08301241940857866	0.07531768636070793	
4.0	0.23120211851410258	0.4686610300470845	0.39448432255819066	0.2438939130035563	0.21079849075807103	0.6713615242898383	0.25043648239842425	0.23120211851410258	0.4686610300470845	0.39448432255819066	0.2438939130035563	0.21079849075807103	0.6713615242898383	0.25043648239842425	0.25043648239842425	
8.0	0.35454890333414796	0.5421849140220406	0.4874493968769841	0.3215802735806542	0.29421033548543607	0.709199377356365	0.3785185638848635	0.35454890333414796	0.5421849140220406	0.4874493968769841	0.3215802735806542	0.29421033548543607	0.709199377356365	0.3785185638848635	0.3785185638848635	
16.0	0.5417944363299826	0.6968567555903094	0.6616351987681105	0.501358855750869	0.4799959016553947	0.784185887608614	0.5830452790349765	0.5417944363299826	0.6968567555903094	0.6616351987681105	0.501358855750869	0.4799959016553947	0.784185887608614	0.5830452790349765	0.5830452790349765	
32.0	0.5296347548525697	0.6518061405437033	0.6200251964218146	0.4740342764861912	0.4547581594816517	0.7752539684987757	0.5576924332899997	0.5296347548525697	0.6518061405437033	0.6200251964218146	0.4740342764861912	0.4547581594816517	0.7752539684987757	0.5576924332899997	0.5576924332899997	
64.0	0.5373773919257983	0.6707105647987619	0.6379704310997861	0.4855003894010993	0.46564249450957973	0.779320115256053	0.5684394204920965	0.5373773919257983	0.6707105647987619	0.6379704310997861	0.4855003894010993	0.46564249450957973	0.779320115256053	0.5684394204920965	0.5684394204920965	
128.0	0.5320221315420748	0.6531610421779755	0.6214960534656256	0.474856065868272	0.4556502793747773	0.7762552828409063	0.5601930878715843	0.5320221315420748	0.6531610421779755	0.6214960534656256	0.474856065868272	0.4556502793747773	0.7762552828409063	0.5601930878715843	0.5601930878715843	
256.0	0.5355099782936786	0.6701389774339979	0.6372439446861006	0.4851537041396655	0.4652018582258147	0.7786724926574462	0.566916388743372	0.5355099782936786	0.6701389774339979	0.6372439446861006	0.4851537041396655	0.4652018582258147	0.7786724926574462	0.566916388743372	0.566916388743372	
512.0	0.5436041083099907	0.6889244591923103	0.6550382715404601	0.49654767478355455	0.4759946630319317	0.7828542540762745	0.5780145836922603	0.5436041083099907	0.6889244591923103	0.6550382715404601	0.49654767478355455	0.4759946630319317	0.7828542540762745	0.5780145836922603	0.5780145836922603	
