0.03125	0.5797569786535304	0.41643962476613056	0.4017409051547226	0.3117965320325323	0.30317027570823185	0.6910430839002267	0.5411751042033291	0.03595133062307182	0.2012620558025965	0.19316799980997973	0.13402030622697145	0.12763488796143824	0.6235849887741446	0.10991950104473305	0.17650406371781002	
0.0625	0.3694959739381646	0.4682105343612843	0.43647266661415884	0.2949459467167149	0.27695454371476064	0.576250614941317	0.33072079435569923	0.040880609864865435	0.20178961935681244	0.19557748030428113	0.11102810148801708	0.10773941895896999	0.6242715136771894	0.06598844578512959	0.1513287376972119	
0.125	0.30449035274290553	0.38685026598914746	0.34560645675218615	0.20647377521689086	0.1854749995327495	0.5360819173480386	0.2586288195728528	0.06554969372655103	0.2521657637472247	0.23549766104775624	0.12897330399036339	0.12060652888634396	0.6270635352467977	0.05703228944788952	0.17136573434221244	
0.25	0.3587164825934844	0.49757974304740865	0.4451100036741714	0.2702344569561806	0.24278924052146572	0.6650790214976884	0.37787011007540144	0.13019169115920723	0.2894497879160465	0.2632037167158098	0.1469638156895001	0.13378370337042914	0.6428977432603552	0.18615372294045782	0.23325651946187875	
0.5	0.4537442243905184	0.5772893885019832	0.5351198434333855	0.3374595436690824	0.31326472823936713	0.7135442069745771	0.46954426719715475	0.2830820340022869	0.4204537149238696	0.3805449050786851	0.22455125520161245	0.2034506336193953	0.6836374235944519	0.3437494831791452	0.3637611615545711	
1.0	0.34782640256990927	0.5100969262396756	0.4620183005114356	0.28295368635631357	0.25677588576693494	0.6817465240499374	0.37738141144604825	0.27843891309722496	0.43613984837922776	0.3882536283670894	0.22528562084315693	0.20078342905209015	0.6779488496813155	0.302150262781827	0.33630939995440484	
2.0	0.4178317158529465	0.5770654576037547	0.5351507826755394	0.337500356728769	0.31314554168773323	0.7180513296762978	0.44861379653731	0.39087944117569295	0.5481278600646358	0.5020652611376629	0.293579357761648	0.269006568055023	0.7125982018762625	0.42381161100624853	0.4305218332819257	
4.0	0.44508471094539903	0.5879998718277205	0.5503640872037268	0.3611587494170272	0.3385206688009231	0.7288340203036918	0.46996554609132024	0.4337036603460499	0.5752362014525872	0.5352835621988051	0.3367456356086875	0.31410314920909255	0.7245864184503221	0.4631665690139961	0.46107626172966265	
8.0	0.4450146258687022	0.623069829534492	0.5790672682198059	0.363318687354159	0.33781639901493354	0.7348677999596764	0.4890675691773927	0.4450146258687022	0.623069829534492	0.5790672682198059	0.363318687354159	0.33781639901493354	0.7348677999596764	0.4890675691773927	0.4890675691773927	
16.0	0.4598746825085886	0.633411163218697	0.5922807781626196	0.38418329069638285	0.3592364511140856	0.7408956571314186	0.5023526954688045	0.4598746825085886	0.633411163218697	0.5922807781626196	0.38418329069638285	0.3592364511140856	0.7408956571314186	0.5023526954688045	0.5023526954688045	
32.0	0.44509896598884335	0.5938560910329502	0.55578194124848	0.360191926668581	0.33709878748180866	0.7288409513075236	0.4696238983516225	0.44509896598884335	0.5938560910329502	0.55578194124848	0.360191926668581	0.33709878748180866	0.7288409513075236	0.4696238983516225	0.4696238983516225	
64.0	0.44701293658777647	0.6024357676010426	0.5634997735082159	0.36539576355754716	0.3417798893738577	0.7312199516959852	0.4766063146454472	0.44701293658777647	0.6024357676010426	0.5634997735082159	0.36539576355754716	0.3417798893738577	0.7312199516959852	0.4766063146454472	0.4766063146454472	
128.0	0.44701293658777647	0.6028460539352893	0.5640214913469885	0.3656446147985288	0.34209632723879235	0.7312080801391704	0.476608827517332	0.44701293658777647	0.6028460539352893	0.5640214913469885	0.3656446147985288	0.34209632723879235	0.7312080801391704	0.476608827517332	0.476608827517332	
256.0	0.4541549953314659	0.6191813730793971	0.5789818136664883	0.375552486695621	0.3511702214047522	0.7372113983711996	0.4925886668935832	0.4541549953314659	0.6191813730793971	0.5789818136664883	0.375552486695621	0.3511702214047522	0.7372113983711996	0.4925886668935832	0.4925886668935832	
512.0	0.45471521942110177	0.6193152149122568	0.5791513417693152	0.3756336658708025	0.35127304539679954	0.737410071942446	0.4930441991961058	0.45471521942110177	0.6193152149122568	0.5791513417693152	0.3756336658708025	0.35127304539679954	0.737410071942446	0.4930441991961058	0.4930441991961058	
