0.03125	0.046516220643216664	0.28964350576626324	0.2892895959813794	0.16361288766110443	0.16344088322152844	0.9444939553230242	0.03367307663942562	0.018047028073736027	0.16728859923259803	0.1620258254053121	0.0889850072072058	0.08626072000975708	0.9709337134231477	-0.005399581917222167	0.02272854389380387	
0.0625	0.03870792369351924	0.2096984321343986	0.20939566140162844	0.09537872386340049	0.09525685746669045	0.9457697612771673	0.02056846302756484	0.0271534207139076	0.16283284163885564	0.16170265405872888	0.07371519701862614	0.07322315788282051	0.9636482198810581	-0.010397477137700756	0.019717550092242832	
0.125	0.03987123526079177	0.17329470196273927	0.17283802626963213	0.05425207296371918	0.05411699118097964	0.9461689162839282	0.023726483809969213	0.03715876571881404	0.16600525345646217	0.16557873455353897	0.0554698870060419	0.05533316130128063	0.9533449465922843	-0.00022368994026519194	0.02506767212658942	
0.25	0.06117990931716446	0.17731626783412305	0.17619101056138137	0.032172499170168886	0.03198323175385562	0.9433717253972838	0.06372758029246504	0.06082344732766319	0.18042620512029472	0.17937659312953486	0.03804197330728907	0.03783628011575416	0.9443376852414085	0.05866666767616504	0.06373030762530893	
0.5	0.12183772417573176	0.22629816743404088	0.22272181786291276	0.016905600188692044	0.0166706999983506	0.9358291750357797	0.17884109394792125	0.12183297676214462	0.22649304358018368	0.2229247486120003	0.017606076155034355	0.017353180452602	0.9358601495595952	0.1787289028335105	0.17884492379021116	
1.0	0.20566157290827425	0.3660847061587431	0.3553224571200334	0.006898534814635475	0.006701150992456416	0.9326548787464484	0.3446813061307436	0.20566157290827425	0.3660847061587431	0.3553224571200334	0.006898534814635475	0.006701150992456416	0.9326548787464484	0.3446813061307436	0.3446813061307436	
2.0	0.3031460665500663	0.5197257920626507	0.5077617063722497	0.01389671276961835	0.013589545822553733	0.9517040345694406	0.4833028950925101	0.3031460665500663	0.5197257920626507	0.5077617063722497	0.01389671276961835	0.013589545822553733	0.9517040345694406	0.4833028950925101	0.4833028950925101	
4.0	0.35031541601735683	0.6525429047266116	0.638173867077783	0.020875309136088087	0.020426959055539803	0.9561991107442104	0.548199169293396	0.35031541601735683	0.6525429047266116	0.638173867077783	0.020875309136088087	0.020426959055539803	0.9561991107442104	0.548199169293396	0.548199169293396	
8.0	0.39270656088237266	0.7566215679222354	0.7424321286718686	0.03662281403475929	0.03595623744261371	0.9612334469565245	0.5973653886823045	0.39270656088237266	0.7566215679222354	0.7424321286718686	0.03662281403475929	0.03595623744261371	0.9612334469565245	0.5973653886823045	0.5973653886823045	
16.0	0.2877816305578379	0.7566833352992857	0.7353310886573395	0.03155908392741733	0.030721135047118004	0.9309275351420311	0.49650145660784994	0.2877816305578379	0.7566833352992857	0.7353310886573395	0.03155908392741733	0.030721135047118004	0.9309275351420311	0.49650145660784994	0.49650145660784994	
