0.03125	0.0	0.723194833146193	0.6868003683538912	0.29030056361153117	0.27569140556154437	0.9717820754596305	0.0	0.0	0.4356031302773853	0.435500473637427	0.1760829183141789	0.1760415559350582	0.9762922174977181	-0.018738377340214194	0.0	
0.0625	0.0	0.7038266732084222	0.6625376465315668	0.2747160495623376	0.25860068963720767	0.973090988057433	0.0	0.0	0.5489877123653162	0.5365084777795974	0.21482896066481216	0.2099457415476494	0.9762922174977181	-0.02510964976378536	0.0	
0.125	0.0	0.6950556594236164	0.6514748698826784	0.26784135685942667	0.2510475065952109	0.9747188999125944	0.0	0.0	0.6466889706052013	0.6128774206644235	0.249413012363481	0.2363727207263159	0.9762922174977181	-0.02878626716063538	0.0	
0.25	0.0	0.6942485239307323	0.6504549921973339	0.2665875126055391	0.24977106631287813	0.9760900625942028	0.0	0.0	0.6906341377025441	0.6475323252251284	0.2652421813136401	0.24868868531634486	0.9762922174977181	-0.01233446609850314	0.0	
0.5	0.14578545783146163	0.3752560870436247	0.36227437268652085	0.06367624941622915	0.060152004903221826	0.9502111094747784	0.22878235568938474	0.14578545783146163	0.3752608866019669	0.36228044123179143	0.06367578670852134	0.060152174734163455	0.9502172992471565	0.22753569658620626	0.22878235568938474	
1.0	0.25134794314893816	0.4305725049936422	0.4182460749432921	0.0060304041450305055	0.005873171819238787	0.9420665055407182	0.41321752441847776	0.25134794314893816	0.4305725049936422	0.4182460749432921	0.0060304041450305055	0.005873171819238787	0.9420665055407182	0.41321752441847776	0.41321752441847776	
2.0	0.30859195795449257	0.5422588005925906	0.5283385384329014	0.009064796020198941	0.008838085104061862	0.9514334586886832	0.4939312568600237	0.30859195795449257	0.5422588005925906	0.5283385384329014	0.009064796020198941	0.008838085104061862	0.9514334586886832	0.4939312568600237	0.4939312568600237	
4.0	0.3949511822135095	0.6774599574746415	0.6642501686765929	0.022233818859962437	0.02182852241525983	0.9636914361353108	0.5899212569613206	0.3949511822135095	0.6774599574746415	0.6642501686765929	0.022233818859962437	0.02182852241525983	0.9636914361353108	0.5899212569613206	0.5899212569613206	
8.0	0.43512682451912144	0.7502675914361365	0.7369321321379722	0.029071797094110147	0.028583554487561363	0.9681299357410402	0.6320478772865689	0.43512682451912144	0.7502675914361365	0.7369321321379722	0.029071797094110147	0.028583554487561363	0.9681299357410402	0.6320478772865689	0.6320478772865689	
16.0	0.41794125359553397	0.7718630822932286	0.7561989985750264	0.022162845127379018	0.02172180395871213	0.9653638178228088	0.6213015181855086	0.41794125359553397	0.7718630822932286	0.7561989985750264	0.022162845127379018	0.02172180395871213	0.9653638178228088	0.6213015181855086	0.6213015181855086	
