0.03125	0.03998404041026029	0.293451928986885	0.29333543045211635	0.18875392740907157	0.18869884524064434	0.9486749334216021	0.02584209618256032	0.014751383512691684	0.17069736819424572	0.1659848979111668	0.10371543228165743	0.10096080273877202	0.9717590124951215	-0.008842348877703504	0.01812935231702179	
0.0625	0.0351874020671668	0.2083645841660077	0.2081676037017067	0.10792437991084429	0.10784593352425409	0.9481011103083963	0.01638861154442549	0.024361720543603964	0.1621435631188937	0.1612125623872748	0.08325982380334662	0.08280918935688808	0.9646893821354687	-0.01309488222564798	0.01633514916895479	
0.125	0.03488088119225513	0.15956382797170163	0.15916219836770473	0.048870491741514886	0.04875732787981849	0.9461770292143497	0.014309989738824386	0.032473669064681264	0.15380206974462246	0.1534240548349804	0.050532139297344715	0.05041591409597791	0.9533568130824923	-0.007457555625149359	0.016277015127852908	
0.25	0.03681639387217329	0.13483292350427717	0.13403552016059453	0.024550107503681064	0.024409616556766028	0.9411643143996884	0.01558143718598281	0.03660993803206364	0.13871287510189007	0.13796312636629982	0.029335457216995424	0.029181182162129414	0.94217800239765	0.012115137119230712	0.015970816406511067	
0.5	0.049513377438579455	0.11553291640412769	0.11254776552837813	0.0034570739430802556	0.0033708977226086607	0.9119292177862027	0.03243371154558022	0.0495113041262127	0.11578140211989969	0.11279654918188682	0.003910415617947013	0.0038139916238006492	0.911963104665934	0.03236018262149973	0.032451624265224153	
1.0	0.11756175177057841	0.2076223373606302	0.20183503312453804	0.005283153992646446	0.005150761196446829	0.9215530840249553	0.1773789957927979	0.11756175177057841	0.2076223373606302	0.20183503312453804	0.005283153992646446	0.005150761196446829	0.9215530840249553	0.1773789957927979	0.1773789957927979	
2.0	0.212615689680299	0.37587100890436614	0.36381154033174534	0.005151848211434368	0.005009784965391555	0.9319227033604675	0.3556802777524999	0.212615689680299	0.37587100890436614	0.36381154033174534	0.005151848211434368	0.005009784965391555	0.9319227033604675	0.3556802777524999	0.3556802777524999	
4.0	0.31272362473362164	0.5462711000694982	0.5343882155747628	0.01745517815011603	0.017083696693812205	0.9532072178119584	0.49561957607691864	0.31272362473362164	0.5462711000694982	0.5343882155747628	0.01745517815011603	0.017083696693812205	0.9532072178119584	0.49561957607691864	0.49561957607691864	
8.0	0.3776064115818165	0.7029796568790718	0.6892331597949501	0.029426142954389854	0.028863771334143768	0.9605640561211775	0.5787529947393741	0.3776064115818165	0.7029796568790718	0.6892331597949501	0.029426142954389854	0.028863771334143768	0.9605640561211775	0.5787529947393741	0.5787529947393741	
16.0	0.37524203581739923	0.7656954380652323	0.7507530537211713	0.040777711483024684	0.04002894366936553	0.9568609258998059	0.581269086756456	0.37524203581739923	0.7656954380652323	0.7507530537211713	0.040777711483024684	0.04002894366936553	0.9568609258998059	0.581269086756456	0.581269086756456	
