0.03125	0.050373744140525464	0.297243981924429	0.2968322781864218	0.16792341061003482	0.16774185680025241	0.9443912225598258	0.04061491576128242	0.019695684716994205	0.17130277978785072	0.1658580511709363	0.09127010153371404	0.08848024863499611	0.9709267685960757	-0.002869115883811266	0.026717431852725758	
0.0625	0.04384059312604369	0.2139837410924288	0.21351182569837643	0.08557823678661884	0.0854052569125586	0.9443006234394291	0.028918985029929418	0.03103372361737878	0.16538838392964506	0.16403593035382116	0.06600953293824377	0.06547981259166057	0.9629565905505986	-0.005881291329120692	0.026029916667840027	
0.125	0.04411006605250897	0.17757010711316004	0.17702219978122433	0.05194917725018076	0.05182168934786208	0.9459197796979171	0.03168653803060798	0.041131331311138324	0.16983770331318876	0.16933764143580188	0.05304453560654167	0.052914192524156044	0.9531921285135618	0.005823572385955924	0.03246327644224313	
0.25	0.06404104463944217	0.18554894271618755	0.18428312997144913	0.032198807755196145	0.03198385050464984	0.9418910120580246	0.06839378666433087	0.06366689687782481	0.1885714156914609	0.18739069746166895	0.038281440046221846	0.03804608666673886	0.9428823900695612	0.0632545314503885	0.06835324803406286	
0.5	0.13718834569421057	0.2475591713895994	0.24338099529233342	0.01874420340073768	0.018467895641844943	0.9358842709346205	0.20937193576028762	0.1371813508647157	0.247737754681128	0.24356967860295517	0.019539817500999684	0.01924361723182711	0.9359117779160491	0.20923016654347984	0.2093661981753053	
1.0	0.2246069076432638	0.39096626058217715	0.3798004726708798	0.007565419793546422	0.0073596180586619625	0.93765182003183	0.3743337521480453	0.2246069076432638	0.39096626058217715	0.3798004726708798	0.007565419793546422	0.0073596180586619625	0.93765182003183	0.3743337521480453	0.3743337521480453	
2.0	0.2936096986109892	0.5378201709584942	0.5239975581967871	0.013070388709173195	0.012756239470730396	0.9477490005468392	0.47643480649971426	0.2936096986109892	0.5378201709584942	0.5239975581967871	0.013070388709173195	0.012756239470730396	0.9477490005468392	0.47643480649971426	0.47643480649971426	
4.0	0.387881655160648	0.691228329403337	0.6785699644928873	0.03162272060670179	0.031065866850740965	0.9625866502778363	0.5854100548348071	0.387881655160648	0.691228329403337	0.6785699644928873	0.03162272060670179	0.031065866850740965	0.9625866502778363	0.5854100548348071	0.5854100548348071	
8.0	0.3816632614043085	0.7624461956215733	0.7478737849506975	0.039807556637392515	0.03906300964888657	0.95861561989102	0.5875242354669885	0.3816632614043085	0.7624461956215733	0.7478737849506975	0.039807556637392515	0.03906300964888657	0.95861561989102	0.5875242354669885	0.5875242354669885	
16.0	0.24608440754853705	0.7546202386433352	0.7308018279114867	0.034430936569360665	0.03342044738444093	0.91615164142917	0.45412786858623894	0.24608440754853705	0.7546202386433352	0.7308018279114867	0.034430936569360665	0.03342044738444093	0.91615164142917	0.45412786858623894	0.45412786858623894	
