0.03125	0.0	0.723194833146193	0.6868003683538912	0.29030056361153117	0.27569140556154437	0.9717820754596305	0.0	0.0	0.4356031302773853	0.435500473637427	0.1760829183141789	0.1760415559350582	0.9762922174977181	-0.018738377340214194	0.0	
0.0625	0.0	0.7038266732084222	0.6625376465315668	0.2747160495623376	0.25860068963720767	0.973090988057433	0.0	0.0	0.5489877123653162	0.5365084777795974	0.21482896066481216	0.2099457415476494	0.9762922174977181	-0.02510964976378536	0.0	
0.125	0.0	0.6950556594236164	0.6514748698826784	0.26784135685942667	0.2510475065952109	0.9747188999125944	0.0	0.0	0.6466889706052013	0.6128774206644235	0.249413012363481	0.2363727207263159	0.9762922174977181	-0.02878626716063538	0.0	
0.25	0.0	0.6942485239307323	0.6504549921973339	0.2665875126055391	0.24977106631287813	0.9760900625942028	0.0	0.0	0.6906341377025441	0.6475323252251284	0.2652421813136401	0.24868868531634486	0.9762922174977181	-0.01233446609850314	0.0	
0.5	0.1485306149328352	0.38199525807334356	0.3698087937041571	0.06788015430125968	0.06432015596772997	0.9537805550170806	0.22984426709389888	0.1485306149328352	0.3820000576316859	0.3698148622494277	0.06787969159355187	0.06432032579867161	0.9537867447894584	0.22859760799072043	0.22984426709389888	
1.0	0.25183882628340304	0.42841722320418746	0.41670867402675354	0.00653980189721038	0.0063721866822098695	0.9434960311466856	0.4121367898347977	0.25183882628340304	0.42841722320418746	0.41670867402675354	0.00653980189721038	0.0063721866822098695	0.9434960311466856	0.4121367898347977	0.4121367898347977	
2.0	0.31037156680002775	0.5379896351969571	0.5248224883746886	0.01024063045461316	0.009998628032814188	0.9524457258992453	0.4934372197448507	0.31037156680002775	0.5379896351969571	0.5248224883746886	0.01024063045461316	0.009998628032814188	0.9524457258992453	0.4934372197448507	0.4934372197448507	
4.0	0.3768160184061036	0.6583157012923164	0.644419655777772	0.016827558658948756	0.01647235443008959	0.9614479544696042	0.5738553720531796	0.3768160184061036	0.6583157012923164	0.644419655777772	0.016827558658948756	0.01647235443008959	0.9614479544696042	0.5738553720531796	0.5738553720531796	
8.0	0.42533853145688366	0.7454698974318003	0.7315205972809596	0.026568366996937032	0.02610332883575491	0.9667903040816681	0.6240338416387456	0.42533853145688366	0.7454698974318003	0.7315205972809596	0.026568366996937032	0.02610332883575491	0.9667903040816681	0.6240338416387456	0.6240338416387456	
16.0	0.4270773970226724	0.7814942926678509	0.7663253579239585	0.024878934900801786	0.024408889479886446	0.9665796857034021	0.6290620608105872	0.4270773970226724	0.7814942926678509	0.7663253579239585	0.024878934900801786	0.024408889479886446	0.9665796857034021	0.6290620608105872	0.6290620608105872	
