0.03125	0.0	0.723194833146193	0.6868003683538912	0.29030056361153117	0.27569140556154437	0.9717820754596305	0.0	0.0	0.4356031302773853	0.435500473637427	0.1760829183141789	0.1760415559350582	0.9762922174977181	-0.018738377340214194	0.0	
0.0625	0.0	0.7038266732084222	0.6625376465315668	0.2747160495623376	0.25860068963720767	0.973090988057433	0.0	0.0	0.5489877123653162	0.5365084777795974	0.21482896066481216	0.2099457415476494	0.9762922174977181	-0.02510964976378536	0.0	
0.125	0.0	0.6950556594236164	0.6514748698826784	0.26784135685942667	0.2510475065952109	0.9747188999125944	0.0	0.0	0.6466889706052013	0.6128774206644235	0.249413012363481	0.2363727207263159	0.9762922174977181	-0.02878626716063538	0.0	
0.25	0.0	0.6942485239307323	0.6504549921973339	0.2665875126055391	0.24977106631287813	0.9760900625942028	0.0	0.0	0.6906341377025441	0.6475323252251284	0.2652421813136401	0.24868868531634486	0.9762922174977181	-0.01233446609850314	0.0	
0.5	0.13591915126606816	0.35892198282681076	0.3474087800642431	0.07092629216317532	0.06737960690889502	0.9529794224985334	0.20627471067763317	0.13591915126606816	0.35892678238515296	0.3474148486095137	0.0709258294554675	0.06737977673983664	0.9529856122709115	0.2050280515744547	0.20627471067763317	
1.0	0.24653743686710156	0.4151299761605792	0.40422588385783154	0.0072706455459708285	0.007094780115836629	0.9436567089371566	0.40161667659329375	0.24653743686710156	0.4151299761605792	0.40422588385783154	0.0072706455459708285	0.007094780115836629	0.9436567089371566	0.40161667659329375	0.40161667659329375	
2.0	0.29359008970779915	0.5184733601134887	0.5043671549595266	0.007879074414030521	0.007677866509184965	0.9485436694328339	0.4751821457756148	0.29359008970779915	0.5184733601134887	0.5043671549595266	0.007879074414030521	0.007677866509184965	0.9485436694328339	0.4751821457756148	0.4751821457756148	
4.0	0.3933125105779137	0.6719342770382148	0.6589878610623977	0.021389513104379414	0.020988217731762727	0.9639505050566705	0.5880297207555185	0.3933125105779137	0.6719342770382148	0.6589878610623977	0.021389513104379414	0.020988217731762727	0.9639505050566705	0.5880297207555185	0.5880297207555185	
8.0	0.4304812051204869	0.7548222487092942	0.7409216899366504	0.026287220559508634	0.025815225899111928	0.9675306011806875	0.6293636308288375	0.4304812051204869	0.7548222487092942	0.7409216899366504	0.026287220559508634	0.025815225899111928	0.9675306011806875	0.6293636308288375	0.6293636308288375	
16.0	0.44613104085118216	0.7884483167747487	0.7744573743791404	0.03059346021238522	0.03007953035160025	0.9690077757341564	0.6444148138481125	0.44613104085118216	0.7884483167747487	0.7744573743791404	0.03059346021238522	0.03007953035160025	0.9690077757341564	0.6444148138481125	0.6444148138481125	
