0.03125	0.03923852331740693	0.2878629221750947	0.28766316440551254	0.18404546096741778	0.18394724070900562	0.9480269978144203	0.024070626116973307	0.014578993340540988	0.16748465936713147	0.1628023978892204	0.10094161222886311	0.0982489844247551	0.9716120829701598	-0.009314442229026196	0.01705422767954915	
0.0625	0.035477001855646874	0.20901152368687867	0.20882404473621316	0.10141954383738865	0.10133353193869536	0.947828216557733	0.01638379567621099	0.02460849058924738	0.16258510383624275	0.16160833774233133	0.07843699512491029	0.07797066138638617	0.9645687461195045	-0.012884988143693456	0.0163797763063103	
0.125	0.034844850190565525	0.15013746765704986	0.14965721951570654	0.04160922932598342	0.04148057601152481	0.9441613933192026	0.012640396513659325	0.032516220228746104	0.14542739793506734	0.1449784632467813	0.04361281214723846	0.04348314240175367	0.9517393517771356	-0.008047735770585924	0.014857959843686675	
0.25	0.03707857495424326	0.13270858855093332	0.1318633176839213	0.022497537388199373	0.02235797877412245	0.94022489152263	0.015650150917559384	0.03687007825928753	0.13664237204579338	0.13584584266316424	0.027137597738269147	0.026983425593715638	0.9412798495176684	0.01227734594363807	0.016044462189955342	
0.5	0.04867616986662299	0.11309720817465066	0.11028279657950639	0.0037314934516517835	0.0036454024176554925	0.9122517986864533	0.03101567290200819	0.04867402734887525	0.11334828937566951	0.11053413948954238	0.004103914371582222	0.0040077870346436105	0.9122883515336795	0.030944377750674823	0.031033477456152408	
1.0	0.08390958629875242	0.17332082312371894	0.16906533677398627	0.005826006822789527	0.005705063670030258	0.9208618819823615	0.10839768929255471	0.08390958629875242	0.17332082312371894	0.16906533677398627	0.005826006822789527	0.005705063670030258	0.9208618819823615	0.10839768929255471	0.10839768929255471	
2.0	0.2079496688904218	0.35056454247716606	0.341461676752058	0.00771432163050448	0.00753025696348453	0.9377696472657222	0.3410576406008	0.2079496688904218	0.35056454247716606	0.341461676752058	0.00771432163050448	0.00753025696348453	0.9377696472657222	0.3410576406008	0.3410576406008	
4.0	0.22622774863313308	0.4340005269373709	0.41822869737013724	0.003947430789299057	0.003816436993892601	0.9305937604446448	0.3897126556490287	0.22622774863313308	0.4340005269373709	0.41822869737013724	0.003947430789299057	0.003816436993892601	0.9305937604446448	0.3897126556490287	0.3897126556490287	
8.0	0.2494716970684779	0.5145129730605029	0.4959893544324948	0.0055404719060746285	0.005358109452502974	0.9330269301112264	0.4293236284844778	0.2494716970684779	0.5145129730605029	0.4959893544324948	0.0055404719060746285	0.005358109452502974	0.9330269301112264	0.4293236284844778	0.4293236284844778	
16.0	0.2576047820719309	0.50805001885737	0.49027679924080064	0.004279261632461579	0.004135000533454766	0.9367285251338341	0.43911254454968607	0.2576047820719309	0.50805001885737	0.49027679924080064	0.004279261632461579	0.004135000533454766	0.9367285251338341	0.43911254454968607	0.43911254454968607	
