0.03125	0.04671496415267231	0.2939393466374933	0.29362747285949153	0.17061059633945344	0.17044964119182637	0.9449838364153071	0.03445880195293605	0.0180395985559241	0.16964265485595437	0.1643839100765137	0.09231086394592848	0.08949163852150568	0.9710074341331735	-0.005292342536019843	0.023196124953151452	
0.0625	0.046257268712718055	0.22120029692881596	0.22079900233585043	0.09128467040678061	0.09112493476175482	0.9458039916066614	0.03457380418205619	0.03255300316660579	0.17078704118333618	0.16948170975101723	0.07045698274775294	0.06992500296273088	0.9636623899577245	-0.003495930806975217	0.030261498385812408	
0.125	0.04715863170987848	0.18135624558170665	0.18080792680755617	0.05289435635310645	0.05274466511937803	0.9458625804291374	0.03708895001226971	0.04398565849853942	0.1731354549148964	0.1726318713485526	0.054210137210608425	0.054060175212116326	0.9531263685822278	0.009948356575140201	0.03749935508635709	
0.25	0.06760291859446366	0.18097702519774497	0.1798021877856974	0.030513161164254066	0.030321781813501796	0.943713394403181	0.07566165766108092	0.06723417456343524	0.18411428314859926	0.18301513703326328	0.03643273395969602	0.036222745641005694	0.9446719839067038	0.0704174452920822	0.07563514563037445	
0.5	0.1593760730308879	0.27256643026481014	0.2658035802100149	0.008711852774386162	0.008527317887277076	0.9314006549513723	0.25578464356413605	0.15936888090975648	0.2727303848395346	0.26598352924642177	0.009158204431872263	0.008958145238955703	0.931430349065127	0.2556474311088309	0.2557750586093283	
1.0	0.23114183707438923	0.4054704420144281	0.3940019213226885	0.006646974060092193	0.006461277739287336	0.9386258398992424	0.385057663712718	0.23114183707438923	0.4054704420144281	0.3940019213226885	0.006646974060092193	0.006461277739287336	0.9386258398992424	0.385057663712718	0.385057663712718	
2.0	0.3077381294390441	0.5431984941042814	0.5300359918656616	0.012631563394893514	0.012330420474464176	0.9516045680722396	0.4924763948711254	0.3077381294390441	0.5431984941042814	0.5300359918656616	0.012631563394893514	0.012330420474464176	0.9516045680722396	0.4924763948711254	0.4924763948711254	
4.0	0.38316461373231	0.6967900849778441	0.6831793113781094	0.02632211762723221	0.02581445959918464	0.9614713898609775	0.5833719152110649	0.38316461373231	0.6967900849778441	0.6831793113781094	0.02632211762723221	0.02581445959918464	0.9614713898609775	0.5833719152110649	0.5833719152110649	
8.0	0.33464555026478593	0.7457524690495451	0.7280495567777814	0.028209433202251687	0.027550068055478306	0.9490995339232414	0.545095415527491	0.33464555026478593	0.7457524690495451	0.7280495567777814	0.028209433202251687	0.027550068055478306	0.9490995339232414	0.545095415527491	0.545095415527491	
16.0	0.2231680137019918	0.7501024781644521	0.7239329644391951	0.03129817526844072	0.03024547674714483	0.9063458278156403	0.4288592381738354	0.2231680137019918	0.7501024781644521	0.7239329644391951	0.03129817526844072	0.03024547674714483	0.9063458278156403	0.4288592381738354	0.4288592381738354	
