0.03125	0.046987351877146165	0.271089323841647	0.2703729592180007	0.13517693307166256	0.13490962334202763	0.9399751187936467	0.030940600979210104	0.019089468070801037	0.15657351850581097	0.15109618041425876	0.07366913170084904	0.07123063091322056	0.9700904193909556	-0.005132422877414763	0.021478948733150392	
0.0625	0.0427656544406172	0.19833563553260936	0.19771302067233937	0.06857608226045879	0.06837135485107128	0.9420264045171534	0.025170227425800617	0.030627789830334214	0.153978007268497	0.1525197279541116	0.05360814680970662	0.05310576328539559	0.9619222294597698	-0.006957078802624672	0.023401179577163107	
0.125	0.039134563099314366	0.15301355055185778	0.15222515249660945	0.03312017838263402	0.032959340436214415	0.9403775395047479	0.018441265578938843	0.03669377596969186	0.14784974898346132	0.14714817720121787	0.03534380929567376	0.035184461007822576	0.9487132311094426	-0.0025967459401355195	0.020434823407192593	
0.25	0.03949818619866558	0.14521350521615362	0.14444629745756496	0.030333056294262473	0.03018039282219876	0.942310279802818	0.02151681128425138	0.039271727398238344	0.14889078700380465	0.14817311703709668	0.03559663486062088	0.0354325501362321	0.9432949053454788	0.01780732860208473	0.021853163749750465	
0.5	0.050258479639479436	0.12136841242664746	0.11937779748356044	0.014755095494741405	0.014522599517731735	0.921938374624012	0.03590714154381882	0.05025592586690082	0.12159950270223947	0.11961050258417316	0.015699718643147925	0.015453157090078218	0.9219684566064157	0.03582090602782869	0.03592221926519379	
1.0	0.11005125745081805	0.19955911181913744	0.1956669907597135	0.025195756386933665	0.024729674868596223	0.9261853293112233	0.16019364863258273	0.11005125745081805	0.19955911181913744	0.1956669907597135	0.025195756386933665	0.024729674868596223	0.9261853293112233	0.16019364863258273	0.16019364863258273	
2.0	0.15320918832183614	0.2584106217109539	0.2525763199329404	0.04094356453563902	0.04002309509077671	0.9285593233126107	0.24459459358843122	0.15320918832183614	0.2584106217109539	0.2525763199329404	0.04094356453563902	0.04002309509077671	0.9285593233126107	0.24459459358843122	0.24459459358843122	
4.0	0.2224383379936962	0.3963542246842793	0.3885066969544279	0.16781953737453234	0.1645442162080753	0.9397256265748443	0.36565346641795465	0.2224383379936962	0.3963542246842793	0.3885066969544279	0.16781953737453234	0.1645442162080753	0.9397256265748443	0.36565346641795465	0.36565346641795465	
8.0	0.310101237502587	0.5343426017034685	0.5286217971338084	0.4409522744453117	0.4362477056475725	0.9560656644655561	0.4822922406493323	0.310101237502587	0.5343426017034685	0.5286217971338084	0.4409522744453117	0.4362477056475725	0.9560656644655561	0.4822922406493323	0.4822922406493323	
16.0	0.45309476086870826	0.7261634129891841	0.7261080155968715	0.34466632575875467	0.3446399479745573	0.9750788469737615	0.6231028478032923	0.45309476086870826	0.7261634129891841	0.7261080155968715	0.34466632575875467	0.3446399479745573	0.9750788469737615	0.6231028478032923	0.6231028478032923	
