0.03125	0.04817327070770565	0.2873563204648177	0.2868947926513886	0.1596676664268166	0.15947825653003866	0.9434798371897465	0.035967697397923014	0.018965016687398778	0.1660841031989616	0.1607434400965928	0.08724320449263818	0.08459656870289392	0.9707814390314347	-0.00420905166732468	0.024191346253727743	
0.0625	0.04476816366635743	0.2144351781630839	0.2139512196053786	0.0843182703137023	0.0841447722786093	0.9443804573903675	0.030745312816798674	0.03166791482564306	0.1657013631802105	0.16433733039464005	0.0650847236074045	0.06455984196782831	0.9629946408020646	-0.005105950300685347	0.027383688113479097	
0.125	0.04040457771278818	0.16099797695038637	0.1602586932062671	0.03817573624863971	0.038026332452442066	0.9412926856823793	0.02165470683062777	0.037841855021179344	0.15495309978578656	0.1542999102179618	0.04002068887813271	0.03987048058598201	0.9494905403543623	-0.0006289023955583944	0.023333784035452953	
0.25	0.04055404808196247	0.1434535214516024	0.1424144904218063	0.02234428113461493	0.022186763303116672	0.9387417613012448	0.02159047755705053	0.040335337257404374	0.14722746019062088	0.14625008490875685	0.02714085701952231	0.026964324488961976	0.9398255043241062	0.018135318232902115	0.021955218675396106	
0.5	0.05212490406524696	0.1447512331805498	0.14298046177375426	0.014248067514463805	0.01408802141322497	0.9316776355747829	0.042511790933050006	0.052121161261911075	0.1449638127380414	0.14319600999032697	0.015130353230162475	0.014958891652681935	0.9317035591976843	0.04240024893820795	0.04252174206403782	
1.0	0.12254627499523414	0.21899149191263892	0.21214899939325269	0.0045642987398172696	0.004427045997529545	0.9164357822497633	0.1918262808119186	0.12254627499523414	0.21899149191263892	0.21214899939325269	0.0045642987398172696	0.004427045997529545	0.9164357822497633	0.1918262808119186	0.1918262808119186	
2.0	0.21901908708155826	0.39728683838301604	0.3831983781374646	0.0033635993791986674	0.0032479572285692452	0.9306234438864239	0.3754115768169962	0.21901908708155826	0.39728683838301604	0.3831983781374646	0.0033635993791986674	0.0032479572285692452	0.9306234438864239	0.3754115768169962	0.3754115768169962	
4.0	0.30513617736635185	0.5684191278037847	0.5541929428430147	0.015176135800430151	0.01480862676728605	0.9489587735672421	0.4948627711765015	0.30513617736635185	0.5684191278037847	0.5541929428430147	0.015176135800430151	0.01480862676728605	0.9489587735672421	0.4948627711765015	0.4948627711765015	
8.0	0.3627895563287811	0.6945205884865304	0.6790698686964995	0.02202170336261975	0.021539414538354968	0.9574709642010705	0.5669860690383185	0.3627895563287811	0.6945205884865304	0.6790698686964995	0.02202170336261975	0.021539414538354968	0.9574709642010705	0.5669860690383185	0.5669860690383185	
16.0	0.3630474318701392	0.7407235532783811	0.7240975714957736	0.02871217942582981	0.028105380512134858	0.953714932736651	0.5688071937554972	0.3630474318701392	0.7407235532783811	0.7240975714957736	0.02871217942582981	0.028105380512134858	0.953714932736651	0.5688071937554972	0.5688071937554972	
