0.03125	0.05032819556165	0.3208689080909175	0.3207738859656019	0.2101480042928717	0.21010017746613122	0.9504749756727122	0.04671960624861486	0.018330727339020615	0.1854513646252335	0.18043093191125575	0.11466187494639177	0.11164567161162706	0.9721014766033225	-0.0030988948560750533	0.02989522331370425	
0.0625	0.04854153334287309	0.2493371217731098	0.2491101881607741	0.12282158415592934	0.12272694248837528	0.9494898464497572	0.04217789725494474	0.03342568323377428	0.19141124859039005	0.1902815167689313	0.09316850310573792	0.0926325540512424	0.9653345132680089	-0.0016385201120889727	0.03570543020942971	
0.125	0.059672159521660585	0.20732625265297502	0.20664630827855288	0.059484848032822314	0.05930782595107205	0.9463852884052713	0.06088728827818287	0.05564342671763027	0.19616457824675865	0.19555575619833324	0.06036830044548056	0.06019296207362124	0.95353643530073	0.02793354260707025	0.05948284093590227	
0.25	0.13650862858370955	0.2437903008264411	0.23979517921525928	0.016205875035190997	0.01595313176560372	0.9366406924108036	0.20655946491066496	0.1358276105164706	0.2457935955287894	0.24205307978753016	0.021638336082355752	0.021321223302009175	0.9377908933457639	0.19920900798226324	0.20539373352307883	
0.5	0.20430735589707966	0.365613484422429	0.3546950938875131	0.007250741703793304	0.007049781539219417	0.9317598385705803	0.3412234403050373	0.20429665173452355	0.36573803894084955	0.3548368040842048	0.00836986046995478	0.008141689403975087	0.9317827416392485	0.3410397428827112	0.34120531151009914	
1.0	0.2958176317769333	0.5410483676036014	0.5276144223683057	0.012680090275836076	0.012371119374315242	0.9488339433026519	0.47898520841201525	0.2958176317769333	0.5410483676036014	0.5276144223683057	0.012680090275836076	0.012371119374315242	0.9488339433026519	0.47898520841201525	0.47898520841201525	
2.0	0.353448755213445	0.6537173835728713	0.6394147853389242	0.020781558282319874	0.02034222350169439	0.9568623947399917	0.5503598711898753	0.353448755213445	0.6537173835728713	0.6394147853389242	0.020781558282319874	0.02034222350169439	0.9568623947399917	0.5503598711898753	0.5503598711898753	
4.0	0.37278665939211764	0.7200201394668049	0.7053038723064528	0.032879012782296144	0.032243997117765114	0.9579301242917511	0.575847784066007	0.37278665939211764	0.7200201394668049	0.7053038723064528	0.032879012782296144	0.032243997117765114	0.9579301242917511	0.575847784066007	0.575847784066007	
8.0	0.3511514127269021	0.7294006983746831	0.7126556901314868	0.028327674386803003	0.0277125915873463	0.9534925545723464	0.5581507386560556	0.3511514127269021	0.7294006983746831	0.7126556901314868	0.028327674386803003	0.0277125915873463	0.9534925545723464	0.5581507386560556	0.5581507386560556	
16.0	0.32842883113182364	0.6811088606210782	0.6620383696846411	0.01579603177080925	0.01540725748467391	0.9486777831610296	0.5329968684486829	0.32842883113182364	0.6811088606210782	0.6620383696846411	0.01579603177080925	0.01540725748467391	0.9486777831610296	0.5329968684486829	0.5329968684486829	
