0.03125	0.05188172179814282	0.3688765982132558	0.3683287163618737	0.31179567418912957	0.31137491037791853	0.9491237331524276	0.05037457630339672	0.01498957408134452	0.19939951112027482	0.19127279065336222	0.1613574372360343	0.1549432963940052	0.972041665967463	0.014231079058645476	0.02413478301934172	
0.0625	0.057009922624250906	0.29229110120765295	0.2910690625976463	0.16644404517815678	0.165806243573898	0.9442541242839344	0.05713305751219057	0.029468822962960876	0.19501378963952765	0.19115043898725687	0.1039622670580104	0.1019811837795305	0.966534475426805	0.02214198829110694	0.034441306470485045	
0.125	0.06159915374502637	0.26508920780855383	0.26400394457022586	0.10472119519988798	0.10430117236316716	0.9466038518406255	0.06600840749651578	0.04337344448505165	0.20713672804316946	0.2054335321369673	0.08234988118053217	0.0816836998733523	0.9613851710626407	0.03249333443496964	0.04834256531242158	
0.25	0.0864929531504963	0.26555675832775727	0.26304910805640336	0.045072907131654925	0.04465200236138185	0.9401046237152716	0.11083321746363065	0.0727614795186539	0.22675062979273805	0.22463435655842937	0.04303480882064499	0.04263705831082013	0.9527177959396248	0.07036353604454318	0.09129016606129511	
0.5	0.12727243265054167	0.3320871927936652	0.32720962298863127	0.04033982178793897	0.039779908420598614	0.9367789315196824	0.18992148806807777	0.11653853921643624	0.2998968404194925	0.2963208829080414	0.044318305105114336	0.04381112579562412	0.9455124522999115	0.14616498854924975	0.1682825410668124	
1.0	0.15844969485876598	0.4397729186277707	0.424244194120754	0.024155631505013746	0.023295214146197375	0.9147358319380338	0.2692693252708326	0.15364371680089955	0.4126396589483761	0.4007398891245	0.03066446041471512	0.029769265789716275	0.9226004246271543	0.24191049616906474	0.25287791872723864	
2.0	0.17260499466322937	0.5116019848216948	0.4885693505234291	0.013044634944012127	0.012460177349358493	0.9064072970081034	0.3133078093975975	0.1707219714463774	0.4985165023840549	0.47857497391506626	0.019877772688340796	0.019083498189300167	0.9098900934755024	0.30186093896254257	0.3046632768291372	
4.0	0.1784489233310324	0.5494059403543636	0.5236624394640519	0.014442084644744871	0.013774815094126586	0.9039417193579325	0.33049045524495424	0.17814664635989047	0.5478412908520989	0.52304491953933	0.022705664441353874	0.02168912144779083	0.9047409354929113	0.3280391135204602	0.3290908103026993	
8.0	0.183150695339909	0.563317505829463	0.536426274501418	0.01228100912803744	0.01170890586623117	0.9045553261882535	0.34012641999180715	0.18310104356432352	0.5631979758135207	0.5364300151864658	0.015668717897693522	0.014939732442374034	0.9046090372162311	0.3399130505443258	0.3398534381058592	
16.0	0.17984116904562042	0.5742278527450304	0.5449447965633011	0.008637258392135687	0.008201768198965545	0.8999395006548582	0.3393020781565872	0.17984116904562042	0.5742278527450304	0.5449447965633011	0.008637258392135687	0.008201768198965545	0.8999395006548582	0.3393020781565872	0.3393020781565872	
