0.03125	0.056726938718198304	0.36899839455044897	0.36830864398621344	0.29804597920484227	0.29752607058527547	0.9480519451639253	0.058421594417498134	0.016737238725138492	0.19889726075392716	0.1904445867227623	0.15186373757195082	0.14552846462653074	0.9718611570268182	0.01681917300238655	0.02801994366003363	
0.0625	0.07067049419024879	0.3282822696742388	0.3271517568590856	0.19318297945360693	0.19253094568409065	0.9474306378989847	0.08379560898494746	0.03588379390698511	0.21747874851162113	0.21337047758065256	0.1193762991043692	0.11714301116110379	0.9673958969763046	0.031867947729115984	0.05070799562877598	
0.125	0.0939684356438007	0.3206122138327493	0.31794243755961205	0.0978697761745351	0.09705919307723353	0.941316109102804	0.12579651686082183	0.0684604148908827	0.24619097514975347	0.24314326540762066	0.0765830838323768	0.07563856602963381	0.9587980925286379	0.06693647405194729	0.09163120356662824	
0.25	0.14207539931658072	0.3745060255829536	0.36886580633667043	0.04266846133886229	0.042092748018321	0.9396491324854068	0.21534243119859542	0.12023380960629762	0.3131640103781203	0.30887050704371805	0.04125409666036918	0.04072855163300283	0.9524503837258858	0.1427734756398406	0.17627055041706202	
0.5	0.17030281940102726	0.4575286649244834	0.4407602859493595	0.01028344487929415	0.009939843684517473	0.9184830745471892	0.29087245679800117	0.15892230854153994	0.40387297746475	0.39239618000168647	0.014508893712376254	0.014125791385984734	0.9316692228364106	0.23921796773096377	0.2560253283100676	
1.0	0.1806736494720586	0.5096464328700996	0.4880002825896123	0.005631729391723458	0.005399989059452063	0.9137877955195337	0.3201022238074872	0.17541004475891647	0.4754374707648828	0.4589655643529243	0.009275524349370533	0.00896088211119682	0.9218099475073596	0.28974046884920507	0.30025274892779413	
2.0	0.18352240704310616	0.5400845727939764	0.5137218845943033	0.004026397604417432	0.0038422293080414517	0.9066695147669137	0.3361226895503463	0.18153729550894834	0.5255305411982207	0.5027847259876751	0.007951151811330114	0.007622978366543966	0.9102444731381556	0.32405695505569954	0.3268499516719863	
4.0	0.18156617745650538	0.5581586954890783	0.5282701281341432	0.002360595890438255	0.002239859392673682	0.9007003902787254	0.34124918604256915	0.181279117031741	0.5563701826913955	0.527601282453521	0.005471888153385146	0.005198229465281376	0.9015553894648507	0.33883479462588545	0.33978625867433626	
8.0	0.1758057357066068	0.5571591856325989	0.5260148993152823	0.0023567588312753927	0.0022309381952740027	0.8960365065167704	0.3339004659275599	0.1757653224660834	0.5570322885791906	0.5260346166283092	0.0032841866132925328	0.0031040254353581513	0.8961030733384465	0.33370989173165405	0.33363252777562047	
16.0	0.18346496040726484	0.5646673656063744	0.5344125224582612	0.002378352219972465	0.0022601217802422765	0.9007396336774516	0.34483448732851985	0.18346496040726484	0.5646673656063744	0.5344125224582612	0.002378352219972465	0.0022601217802422765	0.9007396336774516	0.34483448732851985	0.34483448732851985	
