0.03125	0.053847123675283125	0.3740399471812249	0.3737278223277497	0.3162162455244295	0.3159646917998708	0.9527510579130677	0.05587806900390409	0.014917023674619358	0.20254436673143045	0.19465776917014155	0.16376678513777337	0.15747272841286697	0.9725571884801749	0.015149372593484978	0.026935115022732898	
0.0625	0.05361040780698027	0.2920723127988657	0.29119740684684997	0.17175658910895714	0.1712540121519171	0.9472494770274842	0.05179352679607437	0.027036383710058353	0.19529061628442676	0.191728916740169	0.10729495796198481	0.10537244993863415	0.9673643088818406	0.019524796553295753	0.03133665533986786	
0.125	0.06935697083060241	0.272533166043493	0.2707817632538134	0.08971192990786261	0.08914382023739964	0.9425639446739424	0.07913992318670007	0.04989531375941704	0.21164646066760096	0.2094006575932669	0.07078806408654041	0.07004423375085757	0.9593908509962793	0.04073550429310983	0.05776346567677718	
0.25	0.1136392153925172	0.3085914708769602	0.3045825065698776	0.04008293002026091	0.03957617930591824	0.9378596233093569	0.1625450422546782	0.09638369634459398	0.2606307562780519	0.25746570245532574	0.038731778611609126	0.03826999090322436	0.9513284763626719	0.10674305159477368	0.13328179875319598	
0.5	0.15645457368708032	0.3998661713841552	0.3890828677777485	0.014624483660127896	0.014242025801221959	0.9278205724243318	0.2524617063845008	0.14499052882955168	0.35637209077094867	0.3487918857137293	0.019144446024563517	0.018748520667114965	0.9387418412154489	0.2028484048034665	0.22306410754230846	
1.0	0.16410316516625678	0.4809765590753411	0.45839334958550665	0.004456778574372763	0.004256842670610532	0.9047256641653151	0.2933942687329203	0.15967442026584083	0.44863373578695276	0.4314875219354969	0.0077666150408162524	0.007480612415009526	0.913981785237581	0.26677412281754104	0.27502159076812366	
2.0	0.18734246538608965	0.5294867824499246	0.5050365373247462	0.004310426235902104	0.004145671072384111	0.9102578583196654	0.33662641729994747	0.185120759636261	0.5155930787146574	0.49446573409608235	0.008220593303456654	0.007931209404328836	0.9135816330493887	0.3236879588272924	0.32739150374309406	
4.0	0.18369921276590542	0.5430779116564214	0.5161973298602304	0.004045042091264254	0.003853735368722324	0.9058892329241942	0.3379660024239493	0.1833764023392081	0.5415387089022993	0.5156445824021553	0.008186108450879217	0.007807660872879885	0.9066658010738798	0.33538342266475857	0.3365299060239544	
8.0	0.18863730323592676	0.5603035400667024	0.5321241316283466	0.0036975482164839355	0.003526363921334001	0.9066143215982325	0.3484471778869226	0.188593470180411	0.5601774978800547	0.5321412505385197	0.004629044789993705	0.004404984888310488	0.9066761695283976	0.34824675672501787	0.3481750726118015	
16.0	0.1847988594377928	0.5671893329966309	0.5383079587447372	0.0037438898215925187	0.003570763433929221	0.903177810039962	0.3456384620157833	0.1847988594377928	0.5671893329966309	0.5383079587447372	0.0037438898215925187	0.003570763433929221	0.903177810039962	0.3456384620157833	0.3456384620157833	
