0.03125	0.051967948843383606	0.3445010057213219	0.34326243284474434	0.268509519667615	0.26769796947080593	0.942841886885199	0.047908926091555296	0.016181965326090415	0.18563136353698823	0.17712686782347395	0.13300876457757557	0.12710955112843444	0.9711326540843155	0.014497458751557262	0.022794336361982925	
0.0625	0.055436062913490944	0.27279775815159535	0.27132582000068856	0.14167556623323194	0.14093658384108437	0.9411900934563796	0.052456818063791176	0.029253165522286746	0.18240917770350545	0.17845328696443233	0.08866270049157687	0.08678502398508905	0.9656066218023523	0.02091214494519222	0.03159478572858733	
0.125	0.06540055607693504	0.2569074712182947	0.2548884642656019	0.0784461174272663	0.07783038721761623	0.9387873050813414	0.07049930756311612	0.04779806542066518	0.19976396607926966	0.19737442478283845	0.06216389680122044	0.06142127660226541	0.9575545511007337	0.03736102513248012	0.0514024969408083	
0.25	0.10876072283254465	0.30858728250114364	0.3032738521896227	0.030549238804313473	0.0300659400466803	0.9321868356940926	0.15495964907361043	0.09332148357719791	0.25958915043016995	0.25560693469459816	0.030166028757426765	0.029728437480239504	0.9476901769793656	0.10431696106521438	0.1269063447522249	
0.5	0.1000484543574787	0.3314859207922535	0.32875677852069696	0.22527384241509213	0.2234030953049221	0.9335105566737869	0.13793891643016742	0.09185056420445036	0.30079619081929565	0.29873424079446914	0.2030042425480242	0.20160304959389158	0.9429693782912449	0.10616025934823288	0.1224001084892264	
1.0	0.11932963378784525	0.43468939942517276	0.4343786310627239	0.20524556219393633	0.20509732259089045	0.9438637880700147	0.17092639158657535	0.11387472926478011	0.41437605504470937	0.4141606119760877	0.19559069095061055	0.19548802305600538	0.9479098353494683	0.1423880904742502	0.1613954118546349	
2.0	0.12222040184430635	0.46808655478037975	0.46802684925817956	0.21068748821968492	0.21066006264412246	0.9459465230891697	0.17649641767120577	0.11991884935854794	0.46081035208510795	0.4607693941849929	0.20721145300155186	0.20719267198636246	0.9473750073074416	0.16412722621489859	0.1721502767394594	
4.0	0.11798033783110458	0.4596001454982632	0.45956288270326473	0.20366917064518147	0.2036526880576167	0.943000996111236	0.16948972851226884	0.11764502627420881	0.4595738597052253	0.45954220392270495	0.20349048084861904	0.2034764879656923	0.9433780879128897	0.16663203038237562	0.16892027980670163	
8.0	0.10655784467807958	0.46057188299726415	0.4604689951322344	0.20108336622783396	0.20103855760027192	0.9438670799733361	0.14877166286853177	0.10650066160182776	0.46062808767199837	0.4605239281628711	0.2010519722450852	0.20100664867835136	0.9438857446027651	0.14869487559424424	0.14865453599219966	
16.0	0.08484087857230324	0.4273725120470602	0.42733819148670965	0.18568746621598753	0.1856726450596673	0.9371840100704217	0.10787684834608355	0.08484087857230324	0.4273725120470602	0.42733819148670965	0.18568746621598753	0.1856726450596673	0.9371840100704217	0.10787684834608355	0.10787684834608355	
