0.03125	0.0	0.7425845788898334	0.7108625159905303	0.3007706523505235	0.28792405018990475	0.9770884334940728	0.0	0.0	0.42223399848262455	0.42178091429963577	0.17288925713245257	0.17270341086960875	0.9762922174977181	0.0012084257193180636	0.0	
0.0625	0.0	0.7232492540716007	0.6868766788233642	0.2854538883963492	0.27109875624437374	0.9767370031514515	0.0	0.0	0.5021360619228623	0.498673561634374	0.19938465605134517	0.19801033331299572	0.9762922174977181	0.0007650670080435993	0.0	
0.125	0.0	0.7104689406649827	0.670889370252173	0.2767408947027681	0.26132390154730334	0.9764501132834429	0.0	0.0	0.5717750093885925	0.5568285247551094	0.22326762867579614	0.21743140120236149	0.9762922174977181	0.0003162115656089299	0.0	
0.25	0.0	0.7033793132833344	0.6619765442254782	0.2723077814699094	0.25627904462861817	0.9761769228712802	0.0	0.0	0.6148496684632372	0.5899481770924785	0.23831486972222776	0.2286632509149924	0.9762922174977181	-0.0019564808771829227	0.0	
0.5	0.0	0.6995559143376832	0.6571578900270435	0.2699328715119738	0.25357303463267217	0.9762241676617849	0.0	0.0	0.6467259173183935	0.6139708484378888	0.24959123169688785	0.23695011381517825	0.9762922174977181	-0.0015070855770055115	0.0	
1.0	0.0	0.6965363277353893	0.6533462576146359	0.2680499192794429	0.25142898878360365	0.9760910350088696	0.0	0.0	0.6692664010256143	0.6308706943826923	0.2575985648937733	0.24282020715425956	0.9762922174977181	-0.0051979852443250815	0.0	
2.0	0.0	0.6953023170699566	0.6517871596415118	0.267185397816916	0.2504637312941119	0.976290971268833	0.0	0.0	0.685750901639996	0.6436747062010546	0.26350308563938646	0.24733511555839485	0.9762922174977181	-0.00010353433652246875	0.0	
4.0	0.0	0.6942951209670103	0.6505139488404617	0.26658500827563536	0.24977457197539268	0.9762460370388648	0.0	0.0	0.6932046606181363	0.6496111386491634	0.26615470842329436	0.24941705316862914	0.9762922174977181	-0.004707140385934683	0.0	
8.0	0.0	0.6943333472097309	0.6505622933444833	0.26655106030801556	0.24974757423461447	0.9763014621528668	0.0	0.0	0.6942942869384985	0.650512907508964	0.2665314543150125	0.24972429494355008	0.9762922174977181	0.0018621699792215848	0.0	
16.0	0.0	0.6942942869384984	0.6505129075089638	0.2665314543150125	0.24972429494355003	0.9762922174977181	0.0	0.0	0.6942942869384984	0.6505129075089638	0.2665314543150125	0.24972429494355003	0.9762922174977181	0.0	0.0	
