0.03125	0.05684141924609991	0.3710488375222206	0.37044852038085796	0.30461962210292637	0.3041687646671126	0.9493542348825204	0.059364434035739475	0.016452725857250317	0.20023751368559864	0.19190428042353536	0.15534959409415378	0.14901183391275796	0.9720654972866829	0.016710639079603552	0.028527942399088624	
0.0625	0.06626098959879267	0.32004971302683033	0.31886963797627554	0.18384448294151529	0.18319325372640055	0.9469055033717835	0.07547918662995526	0.03375213398741837	0.21238154618481983	0.2083060026297691	0.11401394376790179	0.11187358116590743	0.9672695316773291	0.028745193275648128	0.045694776455534644	
0.125	0.09250751768374031	0.3125687869049774	0.3102538699487757	0.09635774550878039	0.09566987210312108	0.9432664527621123	0.12258033896564702	0.06671265848061109	0.24074794215713063	0.23797739644715965	0.07569167674380603	0.0748400978681347	0.9597841649089623	0.06400319381148456	0.08946156612974805	
0.25	0.14337694112381322	0.3714571123074805	0.3645391539597201	0.03786401700685495	0.03717385108628485	0.9334195867394607	0.22211602158995208	0.12321486241976573	0.3096959605655314	0.30460865387805464	0.03722317270425043	0.03662489621930873	0.9485438951140927	0.15245988307652292	0.18143735317342474	
0.5	0.16906887484541938	0.4560643702492603	0.4407919891630726	0.011776778762505219	0.011428421563124336	0.9209687732553192	0.2841983868356516	0.1573988245618363	0.4032856874554339	0.3927881629917259	0.016213494849853675	0.0158314875565509	0.9335954552374206	0.2321306104936427	0.25036425453301403	
1.0	0.19965227029377322	0.5204807842873085	0.501945071304464	0.009181531553918135	0.008864395726323495	0.9241824541376833	0.34465218198997133	0.19327545531753199	0.4864378089425013	0.47229680754885284	0.014277090301908865	0.013873852601786474	0.9308849610309121	0.3091643517164779	0.3235984683134716	
2.0	0.17954960582839882	0.5316114086279706	0.5053124916805066	0.003962491404034073	0.0037759986140462666	0.9051981287172344	0.3307533950185209	0.1776216293120597	0.5173884913211719	0.49465327520819374	0.007825950118192298	0.007494206948433774	0.9087764890610004	0.31894434406427774	0.3215561562834226	
4.0	0.18338893539636805	0.5535983147122892	0.5262196178791803	0.0036375617986941305	0.0034795347163951037	0.9048310898758138	0.3382135710585377	0.18309247419433347	0.5519143658818886	0.5255733127308619	0.007488216671672872	0.007163919349508248	0.9056460331221572	0.33570547103606196	0.3367829176575345	
8.0	0.17237383173090198	0.5514678222342794	0.5197124772849786	0.0023157059268777255	0.002184528916952518	0.8940826753476596	0.3294015567441423	0.17233194525822065	0.551347057054987	0.5197346925050415	0.003237402827944327	0.0030532445727013977	0.8941466460059895	0.32920785003054354	0.3291334184532929	
16.0	0.17617938124301974	0.5544676750921481	0.5225560227353334	0.0013743879565257975	0.001295286878785323	0.8963631429820197	0.3348438328016153	0.17617938124301974	0.5544676750921481	0.5225560227353334	0.0013743879565257975	0.001295286878785323	0.8963631429820197	0.3348438328016153	0.3348438328016153	
