0.03125	0.05965476786661496	0.3887674957802949	0.3883524299389231	0.32687236540135023	0.32655133610319365	0.9525417175846771	0.06645315265801055	0.01653738324403997	0.20963024846246964	0.20125106486220945	0.16438041336014608	0.1579035625664526	0.9725323053532463	0.01790268620691032	0.031911066518653095	
0.0625	0.07868132413865153	0.34413992701738566	0.34300241402284937	0.20520311168174685	0.204551073379076	0.9486442682070108	0.09852730780595262	0.039629926766627785	0.22765346982442997	0.22342639113003107	0.12698888239855824	0.12468229788384044	0.9678129468492342	0.03712839590713187	0.059719219720600056	
0.125	0.12311241139119837	0.36526606362042374	0.3617760524436139	0.09845359446837691	0.0975156312904443	0.9436722260308084	0.1791950606374688	0.0894309072644854	0.27834809398441857	0.2745956057221382	0.07705032754891794	0.07601079563883102	0.9599865666945051	0.09596303634666463	0.13048009756471463	
0.25	0.17262576106720678	0.4405237007698445	0.43086430153586985	0.034064948320531266	0.03337416692304274	0.9349998376262313	0.2774542612870644	0.14841666933971298	0.36401213510598474	0.3571533165517038	0.03467890536252667	0.03406530864781833	0.9495752989668425	0.19246445066163065	0.22620536274859465	
0.5	0.1902280569416668	0.5137146972354879	0.4960612649918638	0.013956288655713533	0.013480405024913131	0.9232186766592362	0.3277470505100876	0.1773707884968754	0.4524879915406241	0.4403860586014095	0.01894835707716217	0.018446891282478436	0.9353327227164565	0.2691495195288507	0.28851286170031376	
1.0	0.21523280732810282	0.5740999576960205	0.554214663358479	0.00885034952749481	0.00855545131265376	0.9264987513454092	0.3730892839023437	0.20823038992038026	0.5356134245395188	0.520439088035953	0.014114181673990311	0.013727867545416546	0.9328509714726676	0.33484474710303974	0.3502301761063761	
2.0	0.22124542866899027	0.5881882983596836	0.566100104595978	0.006622649926261824	0.006379166763593376	0.9253286041754218	0.3898010008125332	0.21837195736465076	0.5726781671851918	0.5535766408402762	0.012053112753046413	0.011658031759454613	0.9277977710318398	0.373683854633629	0.3793100487248263	
4.0	0.22048550018116914	0.6036688888254839	0.5821918073555106	0.007717205521722878	0.007449368822108973	0.9257118249140998	0.3873692999463431	0.22001767641945266	0.6017256040703838	0.5810635624628084	0.014042248768117053	0.013570081943127199	0.9262700857590304	0.3839680362454516	0.385737791823091	
8.0	0.23617429992188077	0.6100676767790405	0.5896452194455888	0.009213362932522992	0.008917868942635337	0.9315172754394337	0.4094287871497322	0.23610197988144005	0.6099192508937288	0.5896052357755126	0.011494645057015399	0.011118840209366952	0.9315499118731048	0.40913131247811185	0.40912734430487874	
16.0	0.22402696697473284	0.6046964214985293	0.5831462743311475	0.007740237336496104	0.007471178392580391	0.9262829053265872	0.3945590842973338	0.22402696697473284	0.6046964214985293	0.5831462743311475	0.007740237336496104	0.007471178392580391	0.9262829053265872	0.3945590842973338	0.3945590842973338	
