0.03125	0.05822168665085451	0.36828993081005834	0.3673031259378815	0.2874377455721653	0.2867636573308552	0.9463256964648188	0.06107099791637716	0.017477920835161444	0.1982285757369683	0.18957842102710684	0.14844728865724482	0.1422089953674988	0.9716406961050073	0.017735251647743193	0.02919251713125734	
0.0625	0.06603948246877762	0.32599249525314444	0.32503991229482876	0.19639505241526095	0.19582834077094233	0.9486439482887865	0.07554353678099794	0.033165703181921705	0.21648490558428274	0.2125723854778551	0.1217896755459846	0.11960980939505336	0.9677818528406432	0.02825090154923654	0.04586031644461789	
0.125	0.09912832584349839	0.32235069030270724	0.31937362764375055	0.08979891197520881	0.08900205209038814	0.9408307762901101	0.13491387632771504	0.07236649358568467	0.2472789903553112	0.24402801454560802	0.07067649518178369	0.06977329431700507	0.9585914146645337	0.07235842778389717	0.09830434007048686	
0.25	0.14967703210910402	0.38746893909432023	0.3797884402305618	0.03521097618578053	0.03455396373096571	0.9344801812963702	0.23399682443502945	0.12855871225778234	0.32214595480198926	0.31657449121447206	0.034923342258426346	0.03434531118449735	0.9492113614849454	0.1608035872104111	0.19109203384302131	
0.5	0.17563092443350709	0.4765784782085379	0.45949030236740124	0.01278079822565729	0.012377503981707531	0.9189536066689584	0.2988413844713682	0.16355899517881337	0.4202922156234175	0.40862954621923897	0.01705849425761057	0.016633527805272198	0.9321010350005843	0.24488146623634494	0.26299719698322715	
1.0	0.18567785205900508	0.5191327649739785	0.4977356240723562	0.005206561894134994	0.005000461837052504	0.9154901641017841	0.32807049886278633	0.1801960938015854	0.48430745495331484	0.46803521241956075	0.009159794679470494	0.008861426683444952	0.9233267582230822	0.29668925746838437	0.3077970740919572	
2.0	0.1881878761749589	0.548671553469669	0.5232568361496965	0.0032577873618555727	0.003112032600317451	0.9096471297440744	0.34412923823135105	0.18606348273904721	0.5339686708416141	0.5119764784640566	0.006858690766303746	0.006584688068498465	0.9129425031216527	0.3313978134916343	0.33460771041233073	
4.0	0.17673110472356265	0.5487545752826787	0.519057201038861	0.002766626866677021	0.0026212474058472978	0.8986732981156367	0.33270140046031577	0.17645248719313114	0.5470617063373464	0.5184686780563976	0.006164109638832142	0.005849390105229812	0.8995492865250447	0.330372849620034	0.33128076568174275	
8.0	0.16936035433020855	0.5477296014950652	0.5157815074358595	0.0013576859419304902	0.0012784945342408922	0.8937766740940297	0.3223167270111545	0.16931894778639425	0.5476024709784224	0.5157997657441163	0.0022875887326181993	0.0021545933966213267	0.8938418383001299	0.3221243731166873	0.322048510417734	
16.0	0.17799092095493724	0.5641336781694397	0.5326621076170955	0.002371152411199731	0.0022443589358221417	0.8968790389301405	0.3385696383732851	0.17799092095493724	0.5641336781694397	0.5326621076170955	0.002371152411199731	0.0022443589358221417	0.8968790389301405	0.3385696383732851	0.3385696383732851	
