0.03125	0.053285651435860615	0.37145729503023817	0.371071955576864	0.31275564083671387	0.3124733222076822	0.9522239597329838	0.05465270966036321	0.014773523189958495	0.20129026405268377	0.19340814836504588	0.16231123207246254	0.15610893329187622	0.9724975480548345	0.014761441320324364	0.026326754117534112	
0.0625	0.055546757338671204	0.2986263902875667	0.2978720886905762	0.182221187835161	0.18176801819513422	0.9487889447307524	0.056154823552549846	0.027653442003608843	0.1997339292796031	0.196258126617741	0.11388692659255709	0.11193371182116887	0.9678237162216548	0.02079491522558121	0.03407001114621104	
0.125	0.0746481886270639	0.27168502000987044	0.26964661430168385	0.08534327523137361	0.08472528348670616	0.941359800829737	0.0893672656874542	0.05412848560265345	0.2107213741720922	0.2082821811563705	0.06747104177922629	0.06670528760009069	0.9587861452660775	0.0467765366268912	0.06516414161116384	
0.25	0.11111880508927163	0.3104540784935742	0.3055564013566374	0.03201229881551181	0.03153524544930197	0.934930605957167	0.15896007000438553	0.09483032314886194	0.26141429198255167	0.2576824675504212	0.03160587860655678	0.031173028927387974	0.9494148033884056	0.10580544861308672	0.13020967018185722	
0.5	0.14890413874090658	0.3944606143668979	0.3829405490019763	0.011446415788097453	0.01111708900101398	0.9245646154347276	0.2410523623446535	0.13826424800278908	0.35107462907751497	0.3430196470185598	0.015593642802882363	0.015240224427747872	0.9362242399690283	0.19458316931611983	0.21267612095935826	
1.0	0.17787359595031596	0.48672917780599584	0.4665707863041696	0.004498898493749608	0.0043263141522815575	0.9138284696447304	0.31272622627562574	0.1726236230189135	0.4547091232204189	0.4393350315356369	0.00795075861720155	0.007698854119295284	0.9218299207203863	0.2824912826354756	0.29333041023123796	
2.0	0.1875298623813608	0.5094884609869604	0.48770891140329553	0.0037979538335106353	0.0036429476432224524	0.9159584387217248	0.3333349998321654	0.1852848208969702	0.49669736664872915	0.47782728690009035	0.007509412937855333	0.0072356106509776415	0.9189339649098042	0.32027630822552267	0.3242792596843709	
4.0	0.16886859204334265	0.5040624015241129	0.4764136625009126	0.002115789765198689	0.0020023921573526877	0.8986028737819012	0.3142101283503366	0.16860364634996652	0.5028660563285582	0.4762259160781971	0.0049175917139027865	0.004661221866190402	0.8994760595071967	0.3119438348141863	0.3128748973283366	
8.0	0.16526978277142787	0.4930981808013706	0.46405741174500437	0.0008714483974676333	0.0008235141134897662	0.8969056968630074	0.3072260831429799	0.1652312516989217	0.49302473769077854	0.464117489645519	0.001487807825235402	0.0014047265546600202	0.8969684652418206	0.3070405357237707	0.3069731902618753	
16.0	0.14975787415075184	0.4505974292953566	0.41938107517197665	0.000275428922814674	0.00025634784016435945	0.8840297601658127	0.28303145015111203	0.14975787415075184	0.4505974292953566	0.41938107517197665	0.000275428922814674	0.00025634784016435945	0.8840297601658127	0.28303145015111203	0.28303145015111203	
