0.03125	0.039232260725694315	0.23923711068687123	0.2377584506321236	0.07809192355751546	0.07764602308196239	0.9401169499938782	0.020306042391847152	0.013960029638343053	0.1369268145055685	0.13054286024131018	0.03910269201583073	0.03728005596022339	0.9698771424705436	0.0050709300732328265	0.010350755964442477	
0.0625	0.03665219066240481	0.16792797674152846	0.1663925511013699	0.039251703778397776	0.038944321799129704	0.9336891872722134	0.01205816980130026	0.021691594385762358	0.12133704819429614	0.11855129758705445	0.02844428919465612	0.027814559645612514	0.9619033566557859	0.004541787995576337	0.0077964014536398936	
0.125	0.040443175196394954	0.16045279452300948	0.15874933029729257	0.02643420436901337	0.026195227327031678	0.9328731996574255	0.019175225717550225	0.02973104015668575	0.12982107460677822	0.12787973905782596	0.022882211045811028	0.02256404163393691	0.9551449392475699	0.009440168990466975	0.014228059154237535	
0.25	0.04037476250823818	0.14009665777142552	0.13810693477208663	0.013254656813898863	0.01307558149748666	0.9271232127868524	0.016840803133485217	0.03421469596103162	0.12551355511659618	0.12385018544492063	0.014608997566727289	0.014421703603488397	0.9450207968038817	0.010933068542387755	0.013673660899302175	
0.5	0.04999045326312638	0.16382164537167934	0.1615723483159848	0.018103036129389113	0.017882017764735893	0.9286468072031481	0.03676147410974582	0.04555042562310393	0.15422616840939263	0.15247943451079976	0.020393914290697444	0.020182885760678143	0.9400016113508496	0.026577417020422295	0.03257960950772859	
1.0	0.07293873590147892	0.2312005035088572	0.22813015027611322	0.12391934023785833	0.12239014874769047	0.929031661730007	0.08411961983782872	0.06943751923493739	0.2224298334940357	0.22005993563327916	0.12157974111954264	0.12036346681777259	0.9357543867620995	0.0710734236702714	0.07810401986193852	
2.0	0.07342859329930528	0.266924279729153	0.26543374772586936	0.19151611895384665	0.19041907407809328	0.9392407758531022	0.08574710373511439	0.07153324468580362	0.26325729316451163	0.2620500671249123	0.1869082446154578	0.18602778613566248	0.941745031883031	0.07772310574064199	0.0827306810527803	
4.0	0.089470600765656	0.3040240469643954	0.30229512838533973	0.20264325660354712	0.2014833757777758	0.9391479625524743	0.116765614061268	0.08885341206079167	0.30430208768238626	0.3027304931279312	0.20112816887499724	0.200082814731053	0.9398308835147546	0.1137163276944851	0.11557295987232293	
8.0	0.09411899041387577	0.3122776802384461	0.3094176347441291	0.2256994457722202	0.22363986617620274	0.9339620894489696	0.1258950315607032	0.09399086024206194	0.31281218045268344	0.31001715175750344	0.22412458042645217	0.22213004519369095	0.9341144732043013	0.12536809769380658	0.12560059554361233	
16.0	0.10512125034827331	0.3231940394646672	0.31913056537484297	0.30394447150181714	0.3001103222328444	0.9341867790400542	0.14784276175679828	0.10510215293367846	0.323262790070843	0.319209406511482	0.3027564389315565	0.2989453727020154	0.9342000591467048	0.14779671663939833	0.14779358497344428	
