0.03125	0.035412147618629305	0.2702258858702312	0.26961350929835776	0.131482441649193	0.13123421868008703	0.9491059247767779	0.018855816011292516	0.011331787952109835	0.1549338389217248	0.1490207657263108	0.06732587915286407	0.06482093640958911	0.9714711807203402	0.003911507820691486	0.009571291993432002	
0.0625	0.03201749897444832	0.19355290723640928	0.1928614816241439	0.06790540786221669	0.06766265108611733	0.9454138190695783	0.00921580099100305	0.017467337754980015	0.1387985387656944	0.13654521784264195	0.04825916586411664	0.047471231491790264	0.9658379693281987	0.0027924003303553533	0.005914435926116483	
0.125	0.03418318098565641	0.15951501795980352	0.1585744002500457	0.038666361666654846	0.03844412322492339	0.9406815640582684	0.010292793008829477	0.02432087161043059	0.12978251421274428	0.1284104634327416	0.03285334000288969	0.032506251450014415	0.958921763986595	0.004241933219382069	0.0077297219668464815	
0.25	0.03781884538853519	0.12112839359788226	0.119194233994812	0.009555438261725424	0.009408851618511245	0.9235096292108281	0.01025760771677745	0.03223438750305312	0.11020308005046861	0.10859567402496366	0.010997094707946702	0.010840994995785705	0.9427843298926092	0.006544482424943145	0.008293981650746744	
0.5	0.037669985699914185	0.12056207640297874	0.11882606779196339	0.011091933969313027	0.010933163306637786	0.926833051513387	0.010739582731392234	0.03437844819159134	0.1168023986930153	0.11542217066500038	0.013368442780056538	0.013210663988458628	0.9385937091084371	0.007030652651460663	0.00970591733237804	
1.0	0.04941337256840989	0.13009093015543877	0.12756127973246878	0.006177300622627469	0.006060372392127282	0.920881482603526	0.03362913685697132	0.047206493407975794	0.1299711376580815	0.12793005134787466	0.00872669120450994	0.008592538719417751	0.9287206562094399	0.028379857566507183	0.031287202592183594	
2.0	0.08357781780203775	0.19773906018725287	0.19211629431628513	0.003882430223074431	0.003786644494468841	0.9176806863596401	0.10742747492238063	0.08197437007069444	0.19656858600808347	0.19178110482732227	0.006343666845393538	0.006206113764830705	0.9217584149316561	0.1003771856154894	0.10351694790898396	
4.0	0.10755389280090517	0.2708976079772396	0.25891300376397974	0.0011751425057331584	0.001125192938265796	0.903424031459011	0.16523395635960686	0.10707584822339303	0.2714464971199596	0.2601368306213033	0.002717353109071068	0.002607892920589679	0.9048209082545136	0.16264905824978806	0.16342417809637455	
8.0	0.1236381663910946	0.3330627337102928	0.3156976862963868	0.000706973578265681	0.0006715772985867375	0.897825048713446	0.20599602504084952	0.12353604219881656	0.3335476246452068	0.3164391394880567	0.001683805447333558	0.001599921728202992	0.8981457195610967	0.20547659221121264	0.2055022666533092	
16.0	0.11909918069687075	0.31778226863209713	0.2992088877752048	0.0005463193477552956	0.000516214397018085	0.8899073579704663	0.20153566502095105	0.11908681430958519	0.3178520333872577	0.29931527500642374	0.000657615983307355	0.0006204343165263078	0.8899452302748971	0.20148729017601474	0.20145990845170228	
