0.03125	0.03670052177459051	0.26875353127702517	0.26810758880933816	0.1295709284694641	0.12928268480456429	0.9486873108285139	0.02102046318048734	0.011824063021969129	0.15424258121883433	0.148309286400047	0.06695808378096464	0.06448193609115001	0.9714685370663663	0.004565379084596883	0.010805903218182158	
0.0625	0.034283917170254266	0.1953441693133173	0.19449061558600428	0.06176123965388064	0.061502079992143036	0.9440908116857851	0.012701579812445893	0.018961513517511564	0.13978893022236596	0.13736671055668664	0.04406103339535647	0.04330350154426834	0.9654069738889168	0.004270121308783103	0.008202438379547676	
0.125	0.03451760168389649	0.15343310763190526	0.1523271989068994	0.033124530352246405	0.032891270067625364	0.938104501360604	0.009622736889378116	0.024876606216775895	0.12513997984159866	0.12365763130512837	0.02844148467627599	0.028104148416015585	0.9576959714334132	0.004112324941755272	0.007265776360946751	
0.25	0.0363214800404689	0.13263586111774978	0.13113793510551544	0.0158306748845903	0.015653119842674083	0.9313619336199286	0.010001240150856712	0.030473497489495138	0.11964333332043678	0.11832375563497655	0.01701964493276883	0.01683231312787864	0.9476752429155969	0.00615171307755831	0.008120488918535201	
0.5	0.03814924898738827	0.12467195892454033	0.12315227362502856	0.013855481894991962	0.01370406224676907	0.9306931476428613	0.013339425546917874	0.034657011015220944	0.12041772457234609	0.11920202932693494	0.01605046388772573	0.015901298832280954	0.9415180520223425	0.00879375083164783	0.01197960200154374	
1.0	0.052822917328535134	0.15130858694063426	0.14885164053901873	0.00847663963022886	0.008340539462668823	0.9279029564906139	0.042763777530853225	0.05029449773285234	0.14936938059453903	0.14741339508506068	0.011597863841956314	0.011447465708820862	0.9346884822895085	0.035880462280099126	0.03979325288673468	
2.0	0.09842307429965323	0.2515612864153281	0.24336494146797766	0.0032183496423992667	0.0031213602412881757	0.9144847986060249	0.1407136682880466	0.09662388580989043	0.24748577083138973	0.24057404585705125	0.005730480597138465	0.0055799842371330784	0.9188155654407634	0.1319271046386307	0.13546305109085316	
4.0	0.13894891081520966	0.38668048106595815	0.36799731973672156	0.0015856775639595706	0.001514418750366261	0.9029436310626219	0.23941464345342345	0.13837000510095296	0.38499450094726334	0.36751870103499484	0.0037019970518998744	0.0035421797828752086	0.9044099495718712	0.23595548445787512	0.2367660405213102	
8.0	0.15818441298951774	0.4638778894964079	0.4404961319154023	0.0023369387351347827	0.0022238860060967537	0.901139629960292	0.2852685306123854	0.15803872395096646	0.46372516544855236	0.4407401683073301	0.0045120599616738566	0.004290960967995236	0.9014362166259808	0.28446244376372337	0.2845393978982119	
16.0	0.16858390488143077	0.5027019528593636	0.47661217549786083	0.002096988710515387	0.0019946498904530943	0.901444654978983	0.3104115091188467	0.16856050300833883	0.5026658056329646	0.4766273320207729	0.0028580945259011	0.0027234445634819527	0.9014694469438155	0.31030662412735843	0.3102991010615972	
