0.03125	0.07164590145574692	0.35963881253239866	0.35874326586801597	0.1649613890248983	0.16459635076445034	0.9519188205794344	0.08750331360386916	0.02356337954412649	0.20236902556467617	0.1947072340265264	0.08359279196843927	0.08051989549381154	0.9720337187086916	0.023471493067094135	0.04578065755861964	
0.0625	0.08809822674746468	0.35993081116608616	0.3586780837834881	0.13134220236768948	0.1308928864872867	0.9508196750266427	0.1162709587325316	0.047077044834344786	0.24583861126598597	0.2419067348118915	0.08863217895615792	0.08720516376659468	0.9676153449930984	0.04378397456223564	0.0737172158625434	
0.125	0.1326352476264127	0.37232177035588665	0.36783780451524556	0.051681912652909126	0.05107321860666068	0.9417884896923866	0.1961809134348036	0.09654591475268677	0.2823334585133443	0.27777804450034227	0.04281737479132445	0.04212818172710715	0.9596363497846537	0.10562226355806206	0.14241180266462136	
0.25	0.16360151219877772	0.4281402396927896	0.41728356658600935	0.017654510393748348	0.017208824255495435	0.9296105571380948	0.2661448088359616	0.14030848711626948	0.3517925697065875	0.34422807702520214	0.02014311813956661	0.01971332348759654	0.9468620436651992	0.18522457726234695	0.21335089632189677	
0.5	0.19490622862571153	0.5153261812269443	0.49771988477860046	0.011814125255115427	0.011403418920541662	0.9246282708075508	0.33537230651459066	0.18011068870103905	0.451625215647325	0.43960676762929846	0.016087550966179285	0.015655563774898764	0.9371769616962137	0.2703649539860626	0.29230039782242995	
1.0	0.22304184871059674	0.5773998984185913	0.5576764326531891	0.008236167210075194	0.007954827080901361	0.9287710578089566	0.38722716160497256	0.21357535914717546	0.5338551840039042	0.5192196496358072	0.013646157013381916	0.013272050315636826	0.935585123498174	0.34106137248468976	0.35724127581406606	
2.0	0.1948543000771307	0.5741642318689191	0.5481922432563134	0.004288770252875101	0.004109096701318043	0.9112786926363933	0.35610880103402465	0.19163487268105028	0.551788708503033	0.530351119823018	0.008368230174062807	0.008061355662248802	0.9159565797214348	0.3374646997801042	0.3420532812184375	
4.0	0.21998479310487387	0.6060646666991006	0.5843913269549298	0.007768668242246474	0.007499069023400857	0.9251330748738408	0.3874868690858451	0.2189008244262723	0.6008446905174795	0.580677638576485	0.014059246126843441	0.013598332012498817	0.9261411382078286	0.3813127902490476	0.3833346667446936	
8.0	0.23220421020804127	0.6078086302814822	0.5871597687751104	0.009176834478801873	0.008881252223755801	0.9295211597509233	0.4037872759924273	0.2319191832832208	0.6071263821694066	0.5868531809579445	0.014684135443704796	0.014216913605351291	0.9296867435582374	0.4023337220048425	0.4027867213573054	
16.0	0.22087850796155717	0.6061603161269963	0.5842242890003371	0.0077749628005050015	0.007501211003068999	0.925018436563753	0.3901890371226555	0.22085280490849094	0.6060845169950626	0.5842104586447334	0.008645331319040408	0.008333314634192214	0.925043023093132	0.39006868208218604	0.3900618680085458	
