0.03125	0.04203035359459929	0.2256903931180494	0.2230959107228505	0.05907700439174328	0.05845611519613585	0.9283145060479991	0.020989425425602365	0.0166642594780598	0.12863781634795082	0.12168956292224697	0.029206751641502472	0.02761854855017063	0.9675978242881411	0.006108212012768106	0.010632154722146802	
0.0625	0.038373642108410336	0.18927121833007837	0.18770423768151334	0.04794439959827406	0.04756038533790515	0.9342239966463695	0.015610295986765175	0.022618263154257873	0.13498800391880778	0.13200468491357314	0.03442273934229011	0.033670909520467925	0.9622021060509607	0.005966628676729837	0.009966638696922183	
0.125	0.042005020055791084	0.1768682126378989	0.1754467131134101	0.03589501035839431	0.035610852386262305	0.9376114299741044	0.024203010265212425	0.030359467001598812	0.1421664241828405	0.14037714867238935	0.030475282837071887	0.030094042927156544	0.9575266954837899	0.011595898982779	0.01787927953593414	
0.25	0.05275100469078699	0.18521478830483978	0.18347178943098635	0.02454954372102323	0.024327013362846782	0.9372639285922449	0.04512960465317635	0.04373257503126328	0.1622259208429304	0.16068895450512305	0.02540262281411771	0.025169255679550334	0.9514257750446149	0.02791626928043207	0.03663881537183601	
0.5	0.07419636172023984	0.22280746433235787	0.22005334686263	0.026847102761666027	0.026536194027665216	0.9344916692966411	0.08682096951392784	0.06726486067908348	0.20526918086582596	0.2031649310404342	0.02981285086000076	0.0295258103356001	0.9444332311944009	0.06378610135554419	0.07652807401356246	
1.0	0.12265541352159745	0.3255714806265094	0.31367412828623664	0.005428270765077527	0.005244697619452858	0.9121864058657045	0.1956420808904218	0.11793047210310062	0.30613187259155517	0.2971696422956153	0.008756000753077493	0.008515294305278042	0.9213942837616909	0.17257730668085083	0.18064042634417582	
2.0	0.15216848044781817	0.41712433479608624	0.3993658228393905	0.004780623436309401	0.004575523155381601	0.9098541749962722	0.2626288787756804	0.14961830962954498	0.40362283862876086	0.38886071205081596	0.008609110852108836	0.00829234540388164	0.9145893237985495	0.24811743887630483	0.2524089625376858	
4.0	0.16355455037448025	0.4760979829449809	0.45340783847822275	0.003207922975454779	0.003055037984636169	0.9051013961090681	0.29434498769755424	0.16286382335303123	0.4727271712741182	0.45154801484520124	0.006743090946193575	0.0064409865048962196	0.9065087932407202	0.2901109737841542	0.29105663502910134	
8.0	0.17448193909620072	0.519227105255811	0.493127516640034	0.003063664497581052	0.002912765612015283	0.9033606136370249	0.3214868436179473	0.17432700129667072	0.5187804837879952	0.4931537566558992	0.005871480199330135	0.005583104590683193	0.9036606539410034	0.3205868672463671	0.3206567171600335	
16.0	0.17415296022821797	0.5376630772992967	0.5083751175416533	0.0022598769014031623	0.002141581779286715	0.8987052485028422	0.32676803969615825	0.1741324683545184	0.5376036984489984	0.508383537532392	0.002711150789463795	0.00256810216216883	0.8987360443717266	0.32666746863096596	0.3266489003803207	
