0.03125	0.04648227151987482	0.1457951148815499	0.12515839597500839	0.012737255714481435	0.011216323654312702	0.6756549959625188	0.014682859780801732	0.031332824466772324	0.07874354427581512	0.06851400742007299	0.005762995141204415	0.005041099232927662	0.9303739335696608	0.008738731623796908	0.007184957125401741	
0.0625	0.046530218482062236	0.10776722594106036	0.09809983730857504	0.008722680308055803	0.00800625100370539	0.8169187808177598	0.017193150956529547	0.03638671928650713	0.0788165428032132	0.07279740194359031	0.0065452448280533095	0.00606300189149679	0.9271525474219082	0.010185412467381244	0.01034170093088511	
0.125	0.04497001002521294	0.08380621629916016	0.07767098167257734	0.0023302176110410536	0.0022014790098993232	0.8472527898953455	0.013584971728916307	0.03830973349658849	0.07270294978130888	0.06854539670290109	0.0023737654041308346	0.0022610645978446116	0.9162447407376911	0.00882949961830215	0.009841953147849036	
0.25	0.04342721482657029	0.07083080013297469	0.06587218345178579	0.00016254312689390366	0.00015235617083584073	0.8556190392906469	0.010339612607520315	0.03954161052661768	0.06967658693873557	0.06610273002178255	0.0003888406705917349	0.0003705161797114302	0.9015190313593031	0.007847582220758997	0.008197276047566825	
0.5	0.041265505049234666	0.06663198170647608	0.06236340330413326	0.0005860185310339473	0.0005516021858484527	0.8598997039496238	0.00431483303749934	0.039164300505877755	0.07056885308890884	0.06716368162118481	0.001101913735270449	0.0010523120607405195	0.8889116104179827	0.003031183770066029	0.004176833526530115	
1.0	0.04323297317635247	0.0714709905092574	0.06626227432308093	0.0001902575140314374	0.0001770279944183709	0.8497746336432025	0.008701695005339394	0.042109491798530393	0.0771344654211016	0.07267545593790474	0.0004974222848754513	0.00046976719947350884	0.868767470185064	0.0076805894557390175	0.008118634956540782	
2.0	0.042784744696864836	0.07604409759629911	0.07116604540507683	0.00022285579293963975	0.00020835320376017203	0.8555762601417147	0.008207109020810201	0.0422560782446569	0.08150763122185312	0.07701044319450538	0.0005958584936145102	0.0005627696573361718	0.864397043638423	0.007860063711603669	0.007871711391584161	
4.0	0.04758074097008345	0.0920084110948545	0.08553118448205267	0.00016528657994537436	0.0001545435261652702	0.8465016442388608	0.021041417845681483	0.04743123436484078	0.09602334915287607	0.08963800539650983	0.0004864699512459234	0.00045654824228996075	0.8491291789447766	0.020816549632743448	0.020749996426207045	
8.0	0.05955322650592758	0.12102897729341291	0.11026956572607931	4.893746798514388e-05	4.4798917596716614e-05	0.8339852938659302	0.05652506685592455	0.05951417659746622	0.12249247046224965	0.11178225274748048	0.00020389823821609756	0.00018698729821265526	0.8345583278939417	0.05642366490102525	0.05631660744620766	
16.0	0.08030278622982698	0.20944388002859826	0.19468985186575247	0.00020889381743595305	0.00019426409942907227	0.8631150919760369	0.11163442961684263	0.08029628006787157	0.20958876383928882	0.19485114651796961	0.00027383096727003986	0.00025445205452807575	0.8631685147464078	0.11162297739123939	0.11158839221778302	
