0.03125	0.0	0.7377188763280624	0.704827812045444	0.2972727395728218	0.2840268389259934	0.9765112809860576	0.0	0.0	0.435863767111607	0.4351594698941133	0.1773144391584826	0.17702653756102388	0.9762922174977181	-0.0012949592231832	0.0	
0.0625	0.01015843429636533	0.6007829537700058	0.5696017354459818	0.22758070794443547	0.21591177570290104	0.9518281977595263	0.005890808775594919	0.007809294297717133	0.4299246370294817	0.4248191702418508	0.16325400596446588	0.161665153503401	0.9680260309791244	0.003091044600013735	0.003915132343475009	
0.125	0.0	0.710983731669111	0.6715344783519868	0.2772287964331559	0.26184706462677276	0.9763068825955463	0.0	0.0	0.5691630052767582	0.5549577564595487	0.222415280427069	0.21686488294729744	0.9762922174977181	-0.001259178272156969	0.0	
0.25	0.0	0.704679668190124	0.6636131944072265	0.2731332419450018	0.2572159959846088	0.9763687570827695	0.0	0.0	0.6126980882793871	0.5887977109972458	0.2376437711867146	0.2283739099898086	0.9762922174977181	-0.00031973147437917084	0.0	
0.5	0.0	0.6999842982672053	0.6576981479081445	0.2701700331851494	0.25384907330004686	0.9762233746526665	0.0	0.0	0.6439919855136729	0.6121658225423785	0.24865958369072055	0.2363708090049234	0.9762922174977181	-0.001936832034325646	0.0	
1.0	0.0	0.6976131975665802	0.6547061795753615	0.26866074120508554	0.252136656712338	0.9762804434301128	0.0	0.0	0.6664219921180015	0.6290457461805953	0.25663528675732933	0.24224199081624662	0.9762922174977181	-0.0007119970202002021	0.0	
2.0	0.0	0.6958327112713814	0.6524573639571978	0.2675114539323876	0.2508358941122316	0.9762986308334135	0.0	0.0	0.6817155254748737	0.6405920033837751	0.26207200053969093	0.24626288434134289	0.9762922174977181	1.2357602734297101e-05	0.0	
4.0	0.0	0.6947827716645576	0.6511304594596153	0.26682139394780235	0.2500573503668285	0.9763015797193756	0.0	0.0	0.6919775000034193	0.6486678796218117	0.2657323506455919	0.24910064843941235	0.9762922174977181	0.00025602723131758817	0.0	
8.0	0.0	0.6944251005344089	0.6506782989542719	0.26660245883278594	0.24980726455591684	0.9763021471393374	0.0	0.0	0.6941551476177471	0.6504092140936107	0.26648957147675967	0.24969529304428556	0.9762922174977181	0.0009319578388414599	0.0	
16.0	0.0124538952767116	0.5920616054965112	0.5549425205373298	0.2133159506653584	0.19986503270719674	0.95427028211196	0.012446291183958196	0.012447573397243858	0.592197140610011	0.5550931423686222	0.2134728619127227	0.2000131269332625	0.9543163859666937	0.012444371397637068	0.012410242506294106	
