0.03125	0.04572796563026758	0.20838726220081236	0.19794847448770453	0.07454528880048408	0.07175273866788369	0.8095980757105341	0.014242635129835032	0.026786168331030265	0.1139035807388982	0.10405861770725022	0.03500808284798858	0.032228909786655636	0.9476889482058626	0.0066147709052053446	0.007423693467847077	
0.0625	0.04592705253149889	0.1890878776113944	0.18430656186223968	0.05243465208334055	0.05157252606554848	0.8937272893568071	0.023366017663895008	0.03132379986355451	0.13222835079882217	0.12741102441803387	0.03612269654449722	0.035016933219044324	0.9492276037340611	0.011687398233025078	0.014558625419739606	
0.125	0.046605515766865516	0.1847537969018268	0.18192278876867668	0.03754161221587271	0.03702569179501752	0.9181854242963396	0.027484238906904806	0.035905606233063735	0.14663152251141484	0.1438564800692805	0.0313756942442863	0.030812133625808136	0.9482383359672515	0.015329640525360589	0.020109518591988357	
0.25	0.05696284396043283	0.20224650316923148	0.19966942315891473	0.0256783424425557	0.025372080868893875	0.9283213247521875	0.051166254568510615	0.048068605979927626	0.17538821982157654	0.1732596590431096	0.026406251204609387	0.02610191697889281	0.9458406028162635	0.033115578390392045	0.041412765158793094	
0.5	0.07646477981558676	0.2408390057728856	0.2379757445447253	0.036669292219663696	0.03625447397896309	0.9340317391146993	0.09112545426592546	0.06941580042328617	0.22094845188960405	0.21876488065931632	0.03930451608613063	0.038933077166137545	0.944092626047396	0.0673179615741748	0.08031032758269988	
1.0	0.1296940823067934	0.3372488691729152	0.3282675484290186	0.015110624934143498	0.014737621211610322	0.9247302091567817	0.2027997393012222	0.12403163355769191	0.3177000905422069	0.3108992029534254	0.020441555115119928	0.020030842386418304	0.9320360746042885	0.17605232349865335	0.18761538881196121	
2.0	0.14402431689012346	0.4192327403300119	0.3984701587705361	0.0053602624585661635	0.005104410525077786	0.8992836340966976	0.25455879801584513	0.14179477545546842	0.4051497475963366	0.3878984074043904	0.009460401906691982	0.009069141865373576	0.9048051216723199	0.24155405902084032	0.2444787258309104	
4.0	0.16042793200853703	0.48295881500320254	0.45985776242837534	0.004702047118690827	0.004477913176516449	0.9030994083002618	0.28951713002002694	0.1597628482210093	0.479506118725933	0.4579324878153911	0.008995999958789358	0.008592798879107024	0.9045398502978432	0.28541288133766235	0.28628251605388033	
8.0	0.16821365874090863	0.524430391363863	0.49712917519175087	0.005095953764515153	0.004835172357163707	0.8989277591631518	0.31296552896836655	0.16806769298929808	0.5239692776862943	0.49715060016932916	0.008641410242835405	0.008199063212903179	0.8992386106554286	0.31210022342429866	0.31214675808297737	
16.0	0.16523694805005992	0.5394020881904125	0.5072820129079163	0.001795712118992212	0.0016901146150883986	0.8904911447458931	0.3159984570853422	0.1652199155582963	0.5393350836893882	0.5072912970662217	0.00224891638105064	0.0021152105180310536	0.8905289167583852	0.31590888013723245	0.31588091061914614	
