0.03125	0.04470648855870104	0.2074975296868023	0.20054787432702242	0.05524932284284841	0.05366038316538783	0.8702250965396556	0.016425388233501464	0.023508924439568618	0.11574386159966461	0.1070595888351126	0.026341060991136107	0.02443155461043365	0.9575137040986205	0.006801289022176421	0.008527459797938858	
0.0625	0.04851031959798064	0.1918295527150192	0.18763665460904855	0.037429573420247095	0.03672954291074594	0.9045830204492893	0.029804139936254786	0.03249208171428982	0.13419510537356288	0.12956416234164214	0.026383115213596355	0.025523209812930457	0.9526916941155898	0.014529772230477666	0.018529063490630653	
0.125	0.04869054484762398	0.19304324399274822	0.1899748762648455	0.0349166336005333	0.03442581843548489	0.9147218127977779	0.03163584252993285	0.03775734255183331	0.15260951490719465	0.14966182206161233	0.029345445745779748	0.028813709369692058	0.9466491112743082	0.018057159277167074	0.023164613166754652	
0.25	0.05600935244062011	0.203991820505888	0.20153791503639798	0.029253768045789462	0.028928734426829184	0.9283738604757694	0.049584550928044445	0.047321586497826675	0.1769648479593966	0.17492526106372125	0.029747259505911207	0.029426356532219762	0.9459156548262448	0.03232029483313562	0.04021910354009727	
0.5	0.08773160991853313	0.25650632514367383	0.25258159694379445	0.028304749948667562	0.0278752092963587	0.930279063713123	0.11372010207916432	0.08007914264348832	0.23396155106643834	0.2310355259816325	0.03137546456199262	0.03098581831879288	0.9412520141389317	0.08588750935640985	0.09999033048336063	
1.0	0.13253480060224582	0.35366078637034676	0.3423024461469047	0.010820986544299088	0.010494092718409578	0.9175579014580684	0.21219013084835336	0.12719733663846008	0.3319322991871788	0.3234129813370623	0.015467529678946207	0.01509058625822251	0.9261219133254832	0.18628191173980885	0.19608765873189293	
2.0	0.16422128292143887	0.4509188898089268	0.432005575400565	0.009371072973084487	0.009006037521458416	0.9109049597451365	0.28791448977820017	0.16144919167479962	0.43573590201893364	0.4200248176776163	0.014709095933751595	0.014209367323619682	0.9155648112845117	0.27214760780799735	0.27673061299132323	
4.0	0.16703257984863645	0.49150078463352137	0.4674776426049251	0.004417615649977219	0.004211991034247768	0.9036526452348349	0.30351140692048706	0.1663539213670484	0.4878835292865813	0.4654660823178894	0.00849973539505021	0.008123492060156204	0.905110115740869	0.2992739824922567	0.30014044861970673	
8.0	0.17467147574389408	0.5300549176978226	0.502866974877871	0.0026690642345464127	0.0025387069907333547	0.9021188419096603	0.3222195355860251	0.17452704791057277	0.529550775998848	0.5028667085493523	0.005183794318611925	0.004930245495812287	0.9024330537625336	0.32133028357405025	0.3213877419615043	
16.0	0.17198388341931758	0.5501052421985514	0.5189634904338174	0.0022927470961915924	0.00216501909750747	0.895342108875046	0.32672225059059723	0.17196284549024496	0.5500336656018506	0.5189637002447659	0.0027614414610753436	0.00260766491104122	0.8953730232769734	0.3266170483132088	0.3265980590355872	
