0.03125	0.21308155651555372	0.6058136377749956	0.603056387587876	0.3381270932125472	0.3367173155190728	0.9026607260620473	0.2556533567443631	0.030624631036213823	0.25322077756250383	0.22806560903360468	0.1252521978672011	0.1130525575135092	0.9570404651733888	0.049537902081323276	0.12271925858362702	
0.0625	0.149985001294675	0.5261872500272157	0.5241250756931526	0.3189897950850796	0.3180176976598701	0.906026578209465	0.17178007992685704	0.040723069458454345	0.27832950459586725	0.2665074430738537	0.18836376804707838	0.18100382271186413	0.9535279814941632	0.041456394997054336	0.09384955836345879	
0.125	0.12159487411461582	0.4425517488485854	0.44167205228799544	0.3227780457280299	0.32216630462840784	0.9117710707128677	0.13142351365766086	0.06788301517086948	0.320654614764557	0.31808425461150114	0.2624319478956806	0.26041823805491177	0.944730738438045	0.046369452285656476	0.09368738896246126	
0.25	0.0892433118372055	0.33208868094817745	0.3309838320602862	0.23028930621368465	0.22956869285623718	0.9064184276377325	0.07697643039610932	0.07528006718817837	0.2990823885401073	0.2985152424004049	0.2384217778636736	0.2379922921808865	0.9236898207731794	0.051050892020947466	0.06567641849623528	
0.5	0.08531782579778532	0.28591766201410695	0.284513681631763	0.1728500186272892	0.1720365929989714	0.9013054070319072	0.06747203792580131	0.08358145380375134	0.29027318339152935	0.28918710867960307	0.20737904691948708	0.20663706699286308	0.905150823706801	0.06193307833817345	0.066652621571503	
1.0	0.1058243881967583	0.3057541014289396	0.3032231937557114	0.15937866440048493	0.1581648064790509	0.8951446492085917	0.10371766475977902	0.10557696599945202	0.30879289200401816	0.30638306264749077	0.17357177348202538	0.17232142254395638	0.8961028152238688	0.10228997496916395	0.10377194335163901	
2.0	0.1420316664466274	0.36433689926929735	0.360066924031094	0.1550998241683798	0.15346439970071746	0.896873642466096	0.17185483417702055	0.1420316664466274	0.36433689926929735	0.360066924031094	0.1550998241683798	0.15346439970071746	0.896873642466096	0.17185483417702055	0.17185483417702055	
4.0	0.19629783373673476	0.44396818398883664	0.43518782128470884	0.13372178267469503	0.13123306705161258	0.8947390918621834	0.27367278791759314	0.19629783373673476	0.44396818398883664	0.43518782128470884	0.13372178267469503	0.13123306705161258	0.8947390918621834	0.27367278791759314	0.27367278791759314	
8.0	0.13583877591717367	0.3160668739924736	0.307153573203892	0.07296654146074444	0.07120169506151544	0.8672578004536705	0.16270214620781992	0.13583877591717367	0.3160668739924736	0.307153573203892	0.07296654146074444	0.07120169506151544	0.8672578004536705	0.16270214620781992	0.16270214620781992	
16.0	0.09310350423323858	0.21251041184227765	0.20463314953416165	0.03450951894626909	0.03330515078593419	0.8415706392994105	0.0710334701192169	0.09310350423323858	0.21251041184227765	0.20463314953416165	0.03450951894626909	0.03330515078593419	0.8415706392994105	0.0710334701192169	0.0710334701192169	
32.0	0.06711980556132825	0.06930608861991656	0.0646660513064419	0.005384638052326707	0.005075495444197897	0.7798153816560172	-0.0015165487081391777	0.06711980556132825	0.06930608861991656	0.0646660513064419	0.005384638052326707	0.005075495444197897	0.7798153816560172	-0.0015165487081391777	-0.0015165487081391777	
64.0	0.07887109077040427	0.0	0.0	0.0	0.0	0.0	0.0	0.07887109077040427	0.0	0.0	0.0	0.0	0.0	0.0	0.0	
128.0	0.07887109077040427	0.0	0.0	0.0	0.0	0.0	0.0	0.07887109077040427	0.0	0.0	0.0	0.0	0.0	0.0	0.0	
256.0	0.07887109077040427	0.0	0.0	0.0	0.0	0.0	0.0	0.07887109077040427	0.0	0.0	0.0	0.0	0.0	0.0	0.0	
