0.03125	0.23602190762794742	0.5773495298737888	0.5674982445442629	0.22119085654751935	0.21791522273080471	0.8731618831928646	0.29226120457152455	0.040206844025003435	0.23834376440296406	0.21108045482951968	0.08382627833826387	0.07446411382202775	0.9556447128743105	0.08072846804328214	0.135660329581583	
0.0625	0.16370179005006782	0.5062597621561824	0.5001625601473842	0.23091130378181063	0.22853181056500654	0.8829718607164267	0.1939335988935651	0.05129628215391444	0.26397564609924573	0.25008499809940454	0.1419039901600629	0.13498063469652172	0.9508172070419662	0.06275339968569996	0.1042446899655813	
0.125	0.13014298210894396	0.4212973193340631	0.4181224248967509	0.25139731093719664	0.2496035633456392	0.8908751404142224	0.14176629519634326	0.07888395134354502	0.30358786462800247	0.29945395104621486	0.20983683242236012	0.20714660113137157	0.9380033126750487	0.06228895579261886	0.10022887628992191	
0.25	0.11198342248010969	0.34156419269865596	0.3371373054958723	0.16097332016426083	0.15912819431031883	0.8838993725587827	0.11337898148014118	0.0973433341264974	0.3039818821446273	0.30167020273174694	0.17877665252397554	0.1775385486681803	0.9089153705181339	0.08382926610122143	0.09555326614312853	
0.5	0.12298131691215024	0.3282679458650987	0.32171710088314026	0.10696651048789059	0.10505625748446905	0.8745256453590209	0.13556755625787786	0.12084742760341467	0.33001594216552854	0.32473380847078925	0.14702764346535974	0.14485877710288592	0.880601454967396	0.12856810289285364	0.13234130221964052	
1.0	0.1354490859883871	0.3487844878232458	0.3396684903715066	0.08660573282124302	0.08456619913194155	0.8705360664473443	0.1627652666751434	0.13515449503831353	0.35119389125155065	0.3423411953304522	0.10312560505698234	0.1008873854984507	0.8716409117345343	0.16113452176337442	0.16255199762140782	
2.0	0.22204681473807267	0.511989710319431	0.49898765356866315	0.13142607129554446	0.1283813961557493	0.8913905334474181	0.3244344663784896	0.22204681473807267	0.511989710319431	0.49898765356866315	0.13142607129554446	0.1283813961557493	0.8913905334474181	0.3244344663784896	0.3244344663784896	
4.0	0.41005399129573983	0.7712446730277062	0.761166411979385	0.32256501125331366	0.318513446852669	0.9396746004273485	0.5808034476881757	0.41005399129573983	0.7712446730277062	0.761166411979385	0.32256501125331366	0.318513446852669	0.9396746004273485	0.5808034476881757	0.5808034476881757	
8.0	0.5428182267210301	0.876688337062445	0.8704666088847575	0.47168490517566636	0.4684437156653477	0.9624153621115754	0.7060320043870202	0.5428182267210301	0.876688337062445	0.8704666088847575	0.47168490517566636	0.4684437156653477	0.9624153621115754	0.7060320043870202	0.7060320043870202	
16.0	0.639534423961974	0.9161857216636484	0.912257384428228	0.5965974186705374	0.5943264250432727	0.9733681853934181	0.7770234415717788	0.639534423961974	0.9161857216636484	0.912257384428228	0.5965974186705374	0.5943264250432727	0.9733681853934181	0.7770234415717788	0.7770234415717788	
32.0	0.7677663013205536	0.9507305916430966	0.9493439731468035	0.7395060381019631	0.7384908760896388	0.9861977141506527	0.8632463239709784	0.7677663013205536	0.9507305916430966	0.9493439731468035	0.7395060381019631	0.7384908760896388	0.9861977141506527	0.8632463239709784	0.8632463239709784	
64.0	0.9052199021468865	0.9812894802015915	0.981022176132968	0.895324073422074	0.895097024741536	0.9951749441006216	0.946271305003906	0.9052199021468865	0.9812894802015915	0.981022176132968	0.895324073422074	0.895097024741536	0.9951749441006216	0.946271305003906	0.946271305003906	
128.0	0.9304056164441381	0.985765164094782	0.985569429566836	0.9166895198759819	0.9165238002524244	0.9965314411252825	0.9607400615376678	0.9304056164441381	0.985765164094782	0.985569429566836	0.9166895198759819	0.9165238002524244	0.9965314411252825	0.9607400615376678	0.9607400615376678	
256.0	0.9660176991150443	0.9931925444274239	0.9931346261459779	0.9590243939535259	0.958971508729252	0.9984037246425007	0.9811078512479353	0.9660176991150443	0.9931925444274239	0.9931346261459779	0.9590243939535259	0.958971508729252	0.9984037246425007	0.9811078512479353	0.9811078512479353	
