0.03125	0.23602190762794742	0.5773495298737888	0.5674982445442629	0.22119085654751935	0.21791522273080471	0.8731618831928646	0.29226120457152455	0.040206844025003435	0.23834376440296406	0.21108045482951968	0.08382627833826387	0.07446411382202775	0.9556447128743105	0.08072846804328214	0.135660329581583	
0.0625	0.15837146819800685	0.49290612003311207	0.4857918543570518	0.21225441624897562	0.20965519602911792	0.8759937833230833	0.18526851736909022	0.05120771842756885	0.2574255072846925	0.24339558224111874	0.13233998345530967	0.12568206377626795	0.9500870345318948	0.06112822645463665	0.10010557163419187	
0.125	0.12812108615098663	0.38946096011718073	0.3835423023750478	0.16707650817597172	0.16457056805709658	0.8752648576639059	0.13719502944356604	0.08111904991989272	0.2813602857628697	0.27601705045528896	0.15085692787276084	0.14804024059281473	0.932992576047792	0.06482717907722682	0.09714557196232905	
0.25	0.11321593558267598	0.3444240861895846	0.3408885041761062	0.16881201337961838	0.16722007484270257	0.8911169435118375	0.11657468307503956	0.09754193004548314	0.30653484851101415	0.30468523941377856	0.18612722961765055	0.1850788435164073	0.9136120505029005	0.08455106952536853	0.09807337960193022	
0.5	0.11238864782535829	0.32780746236153935	0.32479170527757745	0.16268518575689755	0.16131976075040505	0.8943878346996902	0.11611718419110961	0.11022241054579492	0.33041722793403644	0.32810896961257174	0.20208030586923456	0.20075559536669357	0.8991710127024145	0.1090427627182002	0.1137209413725917	
1.0	0.12728130142917493	0.3581213366523551	0.3548884345056163	0.1853381584437887	0.18393210527017256	0.8998389622719951	0.14614145203118373	0.12693962394733718	0.360266256017456	0.35726507838018723	0.20321642258192346	0.20172001660270644	0.9008080813186853	0.1442660981719447	0.1458216302753176	
2.0	0.1782836576587559	0.4454674702613074	0.44134315745153296	0.21633707489468118	0.21443898849430676	0.9091574521478174	0.23777611866241316	0.1782836576587559	0.4454674702613074	0.44134315745153296	0.21633707489468118	0.21443898849430676	0.9091574521478174	0.23777611866241316	0.23777611866241316	
4.0	0.3189833388382458	0.6282511085492335	0.623971543912863	0.3402324316135794	0.3381949439768362	0.9366845230837473	0.44510703308976896	0.3189833388382458	0.6282511085492335	0.623971543912863	0.3402324316135794	0.3381949439768362	0.9366845230837473	0.44510703308976896	0.44510703308976896	
8.0	0.5623397965575417	0.851668861495314	0.8489708063073724	0.5738590801432766	0.5720787892681327	0.9687289290248382	0.7071043202001265	0.5623397965575417	0.851668861495314	0.8489708063073724	0.5738590801432766	0.5720787892681327	0.9687289290248382	0.7071043202001265	0.7071043202001265	
16.0	0.8503667106226768	0.9699918930937071	0.9695514813532178	0.8496941561073077	0.8493230104701052	0.9922137466687028	0.9143228850544055	0.8503667106226768	0.9699918930937071	0.9695514813532178	0.8496941561073077	0.8493230104701052	0.9922137466687028	0.9143228850544055	0.9143228850544055	
32.0	0.9830088495575222	0.9965962722137119	0.996567313072989	0.979512196976763	0.9794857543646259	0.9992018623212504	0.9905539256239676	0.9830088495575222	0.9965962722137119	0.996567313072989	0.979512196976763	0.9794857543646259	0.9992018623212504	0.9905539256239676	0.9905539256239676	
64.0	1.0	1.0	1.0	1.0	1.0	1.0	0.9999999999999998	1.0	1.0	1.0	1.0	1.0	1.0	0.9999999999999998	0.9999999999999998	
128.0	1.0	1.0	1.0	1.0	1.0	1.0	0.9999999999999998	1.0	1.0	1.0	1.0	1.0	1.0	0.9999999999999998	0.9999999999999998	
256.0	1.0	1.0	1.0	1.0	1.0	1.0	0.9999999999999998	1.0	1.0	1.0	1.0	1.0	1.0	0.9999999999999998	0.9999999999999998	
