0.03125	0.25255577755577757	0.5978154826319593	0.5891451604705097	0.24338320652735587	0.24012488070489751	0.8825975053512218	0.3169180764494437	0.041684979245040346	0.2456210462027811	0.21816735323228645	0.09215721816736516	0.08212720425666557	0.9561764779330252	0.08745573792663422	0.14560318200298672	
0.0625	0.1891775494019782	0.5440718234355613	0.5378356899041717	0.2491772667603423	0.24671942226178953	0.8885683475070175	0.237927482797041	0.05771597134121599	0.27956452240758817	0.26498969330718847	0.15105183980638343	0.14373868467803802	0.9514949169877898	0.07889378803207317	0.12445063855616736	
0.125	0.14103850168578877	0.44029123244587964	0.43749595536096003	0.2600639136636752	0.2585515072029508	0.9005149317924571	0.1631856823974846	0.0826546273815758	0.3152841696363717	0.31136654666513947	0.21738565281292735	0.21485876920680475	0.9409667445541015	0.07004424063922152	0.11329792273028896	
0.25	0.13684697733189427	0.4073929807252414	0.4046487045053623	0.24684254836985567	0.24526878791383674	0.9023726508902215	0.1615867446698925	0.11697663231661129	0.35865247664047134	0.3572468979121748	0.2570028609664451	0.2560451237264191	0.921234503423103	0.11731129480594649	0.13600023305041445	
0.5	0.1370651232594231	0.38972078808440536	0.3868611322596392	0.21953119983396086	0.21805502806805946	0.9027174200138923	0.16242592975856893	0.13441904229830473	0.38959789238221587	0.38750087379250714	0.2633113985950551	0.2619711172532818	0.9071052816191564	0.15339063852550128	0.15890905067559308	
1.0	0.21491236391605062	0.4980806706660158	0.49302470346418437	0.23179643427088745	0.22950353315697397	0.9134487866356157	0.2987102844854369	0.2142094676119905	0.49865023980872475	0.4938561767319992	0.2553025029326338	0.2529541994210556	0.9140575472194316	0.29512892252794865	0.2976295773285859	
2.0	0.3557507001766671	0.6922734052577962	0.6838620924221239	0.28880288251705344	0.28557279912843775	0.9342573681592489	0.5071621392581738	0.3557507001766671	0.6922734052577962	0.6838620924221239	0.28880288251705344	0.28557279912843775	0.9342573681592489	0.5071621392581738	0.5071621392581738	
4.0	0.5783896176603622	0.8662939992847747	0.8630775671278677	0.5646485848845273	0.562616935047404	0.9694959816813231	0.7246901019169136	0.5783896176603622	0.8662939992847747	0.8630775671278677	0.5646485848845273	0.562616935047404	0.9694959816813231	0.7246901019169136	0.7246901019169136	
8.0	0.6319443285136963	0.913459145357751	0.9094807189303806	0.5747333371016604	0.5724020163720468	0.9732629767768618	0.772946588342753	0.6319443285136963	0.913459145357751	0.9094807189303806	0.5747333371016604	0.5724020163720468	0.9732629767768618	0.772946588342753	0.772946588342753	
16.0	0.7813604156655934	0.9550513824809699	0.9539079139872906	0.7621205806364192	0.7612614590364737	0.9873971055463615	0.8722069152003418	0.7813604156655934	0.9550513824809699	0.9539079139872906	0.7621205806364192	0.7612614590364737	0.9873971055463615	0.8722069152003418	0.8722069152003418	
32.0	0.9023328129943199	0.9810056177689503	0.9807393142373126	0.8950397579241507	0.8948125739514665	0.995060066625476	0.944711409751327	0.9023328129943199	0.9810056177689503	0.9807393142373126	0.8950397579241507	0.8948125739514665	0.995060066625476	0.944711409751327	0.944711409751327	
64.0	0.9269955676054409	0.9858350346541878	0.9857090840410928	0.9175465330224352	0.9174315274274021	0.9965399858981501	0.9593224439610444	0.9269955676054409	0.9858350346541878	0.9857090840410928	0.9175465330224352	0.9174315274274021	0.9965399858981501	0.9593224439610444	0.9593224439610444	
128.0	1.0	1.0	1.0	1.0	1.0	1.0	0.9999999999999998	1.0	1.0	1.0	1.0	1.0	1.0	0.9999999999999998	0.9999999999999998	
256.0	1.0	1.0	1.0	1.0	1.0	1.0	0.9999999999999998	1.0	1.0	1.0	1.0	1.0	1.0	0.9999999999999998	0.9999999999999998	
