0.03125	0.24774122813547012	0.6184314967566694	0.6123433054319728	0.29110879983628585	0.2885745136884632	0.8940788701213283	0.3125613571880198	0.03830773702128765	0.2531477806152771	0.2261203008435583	0.10657256098637821	0.09543279282338793	0.9566422580628264	0.07833274369004561	0.1440554862887816	
0.0625	0.20683099906629318	0.5947821516387782	0.5926676725756125	0.3562574437348897	0.35502438179125556	0.9162364526548448	0.26551333949668976	0.054882581871053195	0.30509253830846805	0.29193110904161945	0.20364635208444093	0.19516002366009952	0.9545399093333764	0.07723245561421598	0.1393953239082051	
0.125	0.1571981747883629	0.4802960642283874	0.47803629866785685	0.2954787254018584	0.29413756510052314	0.9088192863223716	0.19212458310155595	0.08932421906087884	0.34037163319198466	0.3366434175219616	0.24240803873337521	0.23986446512012316	0.9436080262793748	0.08189347463351039	0.13195366896045185	
0.25	0.16506215433033117	0.4717120537325144	0.4710025131936534	0.377487921869717	0.3769307043785965	0.9250340647219218	0.21263002213015816	0.1362406306926493	0.41382462724817526	0.4134963496963156	0.3706474961657638	0.37035856487657787	0.9362587553314559	0.1451376733427829	0.1791445779010598	
0.5	0.195681451360907	0.4978669692610918	0.4956028867928809	0.30197158131505936	0.30059834588197165	0.9219918404552884	0.2619431327583561	0.1909367002146003	0.4923372568252051	0.490735040847553	0.3527750598772685	0.3516270219629792	0.9247357124975608	0.24498827484468153	0.25493023248719543	
1.0	0.33570695709570486	0.6451490099059423	0.6422376944569377	0.39230877485679716	0.3906123469930019	0.942491561895932	0.46183881348459055	0.334150045576887	0.6439956330661756	0.6412998185394533	0.420956918920478	0.4192967928370554	0.9427304938743261	0.45542813376140706	0.4597962749242003	
2.0	0.4221309340916243	0.769701052652483	0.7626813604942144	0.3753664127016725	0.3721482789393596	0.9467174051023847	0.5824776964208818	0.4221309340916243	0.769701052652483	0.7626813604942144	0.3753664127016725	0.3721482789393596	0.9467174051023847	0.5824776964208818	0.5824776964208818	
4.0	0.4637475848585354	0.788003871845112	0.7811278503225549	0.38766122415560755	0.38463202300717114	0.9521914378436133	0.6244823718864486	0.4637475848585354	0.788003871845112	0.7811278503225549	0.38766122415560755	0.38463202300717114	0.9521914378436133	0.6244823718864486	0.6244823718864486	
8.0	0.2887237763469651	0.598371244199774	0.5886266481617017	0.20567697403494237	0.20243246306252694	0.9185078262422797	0.4217799361160419	0.2887237763469651	0.598371244199774	0.5886266481617017	0.20567697403494237	0.20243246306252694	0.9185078262422797	0.4217799361160419	0.4217799361160419	
16.0	0.11122905490696496	0.2647769939492032	0.2583099179009828	0.06529320282945861	0.06369844151038799	0.8665186030525446	0.11133129193967703	0.11122905490696496	0.2647769939492032	0.2583099179009828	0.06529320282945861	0.06369844151038799	0.8665186030525446	0.11133129193967703	0.11133129193967703	
32.0	0.07581624266808448	0.1264880204184396	0.12053820009029001	0.0156389385980364	0.014955389916992834	0.8171874432874333	0.02765486310085174	0.07581624266808448	0.1264880204184396	0.12053820009029001	0.0156389385980364	0.014955389916992834	0.8171874432874333	0.02765486310085174	0.02765486310085174	
64.0	0.07640467322624664	0.05915386992376328	0.04883654266026081	0.00039857564033711284	0.0003290580360634137	0.6474186550176274	0.011859886617499057	0.07640467322624664	0.05915386992376328	0.04883654266026081	0.00039857564033711284	0.0003290580360634137	0.6474186550176274	0.011859886617499057	0.011859886617499057	
128.0	0.07887109077040427	0.0	0.0	0.0	0.0	0.0	0.0	0.07887109077040427	0.0	0.0	0.0	0.0	0.0	0.0	0.0	
256.0	0.07887109077040427	0.0	0.0	0.0	0.0	0.0	0.0	0.07887109077040427	0.0	0.0	0.0	0.0	0.0	0.0	0.0	
