0.03125	0.19773196177275415	0.5966794284494108	0.594304962024087	0.35082445376456295	0.3496029995608366	0.9021767966776963	0.23545692659615539	0.02843111168832436	0.25061093408595336	0.22599030251563743	0.12947684126208975	0.11686049093566384	0.9569653722586914	0.041399374555427616	0.11375940530956527	
0.0625	0.14949749568767395	0.5366042049142681	0.535075648865005	0.33725194693747873	0.3363853882173327	0.9093029890273673	0.17290488243978697	0.03971312113217389	0.2829310486205755	0.2712717577597337	0.19723147205894037	0.18952171479116625	0.9538358630616018	0.039769399842798404	0.09392180490654026	
0.125	0.12646751231878015	0.4345140567349658	0.4330075984505569	0.2881864839444739	0.2872774079534283	0.9075852985206068	0.13868589435659134	0.07145295655661463	0.3143762303780151	0.3113508238126254	0.2383855053714133	0.2362532716446105	0.9433196639715309	0.051746319717114075	0.09733234652544205	
0.25	0.08766773639513688	0.34169870307245753	0.3407590172746344	0.24940008974774264	0.24876853566449658	0.9086187069307169	0.07534945128409617	0.07378219903383584	0.30729459931407793	0.30680759357847504	0.25540672123110875	0.2550300368834914	0.9253849440987473	0.049550073155481524	0.06433701390290122	
0.5	0.09404074769941201	0.30768223931081184	0.30585725867935404	0.17048100287008397	0.16953091063258335	0.9012657170280498	0.08388562247516582	0.09207932052969212	0.31091608704792084	0.30951882079951715	0.20741150600091585	0.20653044395315273	0.9053258447292407	0.07758988894199355	0.08246728792661957	
1.0	0.13001580859136638	0.34143812941672425	0.33852616960829496	0.170807770300593	0.1694996186780607	0.9007039678982135	0.14942495144844106	0.12960017831870282	0.3432991170196574	0.3405246194247459	0.18804746159444014	0.1867334502110906	0.9014373563937784	0.14701638637597203	0.14904830474730976	
2.0	0.2510468187860752	0.5435947917169376	0.5390722769026632	0.2661122964636259	0.26389833705607507	0.9229883889950437	0.35199448733038086	0.2510468187860752	0.5435947917169376	0.5390722769026632	0.2661122964636259	0.26389833705607507	0.9229883889950437	0.35199448733038086	0.35199448733038086	
4.0	0.4068227376394457	0.7532060544639733	0.7461845020533678	0.3691032570917955	0.365812185365835	0.9438417820482254	0.5665211314626178	0.4068227376394457	0.7532060544639733	0.7461845020533678	0.3691032570917955	0.365812185365835	0.9438417820482254	0.5665211314626178	0.5665211314626178	
8.0	0.596040730963367	0.8940422088018224	0.8901529345200739	0.5626092486544009	0.5602087427856624	0.9703504138053267	0.7450266106255131	0.596040730963367	0.8940422088018224	0.8901529345200739	0.5626092486544009	0.5602087427856624	0.9703504138053267	0.7450266106255131	0.7450266106255131	
16.0	0.7219937076174562	0.9435052161739703	0.9418423406881553	0.7152104160818588	0.7139827184719054	0.9829731566209157	0.8350359814042619	0.7219937076174562	0.9435052161739703	0.9418423406881553	0.7152104160818588	0.7139827184719054	0.9829731566209157	0.8350359814042619	0.8350359814042619	
32.0	0.8163381012705898	0.9641020937569934	0.9634118433337363	0.8078928162406289	0.8073249541187388	0.9900541118820719	0.8942177598992831	0.8163381012705898	0.9641020937569934	0.9634118433337363	0.8078928162406289	0.8073249541187388	0.9900541118820719	0.8942177598992831	0.8942177598992831	
64.0	0.9490265486725663	0.9897888166411356	0.989701939218967	0.9385365909302887	0.9384572630938779	0.9976055869637512	0.9716617768719031	0.9490265486725663	0.9897888166411356	0.989701939218967	0.9385365909302887	0.9384572630938779	0.9976055869637512	0.9716617768719031	0.9716617768719031	
128.0	0.9830088495575222	0.9965962722137119	0.996567313072989	0.979512196976763	0.9794857543646259	0.9992018623212504	0.9905539256239676	0.9830088495575222	0.9965962722137119	0.996567313072989	0.979512196976763	0.9794857543646259	0.9992018623212504	0.9905539256239676	0.9905539256239676	
256.0	1.0	1.0	1.0	1.0	1.0	1.0	0.9999999999999998	1.0	1.0	1.0	1.0	1.0	1.0	0.9999999999999998	0.9999999999999998	
