0.03125	0.25255577755577757	0.5978154826319593	0.5891451604705097	0.24338320652735587	0.24012488070489751	0.8825975053512218	0.3169180764494437	0.041684979245040346	0.2456210462027811	0.21816735323228645	0.09215721816736516	0.08212720425666557	0.9561764779330252	0.08745573792663422	0.14560318200298672	
0.0625	0.1888969675858793	0.5408615350007784	0.5346116979264168	0.24632127078769775	0.24386608994108502	0.8884578175283873	0.23645597302966587	0.057436608716837256	0.2779399689067214	0.26340412164890925	0.14952403218249097	0.14225620391410138	0.9514449423003624	0.07842279843856412	0.12388627632353313	
0.125	0.14265901956291516	0.4476132660890338	0.4446527647025496	0.2768370292837575	0.2752028943473128	0.8982010111857596	0.16672485471067128	0.08471812113822412	0.3201171375402739	0.31615882929661476	0.22915780029380484	0.22654384555787152	0.940219884406052	0.0729282915173454	0.11573934769500163	
0.25	0.14264609060125433	0.40740090657643185	0.40415005620269884	0.22823848872922955	0.22652156914326058	0.900789124687473	0.17278829032532667	0.12212398986237324	0.3579465804503106	0.3562780044374944	0.240995722054131	0.23992384222866278	0.9199037695969559	0.1263793294450642	0.14506032220208223	
0.5	0.15255898438955234	0.41589937495058277	0.41327585037783676	0.24365117985818582	0.2422148481912461	0.9088672973528056	0.19047541263900905	0.1494102285461861	0.4143953101089265	0.4124838136520217	0.28893802677520875	0.28766705788165137	0.9127472492897439	0.17930853088865564	0.18597298250009361	
1.0	0.23997853407342662	0.5281868575228856	0.5224996075423097	0.23372112585399124	0.2312882442024184	0.9163852529854936	0.3368699869953341	0.23911690190287324	0.5283005212965466	0.5229229875920935	0.25845124019345284	0.25592835420430615	0.9169481604053168	0.33282949974566073	0.3354838409093644	
2.0	0.3895824161987675	0.7180082364345687	0.7123150592364226	0.3685602368071829	0.3656992888995617	0.9438270830212285	0.5412310239537724	0.3895824161987675	0.7180082364345687	0.7123150592364226	0.3685602368071829	0.3656992888995617	0.9438270830212285	0.5412310239537724	0.5412310239537724	
4.0	0.5411638157626647	0.863439731798955	0.8581747040220604	0.48398494145725807	0.48110838578197496	0.9633595219035861	0.7006674906878371	0.5411638157626647	0.863439731798955	0.8581747040220604	0.48398494145725807	0.48110838578197496	0.9633595219035861	0.7006674906878371	0.7006674906878371	
8.0	0.6175594030728935	0.9111354078836467	0.9069350204323954	0.5733239190784929	0.5708579721826342	0.971284846440802	0.7623250195428757	0.6175594030728935	0.9111354078836467	0.9069350204323954	0.5733239190784929	0.5708579721826342	0.971284846440802	0.7623250195428757	0.7623250195428757	
16.0	0.7798736409742679	0.9553309196814055	0.9542778885004616	0.7630634693037102	0.7622454411222769	0.9875094046760481	0.8718064015467173	0.7798736409742679	0.9553309196814055	0.9542778885004616	0.7630634693037102	0.7622454411222769	0.9875094046760481	0.8718064015467173	0.8718064015467173	
32.0	0.9049645865383151	0.9818812526672398	0.9817162288632184	0.8965564751145816	0.8964057917609262	0.995474384832549	0.946983111050186	0.9049645865383151	0.9818812526672398	0.9817162288632184	0.8965564751145816	0.8964057917609262	0.995474384832549	0.946983111050186	0.946983111050186	
64.0	0.9269955676054409	0.9858350346541878	0.9857090840410928	0.9175465330224352	0.9174315274274021	0.9965399858981501	0.9593224439610444	0.9269955676054409	0.9858350346541878	0.9857090840410928	0.9175465330224352	0.9174315274274021	0.9965399858981501	0.9593224439610444	0.9593224439610444	
128.0	0.9830088495575222	0.9965962722137119	0.996567313072989	0.979512196976763	0.9794857543646259	0.9992018623212504	0.9905539256239674	0.9830088495575222	0.9965962722137119	0.996567313072989	0.979512196976763	0.9794857543646259	0.9992018623212504	0.9905539256239674	0.9905539256239674	
256.0	1.0	1.0	1.0	1.0	1.0	1.0	0.9999999999999998	1.0	1.0	1.0	1.0	1.0	1.0	0.9999999999999998	0.9999999999999998	
