0.03125	0.05	0.7457205204757935	0.7275349716940973	0.37610922270427266	0.3669871789856497	0.9282521173745565	0.06354600882899919	0.0077192982456140355	0.31816857901034556	0.30066883943511896	0.16265764404157723	0.15479531686857909	0.9584009644709252	-0.019526375703400805	0.029382126412463554	
0.0625	0.027530364372469633	0.7108703286573839	0.6902136040690772	0.32818843388479024	0.3185838162964115	0.9299097124506168	0.03001843876200853	0.009855072463768117	0.38233058413608495	0.37764284747176907	0.18047408042723992	0.17853372833247003	0.9565637521525783	-0.016102490662588387	0.01578989580583804	
0.125	0.026378896882494007	0.6892365806653956	0.6657183880913748	0.32363864569017786	0.3132866348907598	0.9453466598516203	0.02812773897896621	0.014905149051490516	0.5015553141383136	0.49693196578209414	0.23747672460153288	0.2352545156217552	0.9560659937930595	-0.009954639432000692	0.021920631689112336	
0.25	0.02082777036048064	0.6623809973635432	0.6348507471637073	0.2989889140204029	0.2874763787211599	0.9493806672062892	0.021170804471959685	0.016993464052287584	0.5907084770781428	0.5713606549113992	0.27303131734923053	0.2649472385047919	0.9532881050963986	0.0076117224279690105	0.017875169361045665	
0.5	0.05701028331457112	0.5837383769804816	0.5601969089363207	0.24227564017601694	0.23261522928460332	0.9356035664217487	0.06954241800380322	0.056231687265878905	0.5764435134671785	0.5541654565570285	0.2571792015348352	0.24789178773655954	0.9368595580124772	0.06100213640034406	0.06808306378892734	
1.0	0.2353608205405553	0.5254445953351886	0.5204777555001111	0.23158001134544656	0.22947437392950412	0.9206327568491274	0.32820679642839856	0.23460683731414625	0.5256123484978273	0.5210173312906845	0.257309141367254	0.2550596890179765	0.9212531897027517	0.32456437956681167	0.3269214833295794	
2.0	0.3755582340069151	0.7068210138869185	0.6981617626504859	0.27937861586105683	0.2760468859829276	0.9370313233301504	0.5296340284287682	0.3755582340069151	0.7068210138869185	0.6981617626504859	0.27937861586105683	0.2760468859829276	0.9370313233301504	0.5296340284287682	0.5296340284287682	
4.0	0.5835865823574682	0.8612624341496808	0.8575800742226605	0.5221514278257128	0.5200317249729085	0.9700038204251769	0.7295570222806875	0.5835865823574682	0.8612624341496808	0.8575800742226605	0.5221514278257128	0.5200317249729085	0.9700038204251769	0.7295570222806875	0.7295570222806875	
8.0	0.6218662630273911	0.8961710039570214	0.8922762133677764	0.5433901186761401	0.5411538277688562	0.9731456577722545	0.7636737934364328	0.6218662630273911	0.8961710039570214	0.8922762133677764	0.5433901186761401	0.5411538277688562	0.9731456577722545	0.7636737934364328	0.7636737934364328	
16.0	0.77322106569738	0.9499910648150927	0.9487009281689606	0.7385264523091012	0.7375805654291605	0.9869110469052463	0.8671755220167785	0.77322106569738	0.9499910648150927	0.9487009281689606	0.7385264523091012	0.7375805654291605	0.9869110469052463	0.8671755220167785	0.8671755220167785	
32.0	0.8667207303234136	0.9735782374363087	0.9731741176581705	0.8527048838466067	0.8523648654746392	0.9931877831082577	0.9243436200410594	0.8667207303234136	0.9735782374363087	0.9731741176581705	0.8527048838466067	0.8523648654746392	0.9931877831082577	0.9243436200410594	0.9243436200410594	
64.0	0.9439867180479187	0.9892387624404758	0.9891417709681039	0.9380343360456724	0.9379457730627759	0.9973381235768997	0.9687685183370766	0.9439867180479187	0.9892387624404758	0.9891417709681039	0.9380343360456724	0.9379457730627759	0.9973381235768997	0.9687685183370766	0.9687685183370766	
128.0	0.9830088495575222	0.9965962722137119	0.996567313072989	0.979512196976763	0.9794857543646259	0.9992018623212504	0.9905539256239674	0.9830088495575222	0.9965962722137119	0.996567313072989	0.979512196976763	0.9794857543646259	0.9992018623212504	0.9905539256239674	0.9905539256239674	
256.0	1.0	1.0	1.0	1.0	1.0	1.0	0.9999999999999998	1.0	1.0	1.0	1.0	1.0	1.0	0.9999999999999998	0.9999999999999998	
