0.03125	0.03888888888888889	0.7494140539450471	0.7326550635770944	0.3975136429563918	0.3888089911388186	0.9326227994995465	0.044504652056440455	0.005054151624548736	0.32006511732331966	0.3030130726552171	0.16888917542273404	0.16043843991183793	0.9585452898906066	-0.030561551678342423	0.0220493939365144	
0.0625	0.027530364372469633	0.7108703286573839	0.6902136040690772	0.32818843388479024	0.3185838162964115	0.9299097124506168	0.03001843876200853	0.009855072463768117	0.38233058413608495	0.37764284747176907	0.18047408042723992	0.17853372833247003	0.9565637521525783	-0.016102490662588387	0.01578989580583804	
0.125	0.02814070351758794	0.6914978500751893	0.668008538240231	0.3251927919119871	0.31486063053489016	0.946521339359436	0.031640399713487255	0.015577190542420027	0.5029036595117168	0.4983025448101176	0.23844285627904357	0.23623657840894982	0.9564064580437636	-0.008691655570942307	0.02419306150291204	
0.25	0.02559241706161137	0.6610334377402115	0.6331283823366606	0.2809015215650286	0.26923822296334243	0.9473856123397282	0.028911256567263066	0.021322803553800593	0.5891977208266194	0.569644459786773	0.25775396185336885	0.24956382441366642	0.9520591842980657	0.014143762957707532	0.024143725409061075	
0.5	0.05127244340359094	0.5795380749860988	0.5566828574058831	0.25812046799009347	0.2486395973723537	0.9380112765228187	0.0593031403088347	0.050528233348401216	0.5724642080910868	0.5507678244505646	0.2718682660388892	0.2628155655818113	0.9391649475241415	0.050929402159127425	0.058103793746448675	
1.0	0.21478718676337408	0.48467430954054597	0.4788151788805412	0.1903765982286888	0.18813308088398414	0.9119031497998167	0.29878125594280214	0.21411649041709943	0.4854167964510352	0.4798226101046289	0.21366569643000655	0.2113332007824515	0.9125288468213165	0.29531664865920615	0.2977614584204554	
2.0	0.36712602813962775	0.6877272701381228	0.6802230036056903	0.28927498105107	0.2862399831878536	0.9376238897918302	0.5157326417573752	0.36712602813962775	0.6877272701381228	0.6802230036056903	0.28927498105107	0.2862399831878536	0.9376238897918302	0.5157326417573752	0.5157326417573752	
4.0	0.5397192935572038	0.8350971637356175	0.8306994608932303	0.46855337392067914	0.46616009730413116	0.9651508515195826	0.6927752955570562	0.5397192935572038	0.8350971637356175	0.8306994608932303	0.46855337392067914	0.46616009730413116	0.9651508515195826	0.6927752955570562	0.6927752955570562	
8.0	0.6120400233323735	0.8876606233773428	0.8838247700138707	0.5384988749970825	0.5362947351122902	0.9723172932018519	0.7547839571829147	0.6120400233323735	0.8876606233773428	0.8838247700138707	0.5384988749970825	0.5362947351122902	0.9723172932018519	0.7547839571829147	0.7547839571829147	
16.0	0.7888553254913676	0.9543669230360114	0.9533029811262178	0.7612656332726535	0.7604647345243298	0.9881386265482227	0.877120294342841	0.7888553254913676	0.9543669230360114	0.9533029811262178	0.7612656332726535	0.7604647345243298	0.9881386265482227	0.877120294342841	0.877120294342841	
32.0	0.8667207303234136	0.9735782374363087	0.9731741176581705	0.8527048838466067	0.8523648654746392	0.9931877831082577	0.9243436200410594	0.8667207303234136	0.9735782374363087	0.9731741176581705	0.8527048838466067	0.8523648654746392	0.9931877831082577	0.9243436200410594	0.9243436200410594	
64.0	0.9439867180479187	0.9892387624404758	0.9891417709681039	0.9380343360456724	0.9379457730627759	0.9973381235768997	0.9687685183370766	0.9439867180479187	0.9892387624404758	0.9891417709681039	0.9380343360456724	0.9379457730627759	0.9973381235768997	0.9687685183370766	0.9687685183370766	
128.0	0.9830088495575222	0.9965962722137119	0.996567313072989	0.979512196976763	0.9794857543646259	0.9992018623212504	0.9905539256239674	0.9830088495575222	0.9965962722137119	0.996567313072989	0.979512196976763	0.9794857543646259	0.9992018623212504	0.9905539256239674	0.9905539256239674	
256.0	1.0	1.0	1.0	1.0	1.0	1.0	0.9999999999999998	1.0	1.0	1.0	1.0	1.0	1.0	0.9999999999999998	0.9999999999999998	
