0.03125	0.24199239727408745	0.6021359500000392	0.5949172247089299	0.26513169539821274	0.2623045028731343	0.8874003585313288	0.2988796867212765	0.03902897213866681	0.24770865295795325	0.2206995558615402	0.09845903970026326	0.08783947738112191	0.9563374350250988	0.07655643250514069	0.13864453202969398	
0.0625	0.16736006076337975	0.5048467551247147	0.4986270904230996	0.21864916891163305	0.21625850806293942	0.8837981902231421	0.19810896294675567	0.052154819229694095	0.26287175687552355	0.24889148977517275	0.1357817536968261	0.129042312726738	0.9508499912598758	0.06357576617101379	0.10612239343977954	
0.125	0.13565030968069974	0.4382084239062259	0.43523941839889024	0.26095627485082173	0.259367553398515	0.898651883646618	0.1553171215233169	0.0807666905073007	0.3142763335210693	0.31043210625527295	0.21857073015803383	0.2160405647816995	0.9403665133282821	0.0660113911769474	0.1081932613295882	
0.25	0.11733193542518264	0.3939201718674685	0.3924794362114407	0.2704783827350183	0.26955403048133314	0.9098303653177198	0.1281451833728528	0.09886854114564572	0.34927306555824333	0.3485424554110014	0.27663821817534634	0.276095639877564	0.9261862913424117	0.08868323483659528	0.10801854625935865	
0.5	0.12662002582142118	0.36847154412545297	0.36568577603633745	0.18936089055019853	0.18803810020980544	0.9030894645821543	0.14429124199062376	0.12388153364089258	0.3684792890256871	0.36635684440293503	0.23173725050634114	0.2304806731457914	0.9068863049267911	0.13434140760648364	0.14079224089389855	
1.0	0.19665915891428115	0.4830487860127766	0.47932636081426844	0.26093384219851135	0.2591728609015293	0.915238959529723	0.26566752308323754	0.1959233008102675	0.48368232957568286	0.48010908674824604	0.2830111951571464	0.28124009792115084	0.9157458285920537	0.26158128321824686	0.26474619697098595	
2.0	0.3499120776612919	0.679611708260375	0.6721007321069132	0.29982434736302327	0.2967695504051968	0.9347038312374785	0.4976964927158595	0.3499120776612919	0.679611708260375	0.6721007321069132	0.29982434736302327	0.2967695504051968	0.9347038312374785	0.4976964927158595	0.4976964927158595	
4.0	0.5498162427528536	0.8521783740977465	0.8485395119590189	0.536086525051706	0.5338265348091276	0.9663488586555461	0.7024304897932651	0.5498162427528536	0.8521783740977465	0.8485395119590189	0.536086525051706	0.5338265348091276	0.9663488586555461	0.7024304897932651	0.7024304897932651	
8.0	0.6212517246595887	0.9155124438767583	0.9118594728281838	0.5963115869692579	0.5939956093627521	0.9727496475907558	0.7666245256123001	0.6212517246595887	0.9155124438767583	0.9118594728281838	0.5963115869692579	0.5939956093627521	0.9727496475907558	0.7666245256123001	0.7666245256123001	
16.0	0.7974320385264665	0.9593668114350524	0.9584348428998574	0.7848686523787448	0.7841460545728451	0.9885867837579114	0.8822720973499635	0.7974320385264665	0.9593668114350524	0.9584348428998574	0.7848686523787448	0.7841460545728451	0.9885867837579114	0.8822720973499635	0.8822720973499635	
32.0	0.9023328129943199	0.9810056177689503	0.9807393142373126	0.8950397579241507	0.8948125739514665	0.995060066625476	0.944711409751327	0.9023328129943199	0.9810056177689503	0.9807393142373126	0.8950397579241507	0.8948125739514665	0.995060066625476	0.944711409751327	0.944711409751327	
64.0	0.9490265486725663	0.9897888166411356	0.989701939218967	0.9385365909302887	0.9384572630938781	0.9976055869637512	0.9716617768719029	0.9490265486725663	0.9897888166411356	0.989701939218967	0.9385365909302887	0.9384572630938781	0.9976055869637512	0.9716617768719029	0.9716617768719029	
128.0	1.0	1.0	1.0	1.0	1.0	1.0	0.9999999999999998	1.0	1.0	1.0	1.0	1.0	1.0	0.9999999999999998	0.9999999999999998	
256.0	1.0	1.0	1.0	1.0	1.0	1.0	0.9999999999999998	1.0	1.0	1.0	1.0	1.0	1.0	0.9999999999999998	0.9999999999999998	
