0.03125	0.05	0.7457205204757935	0.7275349716940973	0.37610922270427266	0.3669871789856497	0.9282521173745565	0.06354600882899919	0.0077192982456140355	0.31816857901034556	0.30066883943511896	0.16265764404157723	0.15479531686857909	0.9584009644709252	-0.019526375703400805	0.029382126412463554	
0.0625	0.027530364372469633	0.7108703286573839	0.6902136040690772	0.32818843388479024	0.3185838162964115	0.9299097124506168	0.03001843876200853	0.009855072463768117	0.38233058413608495	0.37764284747176907	0.18047408042723992	0.17853372833247003	0.9565637521525783	-0.016102490662588387	0.01578989580583804	
0.125	0.02606741573033708	0.6836357069409987	0.6599279728690064	0.30989976535616115	0.29946309035303953	0.9438130070406501	0.02697513082524542	0.01514360313315927	0.49811404656874136	0.49334289673079945	0.22821740279219638	0.22598756694212688	0.955631043341301	-0.009697421174142053	0.021252183058817688	
0.25	0.02493765586034913	0.661655621366412	0.6339433257164344	0.29010337241417494	0.278496277029102	0.9484004949665193	0.02798124450867858	0.02059732234809475	0.5898889652135577	0.5704397657973055	0.2655275743175871	0.2573797877751877	0.9526867163705305	0.013033603428775862	0.023412973577820708	
0.5	0.05643153220110856	0.5863797620921871	0.5628038514420245	0.24275014227155184	0.2330885556528794	0.9359043785942633	0.06866624839688991	0.05567208324851214	0.5791426427363653	0.5567874445167795	0.25798162750799003	0.24867442422138764	0.9370837342927336	0.06019942605608759	0.06735225208647617	
1.0	0.224298226364576	0.5025918301446279	0.4971201174990657	0.22453091611481374	0.22252054058061446	0.9154854928907576	0.3121601200203815	0.2234113631071409	0.5028040618530589	0.49754431439574553	0.24917919482743361	0.24717095606987072	0.9159578205802189	0.30776634200403513	0.310895581915289	
2.0	0.37506497227339797	0.701362598961	0.6934046438245314	0.2957118365982567	0.2927491770914948	0.9381747199721886	0.5243727099907228	0.37506497227339797	0.701362598961	0.6934046438245314	0.2957118365982567	0.2927491770914948	0.9381747199721886	0.5243727099907228	0.5243727099907228	
4.0	0.5353918739931751	0.8525542244034489	0.8466507679205737	0.43799414100208134	0.4350240322138726	0.9628347472861207	0.6953801070936427	0.5353918739931751	0.8525542244034489	0.8466507679205737	0.43799414100208134	0.4350240322138726	0.9628347472861207	0.6953801070936427	0.6953801070936427	
8.0	0.631267643941896	0.8976171749900479	0.8940784139728717	0.5640606029026919	0.5620013107363623	0.9742443920839119	0.7696509074323001	0.631267643941896	0.8976171749900479	0.8940784139728717	0.5640606029026919	0.5620013107363623	0.9742443920839119	0.7696509074323001	0.7696509074323001	
16.0	0.7796224329687276	0.9535687317702193	0.9525621104019513	0.7615061093310996	0.7607188919383414	0.9877097093617089	0.8717580254034069	0.7796224329687276	0.9535687317702193	0.9525621104019513	0.7615061093310996	0.7607188919383414	0.9877097093617089	0.8717580254034069	0.8717580254034069	
32.0	0.9049645865383151	0.9818812526672398	0.9817162288632184	0.8965564751145816	0.8964057917609262	0.995474384832549	0.946983111050186	0.9049645865383151	0.9818812526672398	0.9817162288632184	0.8965564751145816	0.8964057917609262	0.995474384832549	0.946983111050186	0.946983111050186	
64.0	0.9269955676054409	0.9858350346541878	0.9857090840410928	0.9175465330224352	0.9174315274274021	0.9965399858981501	0.9593224439610444	0.9269955676054409	0.9858350346541878	0.9857090840410928	0.9175465330224352	0.9174315274274021	0.9965399858981501	0.9593224439610444	0.9593224439610444	
128.0	0.9660176991150443	0.9931925444274239	0.9931346261459779	0.9590243939535259	0.958971508729252	0.9984037246425007	0.9811078512479352	0.9660176991150443	0.9931925444274239	0.9931346261459779	0.9590243939535259	0.958971508729252	0.9984037246425007	0.9811078512479352	0.9811078512479352	
256.0	1.0	1.0	1.0	1.0	1.0	1.0	0.9999999999999998	1.0	1.0	1.0	1.0	1.0	1.0	0.9999999999999998	0.9999999999999998	
