0.03125	0.1922576566709194	0.5972627294664824	0.5950314174778091	0.37902777547458766	0.3778704903464252	0.9010860692995802	0.22755710724364353	0.0277218957053659	0.2520573103110637	0.22769806023964775	0.14246915012343203	0.12935201572361418	0.9569850300959232	0.039386638917344834	0.11040114914126149	
0.0625	0.12746654868914858	0.5480226568411235	0.5477527846865053	0.44313728677905945	0.44291721832895403	0.9194825449648709	0.1442848629624962	0.031012652435812145	0.2909409028227637	0.28109407259558955	0.24991794349274943	0.2416590975673921	0.9549151435491628	0.022580407891817294	0.080157397062359	
0.125	0.09151364050766697	0.5093956604290352	0.5086190403760829	0.41613172679944466	0.41552061191952544	0.9339395546431495	0.10443946160973439	0.04424924412248726	0.3688724955036766	0.3683191885926911	0.2888854992487844	0.2884285088285502	0.951823961683076	0.017538847071487763	0.07443716887918292	
0.25	0.08667184369530723	0.5072426642985521	0.5049215003676271	0.33852036406127806	0.33698755567651284	0.943979490524136	0.11381505175709054	0.06690829643351406	0.4501109756853633	0.4485151155182008	0.29199938370177164	0.2909737136886771	0.9491135751423767	0.05619485071688433	0.09706476279167908	
0.5	0.074678117834081	0.4641815641353702	0.46204593789801934	0.30475667821907687	0.3033644298632733	0.9427080916881122	0.08988991060305118	0.07223042076947882	0.46176334055001805	0.459421607976889	0.29518848352822535	0.29370018592191605	0.9440427092244719	0.07587620321242586	0.08821102032292964	
1.0	0.07844134027766683	0.47274330682020604	0.4699887012403724	0.29968568770449877	0.2979587662122415	0.9452941341606786	0.10262137226357929	0.07803433043401488	0.47376261137865355	0.4709295159586249	0.297253091259203	0.2954912614414248	0.9455908174599896	0.0980705781216796	0.10240680733009225	
2.0	0.14924645173116474	0.5925126964774389	0.5879152878697909	0.35808460599627157	0.3553348588352341	0.9550435641043775	0.24170129776621638	0.14924645173116474	0.5925126964774389	0.5879152878697909	0.35808460599627157	0.3553348588352341	0.9550435641043775	0.24170129776621638	0.24170129776621638	
4.0	0.2357326115398158	0.6508402129148648	0.6469109526812737	0.41862783786265584	0.4162103223398309	0.9605508645813465	0.35091174317693885	0.2357326115398158	0.6508402129148648	0.6469109526812737	0.41862783786265584	0.4162103223398309	0.9605508645813465	0.35091174317693885	0.35091174317693885	
8.0	0.4816333351517648	0.7258490952152312	0.7129398611482707	0.5569433949700326	0.5536732105100535	0.9186629910574217	0.5282407525244034	0.4816333351517648	0.7258490952152312	0.7129398611482707	0.5569433949700326	0.5536732105100535	0.9186629910574217	0.5282407525244034	0.5282407525244034	
16.0	0.07018856222600525	0.19000763144460256	0.17485846492150245	0.05646051237673877	0.05468394172050785	0.7172199681356051	0.036351229209924216	0.07018856222600525	0.19000763144460256	0.17485846492150245	0.05646051237673877	0.05468394172050785	0.7172199681356051	0.036351229209924216	0.036351229209924216	
32.0	0.08496815354838759	0.10493608063686584	0.08687431816273997	0.0007070537496229607	0.0005853545513622297	0.6599603022731338	0.04337472727148874	0.08496815354838759	0.10493608063686584	0.08687431816273997	0.0007070537496229607	0.0005853545513622297	0.6599603022731338	0.04337472727148874	0.04337472727148874	
64.0	0.07478412039945609	0.051013283889991504	0.04223481566901881	0.00034372480310006324	0.00028457594949399316	0.6530393835616438	0.006506661428404534	0.07478412039945609	0.051013283889991504	0.04223481566901881	0.00034372480310006324	0.00028457594949399316	0.6530393835616438	0.006506661428404534	0.006506661428404534	
128.0	0.07656796013427572	0.05376385774914024	0.04451206526102089	0.00036225802398007743	0.00029991993654859215	0.6542808219178082	0.013072384836491998	0.07656796013427572	0.05376385774914024	0.04451206526102089	0.00036225802398007743	0.00029991993654859215	0.6542808219178082	0.013072384836491998	0.013072384836491998	
