0.03125	0.0	0.7871746987591978	0.7649149565541052	0.39937172342724125	0.388172091146645	0.943276871859027	0.0	0.0	0.3435104185711765	0.32923689817147034	0.19091723925756865	0.18293294855610132	0.9589454458826332	-0.04897087497488857	0.0	
0.0625	0.0	0.7690705310597808	0.7431569038551847	0.3553330345940029	0.34340870866716144	0.9531099092160511	0.0	0.0	0.4542077947716998	0.45379614095745024	0.2130185756039961	0.21282080170091194	0.9589454458826332	-0.02982226614143365	0.0	
0.125	0.0	0.7501720418712055	0.7201982267786831	0.32525001189377056	0.3122596690168574	0.9578021022624427	0.0	0.0	0.563943456370847	0.55657322875057	0.243885604024794	0.2407087011768279	0.9589454458826332	-0.0122020927328286	0.0	
0.25	0.0	0.7277637311767975	0.6925025521649886	0.3020106795435427	0.28737761027711084	0.9574623731340821	0.0	0.0	0.6750188420499932	0.6479466880614349	0.27976380091045877	0.26854997349743426	0.9589454458826332	-0.021032497610368645	0.0	
0.5	0.0	0.7224332434434675	0.6858612835370098	0.2960079138347804	0.28102327474869726	0.9587264912539084	0.0	0.0	0.7117621417986616	0.6762479366168641	0.29140409152889835	0.27686462740334994	0.9589454458826332	-0.005228361344490987	0.0	
1.0	0.0913604766633565	0.7343218397352463	0.7034212265705357	0.31267443863197714	0.29995349403621174	0.9577601529785449	0.12382368325072593	0.0913604766633565	0.7343218397352463	0.7034212265705357	0.31267443863197714	0.29995349403621174	0.9577601529785449	0.12382368325072593	0.12382368325072593	
2.0	0.4791565621728478	0.8180062502218716	0.811109494414068	0.4212254470646566	0.4179195329819235	0.9537984794825947	0.6454470488620522	0.4791565621728478	0.8180062502218716	0.811109494414068	0.4212254470646566	0.4179195329819235	0.9537984794825947	0.6454470488620522	0.6454470488620522	
4.0	0.5036202543202292	0.8345803756529285	0.8277644151731922	0.42900886383613673	0.42578103978790277	0.9571673296545977	0.6682726687195666	0.5036202543202292	0.8345803756529285	0.8277644151731922	0.42900886383613673	0.42578103978790277	0.9571673296545977	0.6682726687195666	0.6682726687195666	
8.0	0.5002416817412245	0.8246528572641694	0.8183411228335714	0.4239082225936057	0.4207287646221857	0.9576731863829329	0.6645899384124295	0.5002416817412245	0.8246528572641694	0.8183411228335714	0.4239082225936057	0.4207287646221857	0.9576731863829329	0.6645899384124295	0.6645899384124295	
16.0	0.5001569362534622	0.8253836426743509	0.8191620803032305	0.4236168625664994	0.4204803222951988	0.9580545618279231	0.6649428372727121	0.5001569362534622	0.8253836426743509	0.8191620803032305	0.4236168625664994	0.4204803222951988	0.9580545618279231	0.6649428372727121	0.6649428372727121	
32.0	0.5046788207552085	0.8327802803500696	0.8264299670401909	0.4275606737433093	0.4243654367781272	0.9583398241609375	0.6697241108263331	0.5046788207552085	0.8327802803500696	0.8264299670401909	0.4275606737433093	0.4243654367781272	0.9583398241609375	0.6697241108263331	0.6697241108263331	
64.0	0.49930530147272306	0.8330203771024148	0.8265314615341065	0.4273310530653647	0.42406174947850167	0.9575037131843015	0.6657935818864054	0.49930530147272306	0.8330203771024148	0.8265314615341065	0.4273310530653647	0.42406174947850167	0.9575037131843015	0.6657935818864054	0.6657935818864054	
128.0	0.4780470944023617	0.8204588957080794	0.8129196022463365	0.4022105935814978	0.39872419962098904	0.9529826585070668	0.6467965570537941	0.4780470944023617	0.8204588957080794	0.8129196022463365	0.4022105935814978	0.39872419962098904	0.9529826585070668	0.6467965570537941	0.6467965570537941	
256.0	0.48271110722616195	0.8235861586213871	0.8164450564257508	0.40317973487964975	0.3996838678597323	0.9546635148253969	0.6520456448959132	0.48271110722616195	0.8235861586213871	0.8164450564257508	0.40317973487964975	0.3996838678597323	0.9546635148253969	0.6520456448959132	0.6520456448959132	
