0.03125	0.34712121212121205	0.7585843886251118	0.7578566127706818	0.6292576198672107	0.6287505922847875	0.9364952736308505	0.4554536927397391	0.041331382641374474	0.3131854986517132	0.2858304098537822	0.22120177726360374	0.20307029296414245	0.9586825550351966	0.10021051718490681	0.20236405024369467	
0.0625	0.24624265126099604	0.6749650709412623	0.674653979798363	0.586686128583146	0.5864218955121154	0.9377867493650855	0.33426551968301416	0.07231039454527707	0.3829993983847735	0.3751552297606441	0.3381146201681024	0.33121609174282285	0.9565662807872812	0.09675481679839192	0.18631643754308286	
0.125	0.2448049114849761	0.6165118941612496	0.6153744346811733	0.5651874629693	0.5643662360756402	0.9326859472277963	0.333946385201101	0.14220078980782494	0.4436565492185712	0.44161442544955054	0.4029538248835399	0.4012648485050788	0.9497535858364057	0.16502246504189966	0.2292333092303413	
0.25	0.282102341759266	0.610135840418357	0.6084839769345239	0.46168067256679085	0.4604784015570539	0.936148009516665	0.3856918809985024	0.2448902670424241	0.5572314198655283	0.5564047333106695	0.47642780457587525	0.4757498085032357	0.9429875352914255	0.2895185659796874	0.34318298483456733	
0.5	0.37117356103932164	0.6915153108590257	0.6863524156876697	0.3710421230026206	0.3684819152199841	0.9419837697275529	0.5152876270627479	0.36001030644565335	0.6741191881762351	0.6704843417915154	0.4241827034254402	0.4220042187937175	0.9433235440054389	0.48388262027240075	0.4979777037713828	
1.0	0.46122822554527054	0.7808659181841171	0.7756525336686952	0.43640710255364323	0.43367737572215787	0.9543688455919568	0.6194159348498178	0.46122822554527054	0.7808659181841171	0.7756525336686952	0.43640710255364323	0.43367737572215787	0.9543688455919568	0.6194159348498178	0.6194159348498178	
2.0	0.5304141021965283	0.8442101261556946	0.8389950066372969	0.49287395939896816	0.49003321517784953	0.9615753130704935	0.6884453726278785	0.5304141021965283	0.8442101261556946	0.8389950066372969	0.49287395939896816	0.49003321517784953	0.9615753130704935	0.6884453726278785	0.6884453726278785	
4.0	0.5556175324059791	0.8578683888591824	0.853484174358548	0.5208147603243731	0.518295889337393	0.9655246696221649	0.7089223542251457	0.5556175324059791	0.8578683888591824	0.853484174358548	0.5208147603243731	0.518295889337393	0.9655246696221649	0.7089223542251457	0.7089223542251457	
8.0	0.5219455301087133	0.8544160668911387	0.8488029602651114	0.4792357544025583	0.4761815528238211	0.9607117138879987	0.685112920804883	0.5219455301087133	0.8544160668911387	0.8488029602651114	0.4792357544025583	0.4761815528238211	0.9607117138879987	0.685112920804883	0.685112920804883	
16.0	0.4828850542482147	0.8342484970525733	0.8268016307288034	0.40839939373001066	0.4047538424313736	0.9542096018529248	0.6536434416432433	0.4828850542482147	0.8342484970525733	0.8268016307288034	0.40839939373001066	0.4047538424313736	0.9542096018529248	0.6536434416432433	0.6536434416432433	
32.0	0.5020956153899814	0.8401385554862617	0.8335234452657776	0.43131714358258755	0.4279855020191392	0.9576008792476955	0.6688793661339859	0.5020956153899814	0.8401385554862617	0.8335234452657776	0.43131714358258755	0.4279855020191392	0.9576008792476955	0.6688793661339859	0.6688793661339859	
64.0	0.5113190003493457	0.8552254083684646	0.8493895366652847	0.479560698129172	0.47636815650720676	0.9590797491118581	0.6773237671243286	0.5113190003493457	0.8552254083684646	0.8493895366652847	0.479560698129172	0.47636815650720676	0.9590797491118581	0.6773237671243286	0.6773237671243286	
128.0	0.5103418657823859	0.8579533364722295	0.8519953210459429	0.4809717700254127	0.47771638575187464	0.9587246635490224	0.6771836294294932	0.5103418657823859	0.8579533364722295	0.8519953210459429	0.4809717700254127	0.47771638575187464	0.9587246635490224	0.6771836294294932	0.6771836294294932	
256.0	0.533540847525212	0.863480505277931	0.8580859554434305	0.5040970303583462	0.5011350240471024	0.9617258480841011	0.6942804128681834	0.533540847525212	0.863480505277931	0.8580859554434305	0.5040970303583462	0.5011350240471024	0.9617258480841011	0.6942804128681834	0.6942804128681834	
