0.03125	0.0	0.7871746987591978	0.7649149565541052	0.39937172342724125	0.388172091146645	0.943276871859027	0.0	0.0	0.3435104185711765	0.32923689817147034	0.19091723925756865	0.18293294855610132	0.9589454458826332	-0.04897087497488857	0.0	
0.0625	0.0	0.7690705310597808	0.7431569038551847	0.3553330345940029	0.34340870866716144	0.9531099092160511	0.0	0.0	0.4542077947716998	0.45379614095745024	0.2130185756039961	0.21282080170091194	0.9589454458826332	-0.02982226614143365	0.0	
0.125	0.0	0.7501720418712055	0.7201982267786831	0.32525001189377056	0.3122596690168574	0.9578021022624427	0.0	0.0	0.563943456370847	0.55657322875057	0.243885604024794	0.2407087011768279	0.9589454458826332	-0.0122020927328286	0.0	
0.25	0.0	0.7277637311767975	0.6925025521649886	0.3020106795435427	0.28737761027711084	0.9574623731340821	0.0	0.0	0.6750188420499932	0.6479466880614349	0.27976380091045877	0.26854997349743426	0.9589454458826332	-0.021032497610368645	0.0	
0.5	0.0	0.7224332434434675	0.6858612835370098	0.2960079138347804	0.28102327474869726	0.9587264912539084	0.0	0.0	0.7117621417986616	0.6762479366168641	0.29140409152889835	0.27686462740334994	0.9589454458826332	-0.005228361344490987	0.0	
1.0	0.07740805604203152	0.723360038775638	0.691817507460416	0.2894328161966658	0.276629974148902	0.9550099052051522	0.10972763210273515	0.07740805604203152	0.723360038775638	0.691817507460416	0.2894328161966658	0.276629974148902	0.9550099052051522	0.10972763210273515	0.10972763210273515	
2.0	0.4736246790424259	0.8158409371725769	0.8081515205553217	0.40044496410448466	0.3970219948010002	0.9524939153241752	0.6416481758671037	0.4736246790424259	0.8158409371725769	0.8081515205553217	0.40044496410448466	0.3970219948010002	0.9524939153241752	0.6416481758671037	0.6416481758671037	
4.0	0.5214815840292493	0.835207630978551	0.8289577392463858	0.4495288564698502	0.44658463823217237	0.9594916843047413	0.6804704165432514	0.5214815840292493	0.835207630978551	0.8289577392463858	0.4495288564698502	0.44658463823217237	0.9594916843047413	0.6804704165432514	0.6804704165432514	
8.0	0.4988187098211306	0.8269328101227137	0.8205388188097975	0.424806992618345	0.42158851526775526	0.9574563259568658	0.6639091118895968	0.4988187098211306	0.8269328101227137	0.8205388188097975	0.424806992618345	0.42158851526775526	0.9574563259568658	0.6639091118895968	0.6639091118895968	
16.0	0.5161002163685662	0.8311937101780817	0.8256023315568756	0.4463411659088452	0.4434266327875462	0.9605958214555793	0.6776284369263482	0.5161002163685662	0.8311937101780817	0.8256023315568756	0.4463411659088452	0.4434266327875462	0.9605958214555793	0.6776284369263482	0.6776284369263482	
32.0	0.4894861946648139	0.8241983278874455	0.817301939666965	0.4034794172380859	0.40010334790368274	0.9560395432133127	0.6573090829909402	0.4894861946648139	0.8241983278874455	0.817301939666965	0.4034794172380859	0.40010334790368274	0.9560395432133127	0.6573090829909402	0.6573090829909402	
64.0	0.5047186226866807	0.8359878188283894	0.8295520282723701	0.42913089745307875	0.42589381581496666	0.9582030446088987	0.6702672084881389	0.5047186226866807	0.8359878188283894	0.8295520282723701	0.42913089745307875	0.42589381581496666	0.9582030446088987	0.6702672084881389	0.6702672084881389	
128.0	0.49515576838042746	0.8260116455292066	0.8196039073684768	0.4241389653425317	0.4209024600312268	0.9570624308555302	0.6614108713642957	0.49515576838042746	0.8260116455292066	0.8196039073684768	0.4241389653425317	0.4209024600312268	0.9570624308555302	0.6614108713642957	0.6614108713642957	
256.0	0.4955652382592586	0.8310654781952692	0.824554182176015	0.4269776273724692	0.4236833686387653	0.9569219390085346	0.6625879905779879	0.4955652382592586	0.8310654781952692	0.824554182176015	0.4269776273724692	0.4236833686387653	0.9569219390085346	0.6625879905779879	0.6625879905779879	
