0.03125	0.34712121212121205	0.7585843886251118	0.7578566127706818	0.6292576198672107	0.6287505922847875	0.9364952736308505	0.4554536927397391	0.041331382641374474	0.3131854986517132	0.2858304098537822	0.22120177726360374	0.20307029296414245	0.9586825550351966	0.10021051718490681	0.20236405024369467	
0.0625	0.2567456219214531	0.6827611647718091	0.6820835467575856	0.5910098488017035	0.5905241488879456	0.936207429239202	0.34745773116897877	0.07602266694346917	0.3866252969029344	0.37841777122167175	0.32869781808965914	0.32193183828804417	0.9564810637164755	0.10391592375482535	0.1931223829928938	
0.125	0.2346182012866528	0.6192526875771018	0.6183523363990773	0.5645845073859993	0.5637769012572504	0.930311969413394	0.32069284639386025	0.13801819330248147	0.443569671825584	0.441480818347725	0.4149934487545422	0.4130586234997346	0.9482464408498533	0.16229187114960367	0.21856686959087973	
0.25	0.26892982073428906	0.6002606620224652	0.5974681358659808	0.41676909618856106	0.4149112095561291	0.9272016087196248	0.3696105328478365	0.2365994820203626	0.5480909313856265	0.54661522366287	0.4371080341939383	0.43598619646763526	0.9368143136996737	0.28530573294720957	0.328880226307639	
0.5	0.2915636527217187	0.6176959318042176	0.6100894923847985	0.2580269823457204	0.25495732208673283	0.9220434618216933	0.41834310322352797	0.28399406142838063	0.6030110823406135	0.5974030230846606	0.3102867895890419	0.30743988562366004	0.9247034918878404	0.3951796505293473	0.40383766819398376	
1.0	0.4183901806325121	0.7642426268961116	0.7559751341137859	0.3600881146882235	0.35683433110948043	0.9430238885342165	0.5788626553717331	0.4183901806325121	0.7642426268961116	0.7559751341137859	0.3600881146882235	0.35683433110948043	0.9430238885342165	0.5788626553717331	0.5788626553717331	
2.0	0.6010436639987485	0.8670187275068392	0.8640956923987714	0.5847512272553952	0.582988294508366	0.9714576568071246	0.7397829978168643	0.6010436639987485	0.8670187275068392	0.8640956923987714	0.5847512272553952	0.582988294508366	0.9714576568071246	0.7397829978168643	0.7397829978168643	
4.0	0.671540245626049	0.8985355162897226	0.8966585310222159	0.6631210761837938	0.6618426794582111	0.9786562400182515	0.7936398815881106	0.671540245626049	0.8985355162897226	0.8966585310222159	0.6631210761837938	0.6618426794582111	0.9786562400182515	0.7936398815881106	0.7936398815881106	
8.0	0.6119454303090783	0.8823532713631808	0.8794946346992191	0.6135368931494718	0.6116875389918678	0.9721021781038661	0.750063295064092	0.6119454303090783	0.8823532713631808	0.8794946346992191	0.6135368931494718	0.6116875389918678	0.9721021781038661	0.750063295064092	0.750063295064092	
16.0	0.6842205794289329	0.9102482736281805	0.9086976112686127	0.6905266607388694	0.6893810363561546	0.980321539020936	0.8043642703240017	0.6842205794289329	0.9102482736281805	0.9086976112686127	0.6905266607388694	0.6893810363561546	0.980321539020936	0.8043642703240017	0.8043642703240017	
32.0	0.6193619547073748	0.8888265654868512	0.8860403971103219	0.6172010118320141	0.6153877438417001	0.9731954568114585	0.7578511074132456	0.6193619547073748	0.8888265654868512	0.8860403971103219	0.6172010118320141	0.6153877438417001	0.9731954568114585	0.7578511074132456	0.7578511074132456	
64.0	0.6228247758276326	0.8765887535291892	0.8740727831719747	0.609952967807984	0.6083082561549287	0.9740007264866595	0.7583125761141745	0.6228247758276326	0.8765887535291892	0.8740727831719747	0.609952967807984	0.6083082561549287	0.9740007264866595	0.7583125761141745	0.7583125761141745	
128.0	0.6891684043305898	0.9029742614823805	0.9015577989221825	0.6846552872222016	0.6836100814375924	0.9810228322746658	0.8074255992348711	0.6891684043305898	0.9029742614823805	0.9015577989221825	0.6846552872222016	0.6836100814375924	0.9810228322746658	0.8074255992348711	0.8074255992348711	
256.0	0.6628456970267226	0.9041254034146062	0.9019710825703354	0.6664924992858975	0.6650693743653235	0.9775175031051472	0.7884474936137038	0.6628456970267226	0.9041254034146062	0.9019710825703354	0.6664924992858975	0.6650693743653235	0.9775175031051472	0.7884474936137038	0.7884474936137038	
