0.03125	0.3298295454545454	0.7465691160020642	0.745879619128164	0.6219699886365266	0.6214861784294171	0.9334004960679877	0.4327950760049351	0.039804004730232725	0.309936444794629	0.2829581421860335	0.21961123004641686	0.20166419828338095	0.9585550141822672	0.09272988896399828	0.19318435520473173	
0.0625	0.23162070451299127	0.6722766755005184	0.6720134879747514	0.5902063585911279	0.5899783238052634	0.93884427205751	0.3154328609336351	0.0669619280081111	0.3829406639244549	0.37560352690389165	0.3414211060703901	0.3347596495091524	0.9567069088395366	0.08630398966105786	0.17678732398461855	
0.125	0.21962459670330312	0.6485221105487581	0.6478602572350844	0.5292793004151911	0.5287576297601752	0.9486891052178905	0.3117263670042566	0.11396869635447246	0.4718371405843761	0.4715506943258424	0.3661582481051037	0.3659307635116451	0.9552614094582484	0.1251383790768381	0.2152930639083693	
0.25	0.2339289060221616	0.6414861854171612	0.6399967982871072	0.4733285254237666	0.4722538590349542	0.954029874475889	0.34082290919846514	0.19296072254249655	0.5906828142642326	0.589308107849608	0.41908107428327757	0.41813735513323297	0.9564520229567982	0.20922294739898234	0.30500789462480293	
0.5	0.3471188099637028	0.7071842943811409	0.7064570452373834	0.5475433930380281	0.5469881728260968	0.9622574679884727	0.4789313688937507	0.3330642301027311	0.6938718777386217	0.6928955710084719	0.5192405325310737	0.5185206125461551	0.9623460883998506	0.4279246396444482	0.4652745237285993	
1.0	0.7387661179175651	0.891924705472835	0.8918819195544057	0.8646387790576828	0.8645990921383685	0.9862239676625334	0.8325173308112943	0.7387661179175651	0.891924705472835	0.8918819195544057	0.8646387790576828	0.8645990921383685	0.9862239676625334	0.8325173308112943	0.8325173308112943	
2.0	0.857884869463471	0.9493346699086975	0.9492779833717113	0.9334834974868528	0.9334314163820128	0.9930530120515378	0.9159406239164435	0.857884869463471	0.9493346699086975	0.9492779833717113	0.9334834974868528	0.9334314163820128	0.9930530120515378	0.9159406239164435	0.9159406239164435	
4.0	0.8909952022206792	0.9636315828193942	0.9635933404907723	0.9473621065019244	0.9473268557923118	0.9948694007305724	0.9372044162644813	0.8909952022206792	0.9636315828193942	0.9635933404907723	0.9473621065019244	0.9473268557923118	0.9948694007305724	0.9372044162644813	0.9372044162644813	
8.0	0.9157509157509157	0.9720329942244069	0.9720299932793397	0.9720329942244069	0.9720299932793397	0.9961870026525199	0.9522844983106629	0.9157509157509157	0.9720329942244069	0.9720299932793397	0.9720329942244069	0.9720299932793397	0.9961870026525199	0.9522844983106629	0.9522844983106629	
16.0	0.9157509157509157	0.9720329942244069	0.9720299932793397	0.9720329942244069	0.9720299932793397	0.9961870026525199	0.9522844983106629	0.9157509157509157	0.9720329942244069	0.9720299932793397	0.9720329942244069	0.9720299932793397	0.9961870026525199	0.9522844983106629	0.9522844983106629	
32.0	0.9157509157509157	0.9720329942244069	0.9720299932793397	0.9720329942244069	0.9720299932793397	0.9961870026525199	0.9522844983106629	0.9157509157509157	0.9720329942244069	0.9720299932793397	0.9720329942244069	0.9720299932793397	0.9961870026525199	0.9522844983106629	0.9522844983106629	
64.0	0.9157509157509157	0.9720329942244069	0.9720299932793397	0.9720329942244069	0.9720299932793397	0.9961870026525199	0.9522844983106629	0.9157509157509157	0.9720329942244069	0.9720299932793397	0.9720329942244069	0.9720299932793397	0.9961870026525199	0.9522844983106629	0.9522844983106629	
128.0	0.9157509157509157	0.9720329942244069	0.9720299932793397	0.9720329942244069	0.9720299932793397	0.9961870026525199	0.9522844983106629	0.9157509157509157	0.9720329942244069	0.9720299932793397	0.9720329942244069	0.9720299932793397	0.9961870026525199	0.9522844983106629	0.9522844983106629	
256.0	