0.03125	0.34712121212121205	0.7585843886251118	0.7578566127706818	0.6292576198672107	0.6287505922847875	0.9364952736308505	0.4554536927397391	0.041331382641374474	0.3131854986517132	0.2858304098537822	0.22120177726360374	0.20307029296414245	0.9586825550351966	0.10021051718490681	0.20236405024369467	
0.0625	0.2506192037332388	0.6787277836981309	0.6783807242323794	0.5896486905015454	0.5893556788730505	0.9380485509632497	0.34081015314106083	0.07359871435277847	0.38446886153980914	0.3765133594717841	0.33929654803987463	0.33230718415072086	0.9565940975630702	0.10002702076812733	0.1896291618873162	
0.125	0.23299439049326795	0.614107797666375	0.6137821696170536	0.5537021626451211	0.55341857857762	0.9369291309574675	0.31672731646970476	0.13222562622175435	0.4434947725560269	0.44203895164024304	0.4122512972707327	0.41089601422746086	0.9509824233899492	0.15084946037355632	0.2173986663967602	
0.25	0.27317176825925615	0.6049160565901417	0.6034742940474899	0.46495470090988256	0.4639011232519179	0.9366596683203052	0.37370446093758136	0.23669172930164092	0.5526672550386159	0.5519320032513064	0.4791907886643809	0.4785936534409191	0.9433136778081131	0.2787419347736052	0.3324953414450096	
0.5	0.3220438346726212	0.6491494959098133	0.643924235998023	0.33337529915254366	0.3308492891873561	0.9340524160849831	0.45296339180890505	0.31296039594716696	0.6338225693930317	0.630085819974872	0.385778142401591	0.3835920422800302	0.9358872816500827	0.4257147097239578	0.43791800850528073	
1.0	0.4198934658400912	0.7607676042545213	0.7537035593634429	0.37265019675695193	0.3693671211849929	0.9462866129365526	0.5809163509829394	0.4198934658400912	0.7607676042545213	0.7537035593634429	0.37265019675695193	0.3693671211849929	0.9462866129365526	0.5809163509829394	0.5809163509829394	
2.0	0.4334549604582311	0.8013262259323127	0.7908427411171279	0.35735096539464684	0.3533522069520836	0.9416709513711933	0.6067616616366267	0.4334549604582311	0.8013262259323127	0.7908427411171279	0.35735096539464684	0.3533522069520836	0.9416709513711933	0.6067616616366267	0.6067616616366267	
4.0	0.4258615661579568	0.7883921247447792	0.7773197495968425	0.29003325427507537	0.2859599550932119	0.9428209675343284	0.6015401189603948	0.4258615661579568	0.7883921247447792	0.7773197495968425	0.29003325427507537	0.2859599550932119	0.9428209675343284	0.6015401189603948	0.6015401189603948	
8.0	0.33121476337983985	0.702294730579485	0.6848667784592991	0.1731837483530895	0.168886068272532	0.9159962485080486	0.5019061187639811	0.33121476337983985	0.702294730579485	0.6848667784592991	0.1731837483530895	0.168886068272532	0.9159962485080486	0.5019061187639811	0.5019061187639811	
16.0	0.25779158396459745	0.6293707211018005	0.5995929450376126	0.08928266109510201	0.08569834108788824	0.8736859814470537	0.4162796586741505	0.25779158396459745	0.6293707211018005	0.5995929450376126	0.08928266109510201	0.08569834108788824	0.8736859814470537	0.4162796586741505	0.4162796586741505	
32.0	0.19922108373456232	0.5424107480949188	0.49936540405694074	0.027005040998865953	0.024861939512328908	0.8227419897861263	0.33442895414625123	0.19922108373456232	0.5424107480949188	0.49936540405694074	0.027005040998865953	0.024861939512328908	0.8227419897861263	0.33442895414625123	0.33442895414625123	
64.0	0.19185009343386072	0.5125533888145071	0.47220098525001075	0.025518530611088212	0.023509502736014997	0.821485336482513	0.316878461085735	0.19185009343386072	0.5125533888145071	0.47220098525001075	0.025518530611088212	0.023509502736014997	0.821485336482513	0.316878461085735	0.316878461085735	
128.0	0.16710781862844118	0.4713098526172083	0.4173554814608626	0.016047364317006842	0.014639856617062592	0.766998603402127	0.2774438284786911	0.16710781862844118	0.4713098526172083	0.4173554814608626	0.016047364317006842	0.014639856617062592	0.766998603402127	0.2774438284786911	0.2774438284786911	
256.0	0.14239957114520102	0.42904435625060355	0.3548232745189289	0.00289087813267331	0.002390780417750496	0.6954348039005953	0.24220745532080076	0.14239957114520102	0.42904435625060355	0.3548232745189289	0.00289087813267331	0.002390780417750496	0.6954348039005953	0.24220745532080076	0.24220745532080076	
