0.03125	0.34712121212121205	0.7585843886251118	0.7578566127706818	0.6292576198672107	0.6287505922847875	0.9364952736308505	0.4554536927397391	0.041331382641374474	0.3131854986517132	0.2858304098537822	0.22120177726360374	0.20307029296414245	0.9586825550351966	0.10021051718490681	0.20236405024369467	
0.0625	0.2567456219214531	0.6827611647718091	0.6820835467575856	0.5910098488017035	0.5905241488879456	0.936207429239202	0.34745773116897877	0.07602266694346917	0.3866252969029344	0.37841777122167175	0.32869781808965914	0.32193183828804417	0.9564810637164755	0.10391592375482535	0.1931223829928938	
0.125	0.23610773828982884	0.6265015985244844	0.6261803047455284	0.5861383128069828	0.5858592538047707	0.9359533477968153	0.32221444337776955	0.13462886619808834	0.451170973788613	0.4496945419676129	0.4056738597485171	0.404341574725043	0.9505135460977833	0.15543714714870474	0.22042959791111078	
0.25	0.2711941436847808	0.6012494356474276	0.6005110505085918	0.504093443000706	0.5035141188348032	0.9389189123107127	0.36738442494702567	0.23310003656844874	0.5505109773811011	0.5501187229825772	0.4947989718053796	0.4944572442084005	0.9452453038124435	0.26790063512042367	0.3273280110839204	
0.5	0.3199692044499611	0.6551270211757914	0.6500097567633244	0.3496863069912085	0.34715761550618324	0.9342323983953549	0.4505947294387066	0.31084427571575296	0.6395513493840399	0.6359170104557386	0.4003462243443009	0.39818105402101667	0.9360688367461659	0.42342126324335966	0.43544609901262427	
1.0	0.3959837827435814	0.7393773510658905	0.731602899775779	0.34607031056596965	0.3426834479296462	0.9410891137888528	0.5551877879176415	0.3959837827435814	0.7393773510658905	0.731602899775779	0.34607031056596965	0.3426834479296462	0.9410891137888528	0.5551877879176415	0.5551877879176415	
2.0	0.4633975152210266	0.8132982192765652	0.805303428086386	0.3783567976864954	0.37472686668904465	0.951118718775486	0.6338263386905257	0.4633975152210266	0.8132982192765652	0.805303428086386	0.3783567976864954	0.37472686668904465	0.951118718775486	0.6338263386905257	0.6338263386905257	
4.0	0.5144459927923055	0.841536350516799	0.8347778120328219	0.4528802541807595	0.44971686217078394	0.9575174708824509	0.6758699124400791	0.5144459927923055	0.841536350516799	0.8347778120328219	0.4528802541807595	0.44971686217078394	0.9575174708824509	0.6758699124400791	0.6758699124400791	
8.0	0.48854782353962173	0.8359315943044215	0.8282230130424448	0.41014842364865345	0.40657959723981224	0.9543310473506524	0.6576858282209644	0.48854782353962173	0.8359315943044215	0.8282230130424448	0.41014842364865345	0.40657959723981224	0.9543310473506524	0.6576858282209644	0.6576858282209644	
16.0	0.4802752309234246	0.8337629125505346	0.8262385683992385	0.40816167988702745	0.4044781999641243	0.9537243364592584	0.6515695945023687	0.4802752309234246	0.8337629125505346	0.8262385683992385	0.40816167988702745	0.4044781999641243	0.9537243364592584	0.6515695945023687	0.6515695945023687	
32.0	0.485598833267671	0.8284826875409792	0.8209094582590278	0.4060761676312824	0.4025729291843	0.9541797806814328	0.654284384858989	0.485598833267671	0.8284826875409792	0.8209094582590278	0.4060761676312824	0.4025729291843	0.9541797806814328	0.654284384858989	0.654284384858989	
64.0	0.45146679890592456	0.8217507653621435	0.8119622331865995	0.36323149540123395	0.35909358517816076	0.9464558722933718	0.6269367833966456	0.45146679890592456	0.8217507653621435	0.8119622331865995	0.36323149540123395	0.35909358517816076	0.9464558722933718	0.6269367833966456	0.6269367833966456	
128.0	0.48031503285489663	0.8369704510288545	0.8293606296314178	0.4097319035967969	0.4060065790009637	0.9535875569072196	0.6521126921641744	0.48031503285489663	0.8369704510288545	0.8293606296314178	0.4097319035967969	0.4060065790009637	0.9535875569072196	0.6521126921641744	0.6521126921641744	
256.0	0.47892912003511084	0.8412617634591264	0.8334841265324855	0.4118326798055897	0.4080252025170904	0.9531407758588036	0.6516387099262955	0.47892912003511084	0.8412617634591264	0.8334841265324855	0.4118326798055897	0.4080252025170904	0.9531407758588036	0.6516387099262955	0.6516387099262955	
