0.03125	0.3298295454545454	0.7465691160020642	0.745879619128164	0.6219699886365266	0.6214861784294171	0.9334004960679877	0.4327950760049351	0.039804004730232725	0.309936444794629	0.2829581421860335	0.21961123004641686	0.20166419828338095	0.9585550141822672	0.09272988896399828	0.19318435520473173	
0.0625	0.25207087211989176	0.6796168964546117	0.6792694377413853	0.5904110192635275	0.5901176653186828	0.9382272021468138	0.3428885223433296	0.07397069502910696	0.38490848891616275	0.3769464101242629	0.33967765129656075	0.332682586190827	0.9566261129304466	0.10073411651039414	0.1907593582227887	
0.125	0.24206601526839644	0.6214778261403626	0.6208880711009334	0.56111274123676	0.5606377519834915	0.9370051918326554	0.33059058197160524	0.1371904211127578	0.4483477508585332	0.4467755016141604	0.403394336908433	0.40202378892293966	0.9511172424002794	0.15775207165471497	0.2270594944759848	
0.25	0.265187485009394	0.5947906514286473	0.5940107738554471	0.49666620729792343	0.49607694019652815	0.9389269263632889	0.3619524607057293	0.22822301234975334	0.5454003666403254	0.5450416324155725	0.505602634834529	0.505308499474691	0.9450139013784892	0.26326227240021755	0.32251427605068966	
0.5	0.31330287259130124	0.6384432819802182	0.634030506054686	0.354907134934934	0.3527426793685423	0.9356210190931279	0.4399766524367489	0.304698743861798	0.6239950179352899	0.6209836654814761	0.40495547823415806	0.403139606113621	0.9375639705613708	0.4136752755735672	0.4255632346768673	
1.0	0.45150738368554244	0.769768598478991	0.7651532699252221	0.45303979480911477	0.45065283163057657	0.9531071046166641	0.6025081200964127	0.45150738368554244	0.769768598478991	0.7651532699252221	0.45303979480911477	0.45065283163057657	0.9531071046166641	0.6025081200964127	0.6025081200964127	
2.0	0.4589878335341281	0.8090923770406375	0.8015742703564104	0.3971414916753498	0.3936095738208072	0.9509134433700652	0.6263576231828042	0.4589878335341281	0.8090923770406375	0.8015742703564104	0.3971414916753498	0.3936095738208072	0.9509134433700652	0.6263576231828042	0.6263576231828042	
4.0	0.5496740944003887	0.8550915426558298	0.8501547320025846	0.4995391467760797	0.4968586529195562	0.96419796433857	0.7043895861671349	0.5496740944003887	0.8550915426558298	0.8501547320025846	0.4995391467760797	0.4968586529195562	0.96419796433857	0.7043895861671349	0.7043895861671349	
8.0	0.5287373007536006	0.8520545340672685	0.8467329640371286	0.47845172615610493	0.47555022958256554	0.961937778922079	0.6896579004380607	0.5287373007536006	0.8520545340672685	0.8467329640371286	0.47845172615610493	0.47555022958256554	0.961937778922079	0.6896579004380607	0.6896579004380607	
16.0	0.48784992376966585	0.8314594964409885	0.8243132096078327	0.4070340617421101	0.40353565662613694	0.9554220910531122	0.6570470062512963	0.48784992376966585	0.8314594964409885	0.8243132096078327	0.4070340617421101	0.40353565662613694	0.9554220910531122	0.6570470062512963	0.6570470062512963	
32.0	0.4938220974348252	0.8416882989913429	0.8348404376765401	0.4323388975249579	0.4288747043646838	0.9561505434970344	0.6628469165385443	0.4938220974348252	0.8416882989913429	0.8348404376765401	0.4323388975249579	0.4288747043646838	0.9561505434970344	0.6628469165385443	0.6628469165385443	
64.0	0.5226923144124529	0.8568465911613007	0.8516564859351121	0.5000410359753342	0.4970701755118602	0.9611060484159758	0.6859759775381153	0.5226923144124529	0.8568465911613007	0.8516564859351121	0.5000410359753342	0.4970701755118602	0.9611060484159758	0.6859759775381153	0.6859759775381153	
128.0	0.5113256116487968	0.855930973039262	0.850043219807592	0.47974514459823625	0.4765323764999517	0.9589812549530681	0.6775400966363331	0.5113256116487968	0.855930973039262	0.850043219807592	0.47974514459823625	0.4765323764999517	0.9589812549530681	0.6775400966363331	0.6775400966363331	
256.0	0.5106025398689302	0.8573068017974235	0.8513748419033209	0.48057962692257544	0.47734004612816217	0.9588175467020539	0.67717834566516	0.5106025398689302	0.8573068017974235	0.8513748419033209	0.48057962692257544	0.47734004612816217	0.9588175467020539	0.67717834566516	0.67717834566516	
