0.03125	0.0	0.7871746987591978	0.7649149565541052	0.39937172342724125	0.388172091146645	0.943276871859027	0.0	0.0	0.3435104185711765	0.32923689817147034	0.19091723925756865	0.18293294855610132	0.9589454458826332	-0.04897087497488857	0.0	
0.0625	0.0	0.7690705310597808	0.7431569038551847	0.3553330345940029	0.34340870866716144	0.9531099092160511	0.0	0.0	0.4542077947716998	0.45379614095745024	0.2130185756039961	0.21282080170091194	0.9589454458826332	-0.02982226614143365	0.0	
0.125	0.0	0.7501720418712055	0.7201982267786831	0.32525001189377056	0.3122596690168574	0.9578021022624427	0.0	0.0	0.563943456370847	0.55657322875057	0.243885604024794	0.2407087011768279	0.9589454458826332	-0.0122020927328286	0.0	
0.25	0.0	0.7277637311767975	0.6925025521649886	0.3020106795435427	0.28737761027711084	0.9574623731340821	0.0	0.0	0.6750188420499932	0.6479466880614349	0.27976380091045877	0.26854997349743426	0.9589454458826332	-0.021032497610368645	0.0	
0.5	0.0	0.7224332434434675	0.6858612835370098	0.2960079138347804	0.28102327474869726	0.9587264912539084	0.0	0.0	0.7117621417986616	0.6762479366168641	0.29140409152889835	0.27686462740334994	0.9589454458826332	-0.005228361344490987	0.0	
1.0	0.08125594671741199	0.7244099659564271	0.6935535202897867	0.3078221634929749	0.2951228407275132	0.9564273333223376	0.1123953864627056	0.08125594671741199	0.7244099659564271	0.6935535202897867	0.3078221634929749	0.2951228407275132	0.9564273333223376	0.1123953864627056	0.1123953864627056	
2.0	0.48707153590278934	0.820250067402027	0.8135974644313574	0.4223238890507722	0.4191374979531153	0.9553340896429703	0.6519421405583258	0.48707153590278934	0.820250067402027	0.8135974644313574	0.4223238890507722	0.4191374979531153	0.9553340896429703	0.6519421405583258	0.6519421405583258	
4.0	0.5192650462042241	0.8383489219155837	0.8319196319556414	0.45131086071174914	0.4482775522770314	0.9588251400696747	0.6792743726245173	0.5192650462042241	0.8383489219155837	0.8319196319556414	0.45131086071174914	0.4482775522770314	0.9588251400696747	0.6792743726245173	0.6792743726245173	
8.0	0.4690705165930359	0.808830619290599	0.8010253092660932	0.37725545760591245	0.3737075190743883	0.9520080776650989	0.6382061464419999	0.4690705165930359	0.808830619290599	0.8010253092660932	0.37725545760591245	0.3737075190743883	0.9520080776650989	0.6382061464419999	0.6382061464419999	
16.0	0.5001569362534622	0.8253836426743509	0.8191620803032305	0.4236168625664994	0.4204803222951988	0.9580545618279231	0.6649428372727121	0.5001569362534622	0.8253836426743509	0.8191620803032305	0.4236168625664994	0.4204803222951988	0.9580545618279231	0.6649428372727121	0.6649428372727121	
32.0	0.4894861946648139	0.8241983278874455	0.817301939666965	0.4034794172380859	0.40010334790368274	0.9560395432133127	0.6573090829909402	0.4894861946648139	0.8241983278874455	0.817301939666965	0.4034794172380859	0.40010334790368274	0.9560395432133127	0.6573090829909402	0.6573090829909402	
64.0	0.501213799732231	0.8333514220515605	0.8268851885983028	0.42784027139969927	0.4245882866951515	0.9576723208301313	0.6670272324561239	0.501213799732231	0.8333514220515605	0.8268851885983028	0.42784027139969927	0.4245882866951515	0.9576723208301313	0.6670272324561239	0.6670272324561239	
128.0	0.49515576838042746	0.8260116455292066	0.8196039073684768	0.4241389653425317	0.4209024600312268	0.9570624308555302	0.6614108713642957	0.49515576838042746	0.8260116455292066	0.8196039073684768	0.4241389653425317	0.4209024600312268	0.9570624308555302	0.6614108713642957	0.6614108713642957	
256.0	0.48271110722616195	0.8235861586213871	0.8164450564257508	0.40317973487964975	0.3996838678597323	0.9546635148253969	0.6520456448959132	0.48271110722616195	0.8235861586213871	0.8164450564257508	0.40317973487964975	0.3996838678597323	0.9546635148253969	0.6520456448959132	0.6520456448959132	
