0.03125	0.34712121212121205	0.7585843886251118	0.7578566127706818	0.6292576198672107	0.6287505922847875	0.9364952736308505	0.4554536927397391	0.041331382641374474	0.3131854986517132	0.2858304098537822	0.22120177726360374	0.20307029296414245	0.9586825550351966	0.10021051718490681	0.20236405024369467	
0.0625	0.24624265126099604	0.6749650709412623	0.674653979798363	0.586686128583146	0.5864218955121154	0.9377867493650855	0.33426551968301416	0.07231039454527707	0.3829993983847735	0.3751552297606441	0.3381146201681024	0.33121609174282285	0.9565662807872812	0.09675481679839192	0.18631643754308286	
0.125	0.24017234606225019	0.6211584153662347	0.6204184789051956	0.5778609172984127	0.5772075423221785	0.9342043258679562	0.3290296215676497	0.13899316685444854	0.44601152830806534	0.4442003027752583	0.41082125398875063	0.40915730946457957	0.949818823367346	0.1616831426416423	0.22539483380154293	
0.25	0.2755885004829658	0.6074718108615409	0.6054370669246238	0.4457244122997591	0.444284121056892	0.9343311139771195	0.3795981116378123	0.2395359518299979	0.5542394926391292	0.5532058626982714	0.4621802949011301	0.4613452973354297	0.9414498557125561	0.28502826700969164	0.3374699304925129	
0.5	0.34707391539448595	0.676145606934007	0.670609395647875	0.3461479642928823	0.3434636579604461	0.9380400417874387	0.4873818917490775	0.3374473609216292	0.6596853792847919	0.6557672755476045	0.3997809778572539	0.39746619574032954	0.9397201185331034	0.45908085965015744	0.47129798016504154	
1.0	0.4598696756045914	0.782891414383824	0.7774428182012831	0.441247654214854	0.4385193954654042	0.9530651385222191	0.6166237020684544	0.4598696756045914	0.782891414383824	0.7774428182012831	0.441247654214854	0.4385193954654042	0.9530651385222191	0.6166237020684544	0.6166237020684544	
2.0	0.555265437277613	0.851450602170225	0.84730364856319	0.5369935979212995	0.5345668413561326	0.965155660058316	0.7064492685798334	0.555265437277613	0.851450602170225	0.84730364856319	0.5369935979212995	0.5345668413561326	0.965155660058316	0.7064492685798334	0.7064492685798334	
4.0	0.5538687518398534	0.8571485273995008	0.8527226411262478	0.5197533539574778	0.517213729638193	0.9652738029961305	0.7079107885050109	0.5538687518398534	0.8571485273995008	0.8527226411262478	0.5197533539574778	0.517213729638193	0.9652738029961305	0.7079107885050109	0.7079107885050109	
8.0	0.5219176808893392	0.8498857347334774	0.8443755481215884	0.4762883970742628	0.47330026648594004	0.9609403342572216	0.684207393981754	0.5219176808893392	0.8498857347334774	0.8443755481215884	0.4762883970742628	0.47330026648594004	0.9609403342572216	0.684207393981754	0.684207393981754	
16.0	0.4870080547556446	0.8383779012316301	0.8309855433230018	0.41042090910480755	0.4068020419461787	0.9549091530443696	0.6575924018180815	0.4870080547556446	0.8383779012316301	0.8309855433230018	0.41042090910480755	0.4068020419461787	0.9549091530443696	0.6575924018180815	0.6575924018180815	
32.0	0.5122828724897264	0.8436039094780877	0.8376092010611073	0.4530816792596381	0.4499492329280117	0.9594311608659071	0.6766969391649911	0.5122828724897264	0.8436039094780877	0.8376092010611073	0.4530816792596381	0.4499492329280117	0.9594311608659071	0.6766969391649911	0.6766969391649911	
64.0	0.5234237751386452	0.8522843237999183	0.846745688594553	0.4779254444539937	0.47490824357742695	0.9609831585084854	0.6861088616292991	0.5234237751386452	0.8522843237999183	0.846745688594553	0.4779254444539937	0.47490824357742695	0.9609831585084854	0.6861088616292991	0.6861088616292991	
128.0	0.5023166393155405	0.8491396858805098	0.8425154190206928	0.45671767722483736	0.45342243784105773	0.9571077640627893	0.6696272324863293	0.5023166393155405	0.8491396858805098	0.8425154190206928	0.45671767722483736	0.45342243784105773	0.9571077640627893	0.6696272324863293	0.6696272324863293	
256.0	0.5239922826065646	0.8621904710948984	0.8569651729868726	0.5031824779166245	0.5001790812204824	0.9612442876404843	0.6878076862346364	0.5239922826065646	0.8621904710948984	0.8569651729868726	0.5031824779166245	0.5001790812204824	0.9612442876404843	0.6878076862346364	0.6878076862346364	
