0.03125	0.34712121212121205	0.7585843886251118	0.7578566127706818	0.6292576198672107	0.6287505922847875	0.9364952736308505	0.4554536927397391	0.041331382641374474	0.3131854986517132	0.2858304098537822	0.22120177726360374	0.20307029296414245	0.9586825550351966	0.10021051718490681	0.20236405024369467	
0.0625	0.24691935696837658	0.677233375650094	0.6769016832523915	0.5885024450047197	0.5882217157384215	0.9376324990232984	0.33523529256076723	0.07260528980661528	0.3839225353916963	0.3760160043530261	0.3388704208249744	0.33192083437307424	0.9565481011829631	0.09742869697258763	0.1868166605300939	
0.125	0.24524306818720237	0.6282145699825848	0.627621492939815	0.5955188703029386	0.5949723622553809	0.9358557916325468	0.33609079701566186	0.1411064416042877	0.45118849969769526	0.44945445537189305	0.4236607135230549	0.42204835499193843	0.9505564389563128	0.1646710380385196	0.22968054906766922	
0.25	0.27164872688713915	0.6055743113312546	0.6037248744097085	0.4450095302073909	0.44367339298086217	0.9335806418835244	0.3722778801019039	0.2366768757406521	0.5529753666522461	0.5520246403756938	0.4618918631828281	0.4611186469024056	0.9411045191373981	0.28083511902700853	0.3311613886265589	
0.5	0.35389479892366527	0.6686281213756247	0.6645952772529091	0.3743361002989647	0.3721476987297148	0.9422407821711651	0.49020465251421824	0.3434659316729016	0.6530213448005239	0.6502227407077718	0.42556160307362756	0.42377427583909616	0.9435993660546084	0.45970465244253056	0.47425429561685173	
1.0	0.4457742191425895	0.7764868621833038	0.7705950175101665	0.41993463549356064	0.41696606974951245	0.9506042250251696	0.6049751015807457	0.4457742191425895	0.7764868621833038	0.7705950175101665	0.41993463549356064	0.41696606974951245	0.9506042250251696	0.6049751015807457	0.6049751015807457	
2.0	0.5521651473358353	0.8567611076548843	0.8524658968486447	0.5198493448692079	0.5173546043431021	0.9655057077202936	0.7066901838052415	0.5521651473358353	0.8567611076548843	0.8524658968486447	0.5198493448692079	0.5173546043431021	0.9655057077202936	0.7066901838052415	0.7066901838052415	
4.0	0.5581349923130335	0.8666573273519095	0.8620702713679289	0.5253204154594392	0.5227013554839998	0.9654446457214423	0.7125279258623994	0.5581349923130335	0.8666573273519095	0.8620702713679289	0.5253204154594392	0.5227013554839998	0.9654446457214423	0.7125279258623994	0.7125279258623994	
8.0	0.5203261940333537	0.8533927992651001	0.8477268963251816	0.4785149865523673	0.4754445171254934	0.9603442633793984	0.6834709501683477	0.5203261940333537	0.8533927992651001	0.8477268963251816	0.4785149865523673	0.4754445171254934	0.9603442633793984	0.6834709501683477	0.6834709501683477	
16.0	0.48572180601815845	0.8296174955519279	0.8223959237957779	0.4061323255699739	0.4025970653478586	0.9549839633015209	0.6551141359888982	0.48572180601815845	0.8296174955519279	0.8223959237957779	0.4061323255699739	0.4025970653478586	0.9549839633015209	0.6551141359888982	0.6551141359888982	
32.0	0.4967159617672189	0.8413302319897941	0.834573159293407	0.4321636088107871	0.4287438604614412	0.956690502470577	0.6651431676270712	0.4967159617672189	0.8413302319897941	0.834573159293407	0.4321636088107871	0.4287438604614412	0.956690502470577	0.6651431676270712	0.6651431676270712	
64.0	0.49644107840650953	0.8452695413798915	0.8383838146702243	0.4340920648671237	0.4306093350186078	0.9564412804650477	0.6656623951614057	0.49644107840650953	0.8452695413798915	0.8383838146702243	0.4340920648671237	0.4306093350186078	0.9564412804650477	0.6656623951614057	0.6656623951614057	
128.0	0.501900332083244	0.85117095378247	0.8446903456473527	0.45711750606467627	0.45372639056089137	0.9572734168220369	0.6701513531476203	0.501900332083244	0.85117095378247	0.8446903456473527	0.45711750606467627	0.45372639056089137	0.9572734168220369	0.6701513531476203	0.6701513531476203	
256.0	0.5106025398689302	0.8573068017974235	0.8513748419033209	0.48057962692257544	0.47734004612816217	0.9588175467020539	0.67717834566516	0.5106025398689302	0.8573068017974235	0.8513748419033209	0.48057962692257544	0.47734004612816217	0.9588175467020539	0.67717834566516	0.67717834566516	
