0.03125	0.34712121212121205	0.7585843886251118	0.7578566127706818	0.6292576198672107	0.6287505922847875	0.9364952736308505	0.4554536927397391	0.041331382641374474	0.3131854986517132	0.2858304098537822	0.22120177726360374	0.20307029296414245	0.9586825550351966	0.10021051718490681	0.20236405024369467	
0.0625	0.2475881134992021	0.6814642546070948	0.6812812839487216	0.605584878411656	0.6054220685753411	0.939833385014708	0.3371711056476376	0.07164751575739828	0.38634454176735067	0.3787225776338766	0.3478352422479644	0.34089776773869324	0.9568212834639901	0.09554548133975817	0.1878162980804669	
0.125	0.2593369381750641	0.6529852002671618	0.6526366265740021	0.5736049094832224	0.5733057145838917	0.9440229946073782	0.3589111910664483	0.14190363325326408	0.4699635380036039	0.46872165358884654	0.4145792185405794	0.41344945167307123	0.9536748913046257	0.16475250898812152	0.24575350244593402	
0.25	0.3212208954250929	0.6393126805756344	0.6385281491142832	0.5248862480823695	0.5242470460048229	0.9460178701216171	0.4347503457531355	0.2752910678785353	0.5832431073157475	0.5828917542550135	0.533665232278756	0.5333508523676632	0.9504734559909309	0.3195211905588519	0.3867426725922903	
0.5	0.45427307549343077	0.7664819310975117	0.7628828023632586	0.4636889753670236	0.46161018304051843	0.9562870528284227	0.6047669472508449	0.4401243378800725	0.7466593126648802	0.744293667224884	0.5185258545888591	0.5169084695327104	0.9568264648487623	0.567219742794536	0.5854963105677135	
1.0	0.6432567046743595	0.8841585639964886	0.8820168819670382	0.6341952543921598	0.632790295543549	0.9761926549652292	0.7712591524757034	0.6432567046743595	0.8841585639964886	0.8820168819670382	0.6341952543921598	0.632790295543549	0.9761926549652292	0.7712591524757034	0.7712591524757034	
2.0	0.7424979023878348	0.9271263172115205	0.9262069866871622	0.7586594138429914	0.7579488224147373	0.9850427935545524	0.8433879121670358	0.7424979023878348	0.9271263172115205	0.9262069866871622	0.7586594138429914	0.7579488224147373	0.9850427935545524	0.8433879121670358	0.8433879121670358	
4.0	0.6794234740372138	0.913630684625009	0.9120053568093537	0.6927227012818443	0.691529510611089	0.97963441327091	0.8012548451824373	0.6794234740372138	0.913630684625009	0.9120053568093537	0.6927227012818443	0.691529510611089	0.97963441327091	0.8012548451824373	0.8012548451824373	
8.0	0.7366522416479142	0.928259757763977	0.9272397156624083	0.7415973955152669	0.7408083498786247	0.9846523958412187	0.8403453128424369	0.7366522416479142	0.928259757763977	0.9272397156624083	0.7415973955152669	0.7408083498786247	0.9846523958412187	0.8403453128424369	0.8403453128424369	
16.0	0.7085421536681086	0.9212383802772965	0.9199065878727064	0.7173701060603636	0.716372462136462	0.982185734976405	0.8212528111601903	0.7085421536681086	0.9212383802772965	0.9199065878727064	0.7173701060603636	0.716372462136462	0.982185734976405	0.8212528111601903	0.8212528111601903	
32.0	0.6692301698644885	0.9107368502084329	0.9089042664052819	0.6716890225506272	0.670361380493228	0.9788714284854226	0.7949228167503604	0.6692301698644885	0.9107368502084329	0.9089042664052819	0.6716890225506272	0.670361380493228	0.9788714284854226	0.7949228167503604	0.7949228167503604	
64.0	0.734116958732149	0.926744679915695	0.9257263939536114	0.7402756979208016	0.7394886371613218	0.9845198371553842	0.8386312055438904	0.734116958732149	0.926744679915695	0.9257263939536114	0.7402756979208016	0.7394886371613218	0.9845198371553842	0.8386312055438904	0.8386312055438904	
128.0	0.7320543473042391	0.9251795468557145	0.9241689835825759	0.7390755321187064	0.7382942470904029	0.9843865160033942	0.836959885828119	0.7320543473042391	0.9251795468557145	0.9241689835825759	0.7390755321187064	0.7382942470904029	0.9843865160033942	0.836959885828119	0.836959885828119	
256.0	0.6461537364276959	0.9026385019996177	0.9000301545374143	0.6465050910599299	0.6448135654319292	0.9752057850603897	0.7766470664348757	0.6461537364276959	0.9026385019996177	0.9000301545374143	0.6465050910599299	0.6448135654319292	0.9752057850603897	0.7766470664348757	0.7766470664348757	
