0.03125	0.0	0.7718814552577573	0.7466465030426936	0.3862137160431105	0.37361958745774826	0.9352899662365933	0.0	0.0	0.36882241529868076	0.3581678924605249	0.1955533482312451	0.18960057803322192	0.9589454458826332	-0.07330256835956744	0.0	
0.0625	0.0	0.7496065365242158	0.7194651767991332	0.3346156939531132	0.321220822179193	0.9498401889682228	0.0	0.0	0.5164500025665666	0.5090712496008387	0.23249517409349568	0.22940062466635855	0.9589454458826332	-0.0461651703814958	0.0	
0.125	0.0	0.7412349550300188	0.7091847908587342	0.318370853005837	0.3046217356401792	0.9551205658744328	0.0	0.0	0.5923508574255166	0.5811066716711262	0.25410689302741557	0.24936505262124933	0.9589454458826332	-0.03289369540800245	0.0	
0.25	0.028109854604200325	0.665573754973947	0.6365376622473442	0.28184693774244723	0.26976621389572925	0.9462179932080815	0.03419482191579955	0.02689335394126739	0.6305889575052012	0.6068896424000497	0.27633923323563025	0.26645568869022346	0.9479156764106247	0.02097009827135616	0.031847356041359035	
0.5	0.1249701610583136	0.5866821293966643	0.5687289403923769	0.2411743088634865	0.23385527699096675	0.9307783881965739	0.172211826257059	0.12464671363830318	0.5856606828630685	0.5678213448834716	0.25353736354267487	0.24618770749164925	0.9308092998724085	0.17419542091440784	0.17163333273458284	
1.0	0.3234203197476008	0.6617280199164075	0.6524109233204771	0.26011096112164644	0.2569548319149124	0.9275123235931593	0.4654918712362236	0.3234203197476008	0.6617280199164075	0.6524109233204771	0.26011096112164644	0.2569548319149124	0.9275123235931593	0.4654918712362236	0.4654918712362236	
2.0	0.4182850222425795	0.7635802231316234	0.7531789995478111	0.30179974263257625	0.29835837108377505	0.9420198176600078	0.58490029804911	0.4182850222425795	0.7635802231316234	0.7531789995478111	0.30179974263257625	0.29835837108377505	0.9420198176600078	0.58490029804911	0.58490029804911	
4.0	0.3966736552932847	0.7644176196352747	0.7494931670795282	0.2503957685924656	0.2464956984881627	0.9314641672059161	0.5714868178722009	0.3966736552932847	0.7644176196352747	0.7494931670795282	0.2503957685924656	0.2464956984881627	0.9314641672059161	0.5714868178722009	0.5714868178722009	
8.0	0.44807716062104824	0.8015130926037874	0.7920409136310846	0.33403459775259375	0.33021564502313877	0.947605519260053	0.6211148316625719	0.44807716062104824	0.8015130926037874	0.7920409136310846	0.33403459775259375	0.33021564502313877	0.947605519260053	0.6211148316625719	0.6211148316625719	
16.0	0.42660714052697346	0.7852143514901265	0.7746721659150817	0.30842149517071027	0.30437039680812716	0.9428013522347095	0.6017299862390354	0.42660714052697346	0.7852143514901265	0.7746721659150817	0.30842149517071027	0.30437039680812716	0.9428013522347095	0.6017299862390354	0.6017299862390354	
32.0	0.4126601705011003	0.7793344097567563	0.766792142713302	0.26824929203434467	0.26405186038186496	0.9387890298892932	0.5906302694538285	0.4126601705011003	0.7793344097567563	0.766792142713302	0.26824929203434467	0.26405186038186496	0.9387890298892932	0.5906302694538285	0.5906302694538285	
64.0	0.4513102938218382	0.7939500411837105	0.7852797913753845	0.35105010516301716	0.34734326665594517	0.9485565474168055	0.6228680257295802	0.4513102938218382	0.7939500411837105	0.7852797913753845	0.35105010516301716	0.34734326665594517	0.9485565474168055	0.6228680257295802	0.6228680257295802	
128.0	0.43120835699403404	0.7817012672945577	0.771480365017342	0.3071291037200562	0.3031961988775362	0.944164505390457	0.6054360885047212	0.43120835699403404	0.7817012672945577	0.771480365017342	0.3071291037200562	0.3031961988775362	0.944164505390457	0.6054360885047212	0.6054360885047212	
256.0	0.4598737754972534	0.7957325932111374	0.7879278506181484	0.3705390744877344	0.3669941617579398	0.9507841009113399	0.6296945071582978	0.4598737754972534	0.7957325932111374	0.7879278506181484	0.3705390744877344	0.3669941617579398	0.9507841009113399	0.6296945071582978	0.6296945071582978	
