0.03125	0.3857873496309576	0.7446503607436519	0.7391442613326475	0.4936104900108272	0.49070490463994443	0.9101980908565335	0.4981500171381419	0.07923884119502583	0.32641120220179815	0.2986832695808638	0.19837053062058352	0.18291323801111273	0.9565562867128715	0.16549697558259488	0.2511114192500241	
0.0625	0.24720946716729258	0.6139957192905426	0.6080251734232461	0.4353114242939057	0.4323094177656636	0.8891948914474781	0.3288118728565682	0.11366758443781586	0.39189234490502517	0.3809117906178486	0.27960852430781713	0.2721400193106662	0.9289694794751326	0.1413601160089651	0.2116977183977026	
0.125	0.22872447656674783	0.5729750205635221	0.5673848499592073	0.4097304783559522	0.40697112435133276	0.8947028207056895	0.3064838330228596	0.14893671840678374	0.4383543721215438	0.43325688403151597	0.3321644776728711	0.32873569106181877	0.9233149723019227	0.1660043679815751	0.22613784848305873	
0.25	0.2081345975909877	0.5329194342018552	0.5271314002163905	0.2889995738398555	0.2861898491577644	0.9064666931129409	0.28881737447564004	0.1885902514717438	0.500830549845956	0.4971502132717164	0.327356831973906	0.3251646773293194	0.9155346728365729	0.23875760656944597	0.2608754419280551	
0.5	0.23749875513379579	0.5688365854581013	0.5628568655828406	0.29303316083666	0.2900132887539735	0.9133814092264299	0.3381176681791638	0.2354367916817627	0.5679971907825573	0.5628260016262245	0.33277860415575383	0.329757196527803	0.9144821988646241	0.33241977158528363	0.333293966305741	
1.0	0.323925059319606	0.6728369851809239	0.6623588330402754	0.24752289410783632	0.2436681973538252	0.9242807032080365	0.4729659656021357	0.323925059319606	0.6728369851809239	0.6623588330402754	0.24752289410783632	0.2436681973538252	0.9242807032080365	0.4729659656021357	0.4729659656021357	
2.0	0.42907552842958097	0.7820912119644662	0.7721763993756124	0.34884191305949414	0.34516263683574533	0.9415235288306871	0.5960706526189847	0.42907552842958097	0.7820912119644662	0.7721763993756124	0.34884191305949414	0.34516263683574533	0.9415235288306871	0.5960706526189847	0.5960706526189847	
4.0	0.44884979977124956	0.8012407627698321	0.7919871408226574	0.35597727625551645	0.3522634713247147	0.9472017089866828	0.6206170595084015	0.44884979977124956	0.8012407627698321	0.7919871408226574	0.35597727625551645	0.3522634713247147	0.9472017089866828	0.6206170595084015	0.6206170595084015	
8.0	0.4388568548646627	0.8189407976907652	0.8082571751279255	0.34217881503598163	0.33783685557124543	0.9442748437027675	0.6172965984796356	0.4388568548646627	0.8189407976907652	0.8082571751279255	0.34217881503598163	0.33783685557124543	0.9442748437027675	0.6172965984796356	0.6172965984796356	
16.0	0.4360455318558231	0.8172040472804039	0.806386839933886	0.3413704493912838	0.33698668110335717	0.9435110486059287	0.6147633448807747	0.4360455318558231	0.8172040472804039	0.806386839933886	0.3413704493912838	0.33698668110335717	0.9435110486059287	0.6147633448807747	0.6147633448807747	
32.0	0.41770174129823295	0.8055091072274554	0.792973053164512	0.29633024022534377	0.2917184836621732	0.9391508564666777	0.5988186774436224	0.41770174129823295	0.8055091072274554	0.792973053164512	0.29633024022534377	0.2917184836621732	0.9391508564666777	0.5988186774436224	0.5988186774436224	
64.0	0.45270132374766403	0.8306082803964848	0.8214320938170789	0.3872734198137232	0.3830739074927496	0.9475474818834329	0.629290663548427	0.45270132374766403	0.8306082803964848	0.8214320938170789	0.3872734198137232	0.3830739074927496	0.9475474818834329	0.629290663548427	0.629290663548427	
128.0	0.42568932690683514	0.8075267683119656	0.7959601518032564	0.3174183133227279	0.3129605645548335	0.9412660927655623	0.6050511000626324	0.42568932690683514	0.8075267683119656	0.7959601518032564	0.3174183133227279	0.3129605645548335	0.9412660927655623	0.6050511000626324	0.6050511000626324	
256.0	0.4436038869060117	0.8206305412307973	0.8107155282878493	0.3628801855667982	0.3586243471610219	0.9455340456285007	0.6207638263068918	0.4436038869060117	0.8206305412307973	0.8107155282878493	0.3628801855667982	0.3586243471610219	0.9455340456285007	0.6207638263068918	0.6207638263068918	
