0.03125	0.3581441052112647	0.7220358788055166	0.714151430312354	0.4808396822405451	0.476591000042507	0.880028118406791	0.4522587385082836	0.07155892047162685	0.3145148481502703	0.2863964668575375	0.19115502714953525	0.1754609154495746	0.9526509868104617	0.14777200620522807	0.2271193889777213	
0.0625	0.20850972394440176	0.5869224948033019	0.5759435006422122	0.41794489716687816	0.4124304951637197	0.8362984358969658	0.2695205611997161	0.10155046814559113	0.37683288639445967	0.36396341657023495	0.26880806825195486	0.260277839469435	0.9103336790355969	0.1186990916996887	0.1770789967623822	
0.125	0.18570918793722047	0.5339089337667636	0.5234402113043272	0.35768879063134035	0.35273184554188913	0.8500616045299962	0.24416750278100316	0.1290560276960735	0.41090016425744247	0.4034263858910953	0.2947505104088891	0.29011628581622284	0.9021206368048411	0.13983167801684795	0.18169117644991312	
0.25	0.1902003690230266	0.4919277568359849	0.48352458081173283	0.24045630106327626	0.23743548653945537	0.8860352763621397	0.2594079590706092	0.17332770067172476	0.4630674517844697	0.45751400235551215	0.27737875834190734	0.2747880804518016	0.8984759273667416	0.21645530577207667	0.2333870114298573	
0.5	0.2115340741742188	0.5283824401089516	0.5214837009685136	0.24829177639885888	0.2452788653803931	0.9034348106683134	0.2981017480343945	0.20966039246003004	0.5281811214870239	0.5220358839980938	0.2868575828667133	0.2837542540065413	0.9045633233497776	0.2930781064595954	0.2938157597467058	
1.0	0.2864771016277521	0.6251349579120913	0.6144896928911572	0.23063777333077679	0.2269664050834693	0.9155540659683824	0.4213040103868734	0.2864771016277521	0.6251349579120913	0.6144896928911572	0.23063777333077679	0.2269664050834693	0.9155540659683824	0.4213040103868734	0.4213040103868734	
2.0	0.3799883669203425	0.7334382983754894	0.7195512318325589	0.26218944668465805	0.2586437374121	0.9279506859096124	0.5408707818707094	0.3799883669203425	0.7334382983754894	0.7195512318325589	0.26218944668465805	0.2586437374121	0.9279506859096124	0.5408707818707094	0.5408707818707094	
4.0	0.43979042881169417	0.8044590371849812	0.793787125179409	0.33782440212674736	0.3337870435891171	0.9436605675087032	0.6145646407699389	0.43979042881169417	0.8044590371849812	0.793787125179409	0.33782440212674736	0.3337870435891171	0.9436605675087032	0.6145646407699389	0.6145646407699389	
8.0	0.4377235788538972	0.8177460691506144	0.8067732089785128	0.3435902777715388	0.33935606680634844	0.9435696900101999	0.6158666730456613	0.4377235788538972	0.8177460691506144	0.8067732089785128	0.3435902777715388	0.33935606680634844	0.9435696900101999	0.6158666730456613	0.6158666730456613	
16.0	0.435377504911138	0.8183725202387245	0.8074949909290503	0.34194246558244756	0.33752916718056947	0.9433257420031463	0.6143501453423245	0.435377504911138	0.8183725202387245	0.8074949909290503	0.34194246558244756	0.33752916718056947	0.9433257420031463	0.6143501453423245	0.6143501453423245	
32.0	0.4289420291385099	0.8135140643664924	0.8016082104425089	0.32150898962280605	0.317141769438632	0.9413499145641596	0.6085026982157632	0.4289420291385099	0.8135140643664924	0.8016082104425089	0.32150898962280605	0.317141769438632	0.9413499145641596	0.6085026982157632	0.6085026982157632	
64.0	0.4433139362211939	0.8187895663567224	0.8089407150262933	0.3619641521774049	0.3577386516320873	0.9455983718298338	0.620145418718311	0.4433139362211939	0.8187895663567224	0.8089407150262933	0.3619641521774049	0.3577386516320873	0.9455983718298338	0.620145418718311	0.620145418718311	
128.0	0.43567282837407095	0.8131171916206169	0.8024384411155013	0.3396785731783349	0.3353521626131065	0.9436383188988883	0.6137006987954248	0.43567282837407095	0.8131171916206169	0.8024384411155013	0.3396785731783349	0.3353521626131065	0.9436383188988883	0.6137006987954248	0.6137006987954248	
256.0	0.4467602801197663	0.8232859128135175	0.8134034770313038	0.3641801005781434	0.35994021004969656	0.9460701205470748	0.6238091637707118	0.4467602801197663	0.8232859128135175	0.8134034770313038	0.3641801005781434	0.35994021004969656	0.9460701205470748	0.6238091637707118	0.6238091637707118	
