0.03125	0.32217654959538594	0.7387654617603773	0.738664963711866	0.6214652176610288	0.6213839877795554	0.9316572456980857	0.41955937247221786	0.05456323806692522	0.33539127246576167	0.3126134757905586	0.25442311875251605	0.2383123890479614	0.9587137178911807	0.08376266811522899	0.21988308312057914	
0.0625	0.21992409811818595	0.6036869090654393	0.6028082897744929	0.45707405714921145	0.4564214735156245	0.9281901334432309	0.2854793926833037	0.08844476611306182	0.39429950312858975	0.38795184177464564	0.32863262828959844	0.32325899649347867	0.9489232863046893	0.08911708475906127	0.18773437318726904	
0.125	0.19892534930124678	0.5507687897884598	0.5504320006495894	0.47142464745863605	0.47116328515030215	0.9302068460833798	0.2573226616292307	0.11880834328036487	0.43116611363125124	0.42990244283538903	0.3857033242185865	0.3845092161065061	0.9459163749704327	0.11223377036484727	0.19358048038943662	
0.25	0.17365795349725657	0.48759977884821415	0.48673703283851266	0.3844720367300026	0.38385983231605536	0.9257091825397563	0.2257213123153848	0.15516744360558027	0.46410546131181035	0.4636521520845395	0.4101968844146525	0.40983197808807664	0.9319951763358626	0.17685058406647927	0.205849275555325	
0.5	0.18681443460945582	0.4691967968124132	0.4656071412593025	0.2610800929697767	0.25921511035436356	0.9124070706681751	0.2511616827452278	0.18491580358297918	0.470318037624045	0.4672413562422518	0.2943654144582785	0.29247449966425115	0.9133823680288291	0.24632009497689697	0.24746907639407095	
1.0	0.24499650201972778	0.5536070955944059	0.5469440474090762	0.22981110018458012	0.22714013262835492	0.9167433839073894	0.3491734808710104	0.24499650201972778	0.5536070955944059	0.5469440474090762	0.22981110018458012	0.22714013262835492	0.9167433839073894	0.3491734808710104	0.3491734808710104	
2.0	0.39067783466667844	0.7220212419365932	0.7141049270368411	0.33755380203946594	0.33419092642064685	0.9389676496697807	0.5466599584179216	0.39067783466667844	0.7220212419365932	0.7141049270368411	0.33755380203946594	0.33419092642064685	0.9389676496697807	0.5466599584179216	0.5466599584179216	
4.0	0.44066289371872347	0.7993096943923136	0.7896026301377995	0.35418035485951577	0.35025597797451136	0.9447009634415613	0.6119109317073155	0.44066289371872347	0.7993096943923136	0.7896026301377995	0.35418035485951577	0.35025597797451136	0.9447009634415613	0.6119109317073155	0.6119109317073155	
8.0	0.4683178334646292	0.8316923677502471	0.8237243190462674	0.40714806194930775	0.4032473701633309	0.951296468405968	0.6415317470062509	0.4683178334646292	0.8316923677502471	0.8237243190462674	0.40714806194930775	0.4032473701633309	0.951296468405968	0.6415317470062509	0.6415317470062509	
16.0	0.4695983672128528	0.829280379492034	0.820853137632828	0.3865048414702138	0.3826690978491382	0.9512908326603066	0.6427396404063322	0.4695983672128528	0.829280379492034	0.820853137632828	0.3865048414702138	0.3826690978491382	0.9512908326603066	0.6427396404063322	0.6427396404063322	
32.0	0.4585214298197548	0.8344171545434167	0.8253668511782006	0.3890387329795732	0.3848974819250534	0.9486482451369869	0.6347119918490216	0.4585214298197548	0.8344171545434167	0.8253668511782006	0.3890387329795732	0.3848974819250534	0.9486482451369869	0.6347119918490216	0.6347119918490216	
64.0	0.4365443121684791	0.8208870834886597	0.8099612233591437	0.3428816029611932	0.3384522054137105	0.9434811919166524	0.6157922834124006	0.4365443121684791	0.8208870834886597	0.8099612233591437	0.3428816029611932	0.3384522054137105	0.9434811919166524	0.6157922834124006	0.6157922834124006	
128.0	0.4708699441922824	0.830495457456306	0.8220703896539039	0.3871424724178562	0.3833137612013367	0.9514253330063658	0.6438806901126594	0.4708699441922824	0.830495457456306	0.8220703896539039	0.3871424724178562	0.3833137612013367	0.9514253330063658	0.6438806901126594	0.6438806901126594	
256.0	0.4568989119395529	0.8348879335513963	0.8257262321246108	0.3891889097833619	0.3850071844567254	0.9482010841683138	0.6333442012982684	0.4568989119395529	0.8348879335513963	0.8257262321246108	0.3891889097833619	0.3850071844567254	0.9482010841683138	0.6333442012982684	0.6333442012982684	
