0.03125	0.0	0.7718814552577573	0.7466465030426936	0.3862137160431105	0.37361958745774826	0.9352899662365933	0.0	0.0	0.36882241529868076	0.3581678924605249	0.1955533482312451	0.18960057803322192	0.9589454458826332	-0.07330256835956744	0.0	
0.0625	0.0	0.7496065365242158	0.7194651767991332	0.3346156939531132	0.321220822179193	0.9498401889682228	0.0	0.0	0.5164500025665666	0.5090712496008387	0.23249517409349568	0.22940062466635855	0.9589454458826332	-0.0461651703814958	0.0	
0.125	0.0	0.7412349550300188	0.7091847908587342	0.318370853005837	0.3046217356401792	0.9551205658744328	0.0	0.0	0.5923508574255166	0.5811066716711262	0.25410689302741557	0.24936505262124933	0.9589454458826332	-0.03289369540800245	0.0	
0.25	0.034679334916864604	0.6723026479197793	0.6427968610773201	0.27418576221150365	0.2620336831768908	0.9464669885591175	0.046437202328009006	0.033206974981046244	0.6366429748902054	0.6126215361878118	0.2698207011087569	0.25984046365447905	0.9481449498620002	0.03226347908266173	0.043268475853301624	
0.5	0.1330912867230089	0.5943168994676677	0.5752034241484519	0.2334182026826525	0.22591307262376228	0.9282233755812189	0.18779257236064467	0.13274542942350162	0.5932476777190697	0.5742564452100438	0.24604740152857527	0.23850699048293383	0.9282492607847065	0.18971427425882723	0.18716063744611916	
1.0	0.34192350402807126	0.682876605701671	0.673909818459457	0.2701662647343447	0.2669710394368828	0.931309917273371	0.4888725794511675	0.34192350402807126	0.682876605701671	0.673909818459457	0.2701662647343447	0.2669710394368828	0.931309917273371	0.4888725794511675	0.4888725794511675	
2.0	0.3967964981670344	0.745614247817851	0.7345531360154174	0.27778358914129403	0.2742100952071541	0.9373847950917827	0.562149275953858	0.3967964981670344	0.745614247817851	0.7345531360154174	0.27778358914129403	0.2742100952071541	0.9373847950917827	0.562149275953858	0.562149275953858	
4.0	0.4083488518384352	0.7790918118412632	0.7663660696272089	0.26948685029073893	0.2654854740678191	0.937705054794943	0.5832727347290494	0.4083488518384352	0.7790918118412632	0.7663660696272089	0.26948685029073893	0.2654854740678191	0.937705054794943	0.5832727347290494	0.5832727347290494	
8.0	0.3928307854101919	0.7741621420274687	0.7588328488329356	0.2296966717993993	0.22534931202660516	0.9320408051777314	0.5736563207191263	0.3928307854101919	0.7741621420274687	0.7588328488329356	0.2296966717993993	0.22534931202660516	0.9320408051777314	0.5736563207191263	0.5736563207191263	
16.0	0.4111389502391078	0.7836994015173542	0.7708808989244774	0.2698550827639513	0.2655560297319185	0.9381203603241335	0.5900555000002813	0.4111389502391078	0.7836994015173542	0.7708808989244774	0.2698550827639513	0.2655560297319185	0.9381203603241335	0.5900555000002813	0.5900555000002813	
32.0	0.4248024369302971	0.7855743590434601	0.7735112377539597	0.29105334407256706	0.2871055473152024	0.9409539164955263	0.6010700752939746	0.4248024369302971	0.7855743590434601	0.7735112377539597	0.29105334407256706	0.2871055473152024	0.9409539164955263	0.6010700752939746	0.6010700752939746	
64.0	0.41687204264394306	0.77506752130653	0.7633384515829535	0.2865863589832843	0.28254239473743437	0.9396193047385217	0.5922799750306136	0.41687204264394306	0.77506752130653	0.7633384515829535	0.2865863589832843	0.28254239473743437	0.9396193047385217	0.5922799750306136	0.5922799750306136	
128.0	0.4457720074208675	0.7934350387922147	0.7835334888132514	0.33208572223159905	0.3283571821174295	0.9464389514818894	0.6186194946899547	0.4457720074208675	0.7934350387922147	0.7835334888132514	0.33208572223159905	0.3283571821174295	0.9464389514818894	0.6186194946899547	0.6186194946899547	
256.0	0.4500498474148239	0.7944489068180471	0.7856520574038245	0.35067954786671046	0.34693548355470477	0.9482575223818779	0.622095920249481	0.4500498474148239	0.7944489068180471	0.7856520574038245	0.35067954786671046	0.34693548355470477	0.9482575223818779	0.622095920249481	0.622095920249481	
