0.03125	0.3742221362804742	0.7660452981761762	0.7639587282779273	0.5705783523267295	0.5691807053172734	0.926614847640924	0.4842074556094012	0.07247291971487232	0.33835698830167316	0.31257240109890444	0.22562316528277176	0.2089791379676253	0.9580971121563264	0.13347917856861694	0.2464441165178902	
0.0625	0.25644662248507505	0.5987293621644927	0.5955728889250445	0.42134962364961287	0.41974254733471	0.9135521965096924	0.3308544837793575	0.10491903211382136	0.3823331533025923	0.3734634985515772	0.2675541298643123	0.2612490389095901	0.9406133719323695	0.12359793746182794	0.21025015220238635	
0.125	0.232954775456564	0.5572469831035739	0.5541884547441545	0.3994329856241504	0.3979756797036477	0.9121957579468631	0.30206765279156367	0.146523391330954	0.42539247676436664	0.42172389281875733	0.3198714297768004	0.31734636951381645	0.9350736783457876	0.1554715477147422	0.2223410790518062	
0.25	0.2016951254851588	0.5149578146706145	0.5117165040501478	0.337292300627052	0.3353983063436047	0.916231424095136	0.27232857094353935	0.18242709897960563	0.48695314608255613	0.4849920606154171	0.37090023592123045	0.36953814394883844	0.9241081124704744	0.22226891930096232	0.24770470286108984	
0.5	0.24907467487405346	0.5636004863073446	0.5548936987670815	0.20837339246525918	0.2053877148844064	0.911734243835242	0.35812808964146403	0.2469918784035426	0.5626967666834759	0.5550949779060833	0.2495885451611403	0.24629805203180083	0.9128581674354157	0.3523488780406539	0.3529837651824413	
1.0	0.34649334750372923	0.6910096007729117	0.6833323731269842	0.3223925223903064	0.3190421045668813	0.9326694810889282	0.49536577659641673	0.34649334750372923	0.6910096007729117	0.6833323731269842	0.3223925223903064	0.3190421045668813	0.9326694810889282	0.49536577659641673	0.49536577659641673	
2.0	0.4057256539139851	0.7628806141263519	0.7512201100369668	0.30357687619020685	0.29982019227602896	0.9363707889366208	0.574361518247394	0.4057256539139851	0.7628806141263519	0.7512201100369668	0.30357687619020685	0.29982019227602896	0.9363707889366208	0.574361518247394	0.574361518247394	
4.0	0.4247462646426131	0.79700760316862	0.7864447457127364	0.3326782567743765	0.3284025397365832	0.9416722466989409	0.6009038364339605	0.4247462646426131	0.79700760316862	0.7864447457127364	0.3326782567743765	0.3284025397365832	0.9416722466989409	0.6009038364339605	0.6009038364339605	
8.0	0.4861934819777948	0.8419115213828553	0.834732642137159	0.43232599204211153	0.428703860147543	0.9545492396765123	0.6565165920341858	0.4861934819777948	0.8419115213828553	0.834732642137159	0.43232599204211153	0.428703860147543	0.9545492396765123	0.6565165920341858	0.6565165920341858	
16.0	0.4633750031871748	0.8303289308946079	0.821213502701538	0.38759545109588317	0.38363520564274856	0.9490491892418808	0.637299076168961	0.4633750031871748	0.8303289308946079	0.821213502701538	0.38759545109588317	0.38363520564274856	0.9490491892418808	0.637299076168961	0.637299076168961	
32.0	0.457083243736788	0.8350770893541396	0.8259112224228291	0.38928150942895157	0.3850977449143171	0.9482175611821416	0.633578290121517	0.457083243736788	0.8350770893541396	0.8259112224228291	0.38928150942895157	0.3850977449143171	0.9482175611821416	0.633578290121517	0.633578290121517	
64.0	0.44444766053625334	0.8284177710802251	0.8182580444367786	0.3663835491015255	0.36201833581390963	0.9453000080974553	0.6229198156874811	0.44444766053625334	0.8284177710802251	0.8182580444367786	0.3663835491015255	0.36201833581390963	0.9453000080974553	0.6229198156874811	0.6229198156874811	
128.0	0.4653957300216244	0.8334727191861445	0.8247200003587419	0.3884961033943676	0.384514592088163	0.9501016577490802	0.6398604875960373	0.4653957300216244	0.8334727191861445	0.8247200003587419	0.3884961033943676	0.384514592088163	0.9501016577490802	0.6398604875960373	0.6398604875960373	
256.0	0.4535412969217191	0.8331932443415537	0.8239422972048102	0.3884631514867913	0.38423013793034444	0.94757168699166	0.6305657671573974	0.4535412969217191	0.8331932443415537	0.8239422972048102	0.3884631514867913	0.38423013793034444	0.94757168699166	0.6305657671573974	0.6305657671573974	
