0.03125	0.32987941580632063	0.7308903073068255	0.7299944717876239	0.5763685431746327	0.575823488106853	0.9227923351818351	0.4181708450000722	0.05733137256896418	0.3318233622496312	0.308108198866417	0.23963111703082407	0.2244063472476522	0.9583021206145323	0.09410772239210703	0.21857324022842453	
0.0625	0.33389615042060694	0.7238873750222633	0.7231282825564908	0.5747661280634275	0.5741779434660946	0.9447095268637439	0.44608574933192224	0.16304673860268998	0.48284173243076456	0.47621776535718074	0.4220294479442256	0.416183875026123	0.9579074695449016	0.1949188308147726	0.31102662154246724	
0.125	0.35869347877462265	0.7012728099649668	0.7009081909868684	0.5948537062193943	0.5945538729720233	0.9517395615602057	0.480360990240219	0.216984621449731	0.5410481285850217	0.5394600424801758	0.48535564021049576	0.48391821475133207	0.9571549207740822	0.24884234674546618	0.36260369142439763	
0.25	0.3514458894526053	0.6819006712955575	0.679640197626681	0.4732316412428867	0.4718817824334506	0.9463914823684204	0.47904969686468835	0.3101054788175685	0.6362600875342141	0.6349281012292253	0.5050549210926527	0.5041340557016406	0.9486949466212288	0.3874374692450241	0.43461097737265203	
0.5	0.460077651671424	0.7790427016955607	0.7770130162625862	0.5571462499002877	0.5557514581129878	0.9599500020436087	0.6058747650488584	0.45392101645979394	0.7753772608404232	0.7736701347078434	0.6001202820724252	0.5988982106722782	0.9598395431072932	0.5915076322112822	0.598236231784733	
1.0	0.5953405388223284	0.8818006470653247	0.878662004359447	0.593132063209498	0.5911435091389069	0.9710225572351451	0.7398928230278817	0.5953405388223284	0.8818006470653247	0.878662004359447	0.593132063209498	0.5911435091389069	0.9710225572351451	0.7398928230278817	0.7398928230278817	
2.0	0.6551390162398022	0.9077521261781589	0.905814998248875	0.6694419768309935	0.668035249147333	0.9776389209527918	0.785180382452424	0.6551390162398022	0.9077521261781589	0.905814998248875	0.6694419768309935	0.668035249147333	0.9776389209527918	0.785180382452424	0.785180382452424	
4.0	0.6267809369881321	0.903070926697939	0.9007825343332307	0.6470785946479606	0.645438889867769	0.9748258682662913	0.7659065839323762	0.6267809369881321	0.903070926697939	0.9007825343332307	0.6470785946479606	0.645438889867769	0.9748258682662913	0.7659065839323762	0.7659065839323762	
8.0	0.734116958732149	0.926744679915695	0.9257263939536114	0.7402756979208016	0.7394886371613218	0.9845198371553842	0.8386312055438904	0.734116958732149	0.926744679915695	0.9257263939536114	0.7402756979208016	0.7394886371613218	0.9845198371553842	0.8386312055438904	0.8386312055438904	
16.0	0.7395970772929943	0.9274856348014895	0.9265176419534367	0.7408853142556008	0.740134047904285	0.9850731589555826	0.8423795807480886	0.7395970772929943	0.9274856348014895	0.9265176419534367	0.7408853142556008	0.740134047904285	0.9850731589555826	0.8423795807480886	0.8423795807480886	
32.0	0.7332038208901579	0.92594959958278	0.924936666602534	0.7397059979678463	0.7389227727874583	0.9844529859628505	0.8378062425816986	0.7332038208901579	0.92594959958278	0.924936666602534	0.7397059979678463	0.7389227727874583	0.9844529859628505	0.8378062425816986	0.8378062425816986	
64.0	0.7149184688433271	0.9208498147457462	0.9193031513276131	0.7169744791795039	0.7159166399907227	0.9818973442058475	0.8242543409196827	0.7149184688433271	0.9208498147457462	0.9193031513276131	0.7169744791795039	0.7159166399907227	0.9818973442058475	0.8242543409196827	0.8242543409196827	
128.0	0.7639097172975602	0.9333640802305048	0.9326727076625086	0.7641738763030591	0.7636078283198061	0.9871231785192597	0.8587072885698623	0.7639097172975602	0.9333640802305048	0.9326727076625086	0.7641738763030591	0.7636078283198061	0.9871231785192597	0.8587072885698623	0.8587072885698623	
256.0	0.7332038208901579	0.92594959958278	0.924936666602534	0.7397059979678463	0.7389227727874583	0.9844529859628505	0.8378062425816986	0.7332038208901579	0.92594959958278	0.924936666602534	0.7397059979678463	0.7389227727874583	0.9844529859628505	0.8378062425816986	0.8378062425816986	
