0.03125	0.0	0.7718814552577573	0.7466465030426936	0.3862137160431105	0.37361958745774826	0.9352899662365933	0.0	0.0	0.36882241529868076	0.3581678924605249	0.1955533482312451	0.18960057803322192	0.9589454458826332	-0.07330256835956744	0.0	
0.0625	0.0	0.7496065365242158	0.7194651767991332	0.3346156939531132	0.321220822179193	0.9498401889682228	0.0	0.0	0.5164500025665666	0.5090712496008387	0.23249517409349568	0.22940062466635855	0.9589454458826332	-0.0461651703814958	0.0	
0.125	0.0	0.7412349550300188	0.7091847908587342	0.318370853005837	0.3046217356401792	0.9551205658744328	0.0	0.0	0.5923508574255166	0.5811066716711262	0.25410689302741557	0.24936505262124933	0.9589454458826332	-0.03289369540800245	0.0	
0.25	0.029121540312876053	0.6633122795131413	0.6325924332540771	0.26104771004409566	0.24875433232178562	0.9379786391397854	0.03791911969138297	0.028172293364377182	0.6280001701122433	0.603100201756643	0.25604364486885806	0.24584284139339854	0.9406810203832366	0.02504197154982444	0.03505612235611595	
0.5	0.1269464825721431	0.5877725474207144	0.5679904375978962	0.21509846229583998	0.20752402308029883	0.9257245399105793	0.17914153681162287	0.1266488822745428	0.5867216713540613	0.5671048034757823	0.22792354065342746	0.2202510032596881	0.9257892577005485	0.18123148145524673	0.1785319101478944	
1.0	0.2963060101410838	0.6375445020004822	0.6262455163211582	0.20353571188385794	0.200142176145869	0.9186338951095447	0.4344791720578557	0.2963060101410838	0.6375445020004822	0.6262455163211582	0.20353571188385794	0.200142176145869	0.9186338951095447	0.4344791720578557	0.4344791720578557	
2.0	0.3919987717293737	0.7498914140943841	0.7383557478868339	0.25814451149832995	0.25430483692202893	0.9367920991504585	0.5607121769796737	0.3919987717293737	0.7498914140943841	0.7383557478868339	0.25814451149832995	0.25430483692202893	0.9367920991504585	0.5607121769796737	0.5607121769796737	
4.0	0.3767427816416488	0.7551875359304006	0.7413426454147187	0.24117311517115567	0.23695139481029553	0.9306458663794647	0.5504363498830667	0.3767427816416488	0.7551875359304006	0.7413426454147187	0.24117311517115567	0.23695139481029553	0.9306458663794647	0.5504363498830667	0.5504363498830667	
8.0	0.4019921115031688	0.7792378257183491	0.7652316114429402	0.24950966434246732	0.2452054498760205	0.9351350821800877	0.5816765664720231	0.4019921115031688	0.7792378257183491	0.7652316114429402	0.24950966434246732	0.2452054498760205	0.9351350821800877	0.5816765664720231	0.5816765664720231	
16.0	0.42210862817455597	0.7843709400195026	0.7726430393847795	0.28958888121278187	0.28551700982423184	0.9410457020960014	0.598645744273873	0.42210862817455597	0.7843709400195026	0.7726430393847795	0.28958888121278187	0.28551700982423184	0.9410457020960014	0.598645744273873	0.598645744273873	
32.0	0.4228896394426974	0.7856762432700805	0.7738646706111079	0.28996960699132324	0.285875158659907	0.9410077412830858	0.599777568022437	0.4228896394426974	0.7856762432700805	0.7738646706111079	0.28996960699132324	0.285875158659907	0.9410077412830858	0.599777568022437	0.599777568022437	
64.0	0.4415105660570374	0.7825852772238269	0.7729304317207992	0.3276070737057365	0.32397439271367534	0.9461017092346118	0.6131859887288977	0.4415105660570374	0.7825852772238269	0.7729304317207992	0.3276070737057365	0.32397439271367534	0.9461017092346118	0.6131859887288977	0.6131859887288977	
128.0	0.44174037529927845	0.7896662288879986	0.7797294195372283	0.33038200380354565	0.32663857320500295	0.9457595688448606	0.6146529300406862	0.44174037529927845	0.7896662288879986	0.7797294195372283	0.33038200380354565	0.32663857320500295	0.9457595688448606	0.6146529300406862	0.6146529300406862	
256.0	0.42429005435130474	0.7837426957385168	0.7717157159829547	0.29037951279953034	0.286445011769474	0.9409045885920289	0.6003709261083701	0.42429005435130474	0.7837426957385168	0.7717157159829547	0.29037951279953034	0.286445011769474	0.9409045885920289	0.6003709261083701	0.6003709261083701	
