0.03125	0.3013507252980937	0.7279247318489082	0.7275131187259077	0.6311808516433217	0.6308501558436947	0.9302230730804663	0.39476280274742337	0.04992974089582119	0.33090613318644335	0.3086864094584775	0.25641835943490554	0.23998632147346047	0.958291635193729	0.07063663787544786	0.2072445603042717	
0.0625	0.22762069987318573	0.6047369146653082	0.6043778177825011	0.5004730874347721	0.5001810906009615	0.931200477937088	0.2951442329276649	0.09083520879310855	0.396347808396608	0.390279137218512	0.3460279503061946	0.3407834111237461	0.9505422164569437	0.09264284136804436	0.19493961065754611	
0.125	0.20080173447593336	0.5672396760693268	0.5668414124726864	0.479901292863283	0.47957328864379634	0.9326150068063462	0.2654931323139519	0.11886707882512844	0.44216046183296626	0.44085728228590354	0.3937419209778321	0.3925262881819608	0.9472770992993077	0.11405102324126534	0.19825058560570347	
0.25	0.16822434365383093	0.4680305243339398	0.46693489528345766	0.35763577472381436	0.35683951031569794	0.9217225259863786	0.21622970810193723	0.14883743958551462	0.44398366219918106	0.44341487573334104	0.3832053220993624	0.38273322496390294	0.928396461938924	0.16712671126706177	0.19451845617847965	
0.5	0.1820928240388575	0.45745533290126134	0.4530883258484783	0.22027124639946155	0.2182734819903132	0.9095217666140023	0.24389990627415914	0.18017065918296876	0.4581853148721818	0.45445386211149696	0.25457546626908967	0.25253858424612663	0.9105216840717951	0.23885863242818156	0.23984919813525493	
1.0	0.2230541675683222	0.5233514317927556	0.5132669470732243	0.1670252511537792	0.16414209738074667	0.901957619119598	0.32144740879553735	0.2230541675683222	0.5233514317927556	0.5132669470732243	0.1670252511537792	0.16414209738074667	0.901957619119598	0.32144740879553735	0.32144740879553735	
2.0	0.3434744888209745	0.6878883519496088	0.6754486486082869	0.2422480990072713	0.2387159554411185	0.924056314069275	0.4986725449577607	0.3434744888209745	0.6878883519496088	0.6754486486082869	0.2422480990072713	0.2387159554411185	0.924056314069275	0.4986725449577607	0.4986725449577607	
4.0	0.26412461381043506	0.6157260251868478	0.5927507044394223	0.11324587674225664	0.10942115924047469	0.8838352934554707	0.41228763052162287	0.26412461381043506	0.6157260251868478	0.5927507044394223	0.11324587674225664	0.10942115924047469	0.8838352934554707	0.41228763052162287	0.41228763052162287	
8.0	0.23039999212710177	0.5773476017520887	0.5399083709827119	0.055737252526815384	0.053260432210149686	0.8462418330158819	0.3742917920247763	0.23039999212710177	0.5773476017520887	0.5399083709827119	0.055737252526815384	0.053260432210149686	0.8462418330158819	0.3742917920247763	0.3742917920247763	
16.0	0.19893658992823365	0.5134529949976493	0.47731916032743504	0.03557769943293683	0.033365891024535146	0.8317582135274048	0.3226161845410288	0.19893658992823365	0.5134529949976493	0.47731916032743504	0.03557769943293683	0.033365891024535146	0.8317582135274048	0.3226161845410288	0.3226161845410288	
32.0	0.15855544286874285	0.4406985105964175	0.38918692824795686	0.014215843516489857	0.012986991304641963	0.7668910960012993	0.25614670624665903	0.15855544286874285	0.4406985105964175	0.38918692824795686	0.014215843516489857	0.012986991304641963	0.7668910960012993	0.25614670624665903	0.25614670624665903	
64.0	0.13532659593842644	0.36021866068414093	0.30544115217217965	0.0058189564596716065	0.005186402295668174	0.7120758404986918	0.20687366267473045	0.13532659593842644	0.36021866068414093	0.30544115217217965	0.0058189564596716065	0.005186402295668174	0.7120758404986918	0.20687366267473045	0.20687366267473045	
128.0	0.07759406646600059	0.055873647999323386	0.046064296728092806	0.0003764736788649988	0.0003103787899040354	0.6456566951403716	0.01618991788628423	0.07759406646600059	0.055873647999323386	0.046064296728092806	0.0003764736788649988	0.0003103787899040354	0.6456566951403716	0.01618991788628423	0.01618991788628423	
256.0	0.07887109077040427	0.0	0.0	0.0	0.0	0.0	0.0	0.07887109077040427	0.0	0.0	0.0	0.0	0.0	0.0	0.0	
