0.03125	0.35331265713242654	0.7170965563183411	0.7081109397666009	0.4225387942389308	0.41886923890991623	0.8933401115290064	0.46277855524891826	0.07536886673536539	0.312844861243437	0.284532307413224	0.16877050124556986	0.15466772120513547	0.9548176072336494	0.15631169215705823	0.23362812445329087	
0.0625	0.2104410568882776	0.5621941851265103	0.5553215856224941	0.35361761786391027	0.35088247480567125	0.8901026124854254	0.274291505121252	0.10248056367095511	0.36166486081200083	0.35137147707042093	0.23528342046234826	0.22914010135817703	0.9409315656976431	0.11863577012942646	0.18013522059834627	
0.125	0.19994850598591993	0.5110392446936528	0.5052834540018665	0.3103171583002622	0.30766049081727764	0.8968235477585408	0.26361406238861307	0.13539758804459132	0.3945434164327846	0.389628640247463	0.2590438185910298	0.2561340992625595	0.9321127284032655	0.14761002164277523	0.1956262618735031	
0.25	0.15801818986680866	0.43241568531298924	0.42476654736312713	0.1763727867986681	0.17389079217096512	0.8929776588127811	0.20619152838682867	0.14482333363214767	0.4080445510313955	0.40380356734261175	0.21752015262278732	0.21558035693958785	0.9069691662419102	0.17086349469271522	0.18365596853387708	
0.5	0.21360058004566942	0.5152290630945213	0.5048578047365004	0.17618238868049604	0.17299548384763222	0.8965063722693932	0.30782401845812024	0.212028840814952	0.5152769076386006	0.5060063555737886	0.212855704654986	0.20941228759833352	0.8980256115173461	0.30333482651215543	0.30350884392396316	
1.0	0.3058463911196044	0.6416194643380233	0.6317633638581506	0.2363856509982082	0.23303003769341277	0.9225061553640328	0.4456119263641387	0.3058463911196044	0.6416194643380233	0.6317633638581506	0.2363856509982082	0.23303003769341277	0.9225061553640328	0.4456119263641387	0.4456119263641387	
2.0	0.42465866989928786	0.7896625099209317	0.7806009939942714	0.3500521412976759	0.34614997911602174	0.943254913502084	0.5942527348695117	0.42465866989928786	0.7896625099209317	0.7806009939942714	0.3500521412976759	0.34614997911602174	0.943254913502084	0.5942527348695117	0.5942527348695117	
4.0	0.5198114676553252	0.8330141108303609	0.8285602604785671	0.48575055132337874	0.48319931610082795	0.962100508300112	0.6758607824400362	0.5198114676553252	0.8330141108303609	0.8285602604785671	0.48575055132337874	0.48319931610082795	0.962100508300112	0.6758607824400362	0.6758607824400362	
8.0	0.547192141772741	0.8478689612228717	0.8431370857985417	0.5162381577905935	0.5138459133177375	0.963804002750839	0.6983142102583159	0.547192141772741	0.8478689612228717	0.8431370857985417	0.5162381577905935	0.5138459133177375	0.963804002750839	0.6983142102583159	0.6983142102583159	
16.0	0.5535464190574562	0.8647300378491579	0.8605315170078054	0.5244852803299803	0.5219387487142574	0.9659597296395657	0.7096195147143712	0.5535464190574562	0.8647300378491579	0.8605315170078054	0.5244852803299803	0.5219387487142574	0.9659597296395657	0.7096195147143712	0.7096195147143712	
32.0	0.5952908883248047	0.8845087531409959	0.8808368049040849	0.5758177249853248	0.5736431658981441	0.9700683438762434	0.7413421233830211	0.5952908883248047	0.8845087531409959	0.8808368049040849	0.5758177249853248	0.5736431658981441	0.9700683438762434	0.7413421233830211	0.7413421233830211	
64.0	0.5633061550146213	0.8654046872422544	0.8610799253980591	0.5440657214931738	0.5415884016294233	0.9657826781951517	0.7137774930774554	0.5633061550146213	0.8654046872422544	0.8610799253980591	0.5440657214931738	0.5415884016294233	0.9657826781951517	0.7137774930774554	0.7137774930774554	
128.0	0.5504400734457132	0.8559642400284773	0.8517637777079938	0.5200025804983439	0.5175519753395095	0.9654750352327689	0.7042284817824964	0.5504400734457132	0.8559642400284773	0.8517637777079938	0.5200025804983439	0.5175519753395095	0.9654750352327689	0.7042284817824964	0.7042284817824964	
256.0	0.5333774125066155	0.8607051546546375	0.8551926835606437	0.4824176368724654	0.4794387475213303	0.9621414327736335	0.6943885301674284	0.5333774125066155	0.8607051546546375	0.8551926835606437	0.4824176368724654	0.4794387475213303	0.9621414327736335	0.6943885301674284	0.6943885301674284	
