0.03125	0.34336730943857086	0.7136388367938015	0.7024872702688358	0.43637367877241895	0.4311825458471528	0.8683878363416918	0.4486720431970873	0.07367103907196722	0.31000547508994486	0.2812942356165569	0.17469644973725607	0.1599626428869991	0.9518651203763063	0.15313334986005575	0.2255152769295047	
0.0625	0.1999464081016753	0.5546412571874766	0.5361227096571936	0.3550030395855731	0.348107467486255	0.78486013871515	0.2579297346950438	0.09855831697885917	0.34816550965146426	0.33214730011883237	0.22236644853822912	0.2134847901475664	0.8811513263641653	0.11284323470998184	0.1632852690962375	
0.125	0.1676270621484091	0.4744656667924999	0.457268047261274	0.29265493679273696	0.2871516127133814	0.7924687555266543	0.20700232181932549	0.11815225845686295	0.36681534765471563	0.3564765000335558	0.2419507369127129	0.2370396453050005	0.8696012278383745	0.11624862906659708	0.15342134570396165	
0.25	0.13001018223909838	0.3680331120440617	0.3474908906987094	0.12590334913614906	0.12199080476428828	0.7906304509178068	0.16126873742529296	0.12161287914227872	0.3526847277582036	0.33849691631841533	0.15725706556745972	0.15347482007409705	0.8195577881939616	0.13871618257441917	0.14418338050739293	
0.5	0.13020385432648476	0.35861542080848896	0.3342471880343647	0.04862123462825386	0.045781021139222625	0.7963606328894707	0.1678305172637215	0.1294491570630894	0.3600324062356109	0.3378783002414201	0.07523749313676495	0.07119061410938052	0.8003652920834087	0.16540038698341647	0.1639816766067571	
1.0	0.12307867449190683	0.30399436346154335	0.27462047654087074	0.020811591850083237	0.019259635272626092	0.756217615069019	0.15158085661331505	0.12307867449190683	0.30399436346154335	0.27462047654087074	0.020811591850083237	0.019259635272626092	0.756217615069019	0.15158085661331505	0.15158085661331505	
2.0	0.22460302686241737	0.5704704768782802	0.5377643530232536	0.05911363378886094	0.056152112148449576	0.8522753901388642	0.3635178118700376	0.22460302686241737	0.5704704768782802	0.5377643530232536	0.05911363378886094	0.056152112148449576	0.8522753901388642	0.3635178118700376	0.3635178118700376	
4.0	0.2536080796052137	0.6563916753785941	0.6197551527159203	0.07878389649601995	0.07488952826113644	0.8587902232594009	0.4190556767454668	0.2536080796052137	0.6563916753785941	0.6197551527159203	0.07878389649601995	0.07488952826113644	0.8587902232594009	0.4190556767454668	0.4190556767454668	
8.0	0.2819090741135585	0.6799337781255035	0.6451728891181088	0.08812256455876334	0.08468592534039061	0.8745588991836784	0.45516059770038864	0.2819090741135585	0.6799337781255035	0.6451728891181088	0.08812256455876334	0.08468592534039061	0.8745588991836784	0.45516059770038864	0.45516059770038864	
16.0	0.30655194433099087	0.6998878153276137	0.6709198940344455	0.11829240385138826	0.11446629943228218	0.8891506012444855	0.48153524893354727	0.30655194433099087	0.6998878153276137	0.6709198940344455	0.11829240385138826	0.11446629943228218	0.8891506012444855	0.48153524893354727	0.48153524893354727	
32.0	0.271700131072598	0.6888800160610022	0.6547552496736216	0.09976366955083413	0.09552906833741817	0.8712700970627998	0.44642013002504843	0.271700131072598	0.6888800160610022	0.6547552496736216	0.09976366955083413	0.09552906833741817	0.8712700970627998	0.44642013002504843	0.44642013002504843	
64.0	0.2543121057633009	0.6673167040739119	0.6286649326047112	0.06876451851493708	0.06520929278651863	0.8607637539643059	0.4269311834044496	0.2543121057633009	0.6673167040739119	0.6286649326047112	0.06876451851493708	0.06520929278651863	0.8607637539643059	0.4269311834044496	0.4269311834044496	
128.0	0.25307115131434565	0.6616846746699554	0.623355900688294	0.0682212054761844	0.06469736151555114	0.860306176352081	0.42458211104470056	0.25307115131434565	0.6616846746699554	0.623355900688294	0.0682212054761844	0.06469736151555114	0.860306176352081	0.42458211104470056	0.42458211104470056	
256.0	0.24057309852479153	0.6490506741472035	0.6064535163535962	0.055628441489397586	0.05237096154643121	0.8494305236579411	0.4095946804414955	0.24057309852479153	0.6490506741472035	0.6064535163535962	0.055628441489397586	0.05237096154643121	0.8494305236579411	0.4095946804414955	0.4095946804414955	
