0.03125	0.7055015394587587	0.12319732937900371	0.12299947536790563	0.12319732937900371	0.12299947536790563	0.42036199095022625	0.3225344985156533	0.08002308243315437	0.14293981910862716	0.14121591283582888	0.13229032070816582	0.13060619994542072	0.6725361360314915	0.18908975074414533	0.17222054857309738	
0.0625	0.7055015394587587	0.12319732937900371	0.12299947536790563	0.12319732937900371	0.12299947536790563	0.42036199095022625	0.3225344985156533	0.08002308243315437	0.14293981910862716	0.14121591283582888	0.13229032070816582	0.13060619994542072	0.6725361360314915	0.18908975074414533	0.17222054857309738	
0.125	0.561365885197054	0.43136646750870844	0.4247192813517473	0.37363407462800996	0.36816544759909553	0.5938165272578025	0.3514838759708246	0.10553342212311811	0.20776963473505078	0.20511996158928064	0.1392629501189005	0.13752862450540193	0.6787451583284184	0.1499082333799119	0.1831563653070424	
0.25	0.49866359463458376	0.5255046466519856	0.5098036962855013	0.36327681439800746	0.3526687530790816	0.7357997662669576	0.4464448534303541	0.2315191888007671	0.3444327026879158	0.32666775266137826	0.2041276104418468	0.19369202661245813	0.7148464412931054	0.2853721641116608	0.3018389309015613	
0.5	0.5083398391774621	0.5424428261006088	0.5258879629240092	0.37464547466469467	0.3638835465900314	0.7795473100880271	0.4976481120742212	0.33793937184428285	0.40918056502257505	0.3852804133857842	0.24181722345616707	0.2279157871814142	0.7414481495322522	0.38872791151404024	0.38152879749308877	
1.0	0.5652811389604706	0.5309209625363231	0.5222345194204141	0.42169477025524865	0.4158192837231792	0.7935092199929346	0.5227468181829416	0.5405019941090756	0.5106391712861855	0.49870215516186034	0.3808851091958842	0.37365927199452065	0.7871845133520464	0.5084640949187393	0.5044265060955756	
2.0	0.8124469080524179	0.7354909941009847	0.7354898044491909	0.7354909941009847	0.7354898044491909	0.9002178728312277	0.7952434068282992	0.8124469080524179	0.7354909941009847	0.7354898044491909	0.7354909941009847	0.7354898044491909	0.9002178728312277	0.7952434068282992	0.7952434068282992	
4.0	0.9771626297577856	0.967434023443739	0.9674338925755561	0.967434023443739	0.9674338925755561	0.9885615251299826	0.9764526314213849	0.9771626297577856	0.967434023443739	0.9674338925755561	0.967434023443739	0.9674338925755561	0.9885615251299826	0.9764526314213849	0.9764526314213849	
8.0	1.0	1.0	1.0	1.0	1.0	1.0	0.9999999999999998	1.0	1.0	1.0	1.0	1.0	1.0	0.9999999999999998	0.9999999999999998	
16.0	1.0	1.0	1.0	1.0	1.0	1.0	0.9999999999999998	1.0	1.0	1.0	1.0	1.0	1.0	0.9999999999999998	0.9999999999999998	
32.0	1.0	1.0	1.0	1.0	1.0	1.0	0.9999999999999998	1.0	1.0	1.0	1.0	1.0	1.0	0.9999999999999998	0.9999999999999998	
64.0	1.0	1.0	1.0	1.0	1.0	1.0	0.9999999999999998	1.0	1.0	1.0	1.0	1.0	1.0	0.9999999999999998	0.9999999999999998	
128.0	1.0	1.0	1.0	1.0	1.0	1.0	0.9999999999999998	1.0	1.0	1.0	1.0	1.0	1.0	0.9999999999999998	0.9999999999999998	
256.0	1.0	1.0	1.0	1.0	1.0	1.0	0.9999999999999998	1.0	1.0	1.0	1.0	1.0	1.0	0.9999999999999998	0.9999999999999998	
512.0	1.0	1.0	1.0	1.0	1.0	1.0	0.9999999999999998	1.0	1.0	1.0	1.0	1.0	1.0	0.9999999999999998	0.9999999999999998	
1024.0	1.0	1.0	1.0	1.0	1.0	1.0	0.9999999999999998	1.0	1.0	1.0	1.0	1.0	1.0	0.9999999999999998	0.9999999999999998	
