0.03125	0.39059934318555006	0.26635025515554445	0.241004936623845	0.17576780409597664	0.16328833373121604	0.4032506364498577	0.058422298558891236	0.028361694602159204	0.20315997363278634	0.19406169313907085	0.12325872947444642	0.11926014824922518	0.6819302986628956	0.05616316616489388	0.13396047551831147	
0.0625	0.39059934318555006	0.26635025515554445	0.241004936623845	0.17576780409597664	0.16328833373121604	0.4032506364498577	0.058422298558891236	0.028361694602159204	0.20315997363278634	0.19406169313907085	0.12325872947444642	0.11926014824922518	0.6819302986628956	0.05616316616489388	0.13396047551831147	
0.125	0.18666666666666668	0.4822217856635448	0.41411100405322615	0.25887570022459283	0.2276693862648223	0.6132467156903246	0.11783031313630003	0.029093208949324056	0.2718113502675311	0.2532012372627739	0.13500679985929895	0.12677242249896142	0.6834184772909616	0.015671604274926133	0.08815699571883706	
0.25	0.0	0.4623792590241046	0.35235027524116314	0.1868644251578216	0.14239887264077233	0.6534648857865591	0.0	0.0	0.3438584972499913	0.2800609674539426	0.13830202104133824	0.11267556408022461	0.6784452296819788	-0.052817265561205785	0.0	
0.5	0.1224791859389454	0.4053322402963769	0.3294143093996942	0.18511412988039677	0.15354573534346214	0.6845879269888088	0.10977912053833967	0.07808219178082192	0.33920395982313256	0.27544099240137887	0.14836085612066768	0.12196763734560209	0.6854746463781676	0.06720990624153358	0.08574116658918766	
1.0	0.24608880099351915	0.4772081530642285	0.41530972573290476	0.25709244545662935	0.22984278191058446	0.7292946811570513	0.25981195247642186	0.2293535782267885	0.46109721251533353	0.3968997603680619	0.22997317526964273	0.20193695098747333	0.7249992562293301	0.2455048034334803	0.24716495948855632	
2.0	0.7571653967749409	0.7980436348447533	0.7847404381124965	0.660174518857074	0.651469019512949	0.8983492406038653	0.7822014101649412	0.7571653967749409	0.7980436348447533	0.7847404381124965	0.660174518857074	0.651469019512949	0.8983492406038653	0.7822014101649412	0.7822014101649412	
4.0	1.0	1.0	1.0	1.0	1.0	1.0	0.9999999999999998	1.0	1.0	1.0	1.0	1.0	1.0	0.9999999999999998	0.9999999999999998	
8.0	1.0	1.0	1.0	1.0	1.0	1.0	0.9999999999999998	1.0	1.0	1.0	1.0	1.0	1.0	0.9999999999999998	0.9999999999999998	
16.0	1.0	1.0	1.0	1.0	1.0	1.0	0.9999999999999998	1.0	1.0	1.0	1.0	1.0	1.0	0.9999999999999998	0.9999999999999998	
32.0	1.0	1.0	1.0	1.0	1.0	1.0	0.9999999999999998	1.0	1.0	1.0	1.0	1.0	1.0	0.9999999999999998	0.9999999999999998	
64.0	1.0	1.0	1.0	1.0	1.0	1.0	0.9999999999999998	1.0	1.0	1.0	1.0	1.0	1.0	0.9999999999999998	0.9999999999999998	
128.0	1.0	1.0	1.0	1.0	1.0	1.0	0.9999999999999998	1.0	1.0	1.0	1.0	1.0	1.0	0.9999999999999998	0.9999999999999998	
256.0	1.0	1.0	1.0	1.0	1.0	1.0	0.9999999999999998	1.0	1.0	1.0	1.0	1.0	1.0	0.9999999999999998	0.9999999999999998	
512.0	1.0	1.0	1.0	1.0	1.0	1.0	0.9999999999999998	1.0	1.0	1.0	1.0	1.0	1.0	0.9999999999999998	0.9999999999999998	
1024.0	1.0	1.0	1.0	1.0	1.0	1.0	0.9999999999999998	1.0	1.0	1.0	1.0	1.0	1.0	0.9999999999999998	0.9999999999999998	
