0.03125	0.39059934318555006	0.26635025515554445	0.241004936623845	0.17576780409597664	0.16328833373121604	0.4032506364498577	0.058422298558891236	0.028361694602159204	0.20315997363278634	0.19406169313907085	0.12325872947444642	0.11926014824922518	0.6819302986628956	0.05616316616489388	0.13396047551831147	
0.0625	0.39059934318555006	0.26635025515554445	0.241004936623845	0.17576780409597664	0.16328833373121604	0.4032506364498577	0.058422298558891236	0.028361694602159204	0.20315997363278634	0.19406169313907085	0.12325872947444642	0.11926014824922518	0.6819302986628956	0.05616316616489388	0.13396047551831147	
0.125	0.2833333333333333	0.5257447946491192	0.4627461368152117	0.35458160818616036	0.3263338919289477	0.646453402620416	0.1999999999999999	0.04435923788441774	0.2795668395798949	0.2621480556899516	0.15275479890440108	0.14511715160678548	0.6869818930006952	0.07173245304438104	0.11794023323535126	
0.25	0.0	0.4623792590241046	0.35235027524116314	0.1868644251578216	0.14239887264077233	0.6534648857865591	0.0	0.0	0.3438584972499913	0.2800609674539426	0.13830202104133824	0.11267556408022461	0.6784452296819788	-0.052817265561205785	0.0	
0.5	0.11998043531425777	0.4358793550425807	0.35559351363000624	0.19876463161288152	0.16510641940081333	0.6891485837233786	0.12277822510589727	0.07579908675799087	0.36159580828258814	0.294560038625585	0.1581355172306692	0.13024825185533453	0.6879027042236471	0.07353310945694289	0.09545477334367622	
1.0	0.21670484375788784	0.45438489537923105	0.39160015488035005	0.2396711589984434	0.21241612554178455	0.719831469384973	0.2243294225375354	0.20039768806073152	0.4383920742216511	0.37333889303843615	0.21327643411920882	0.1852301583874562	0.7156466829303374	0.21017250475429336	0.2120119583319553	
2.0	0.8265938201906149	0.8183548977728294	0.8129302724508778	0.7472266863770832	0.7433397353887411	0.9227278199388478	0.832031147034955	0.8265938201906149	0.8183548977728294	0.8129302724508778	0.7472266863770832	0.7433397353887411	0.9227278199388478	0.832031147034955	0.832031147034955	
4.0	1.0	1.0	1.0	1.0	1.0	1.0	0.9999999999999998	1.0	1.0	1.0	1.0	1.0	1.0	0.9999999999999998	0.9999999999999998	
8.0	1.0	1.0	1.0	1.0	1.0	1.0	0.9999999999999998	1.0	1.0	1.0	1.0	1.0	1.0	0.9999999999999998	0.9999999999999998	
16.0	1.0	1.0	1.0	1.0	1.0	1.0	0.9999999999999998	1.0	1.0	1.0	1.0	1.0	1.0	0.9999999999999998	0.9999999999999998	
32.0	1.0	1.0	1.0	1.0	1.0	1.0	0.9999999999999998	1.0	1.0	1.0	1.0	1.0	1.0	0.9999999999999998	0.9999999999999998	
64.0	1.0	1.0	1.0	1.0	1.0	1.0	0.9999999999999998	1.0	1.0	1.0	1.0	1.0	1.0	0.9999999999999998	0.9999999999999998	
128.0	1.0	1.0	1.0	1.0	1.0	1.0	0.9999999999999998	1.0	1.0	1.0	1.0	1.0	1.0	0.9999999999999998	0.9999999999999998	
256.0	1.0	1.0	1.0	1.0	1.0	1.0	0.9999999999999998	1.0	1.0	1.0	1.0	1.0	1.0	0.9999999999999998	0.9999999999999998	
512.0	1.0	1.0	1.0	1.0	1.0	1.0	0.9999999999999998	1.0	1.0	1.0	1.0	1.0	1.0	0.9999999999999998	0.9999999999999998	
1024.0	1.0	1.0	1.0	1.0	1.0	1.0	0.9999999999999998	1.0	1.0	1.0	1.0	1.0	1.0	0.9999999999999998	0.9999999999999998	
