0.03125	0.10373514431239388	0.3176860615178944	0.26863035156611575	0.1814594219250731	0.1565622052885006	0.4523158401540683	0.06356746051876362	0.015681803787446956	0.17553940750971372	0.17277044023678612	0.08918738623734598	0.08777032791265905	0.6769362462748226	-0.11284197118864465	0.020978591960883308	
0.0625	0.10373514431239388	0.3176860615178944	0.26863035156611575	0.1814594219250731	0.1565622052885006	0.4523158401540683	0.06356746051876362	0.015681803787446956	0.17553940750971372	0.17277044023678612	0.08918738623734598	0.08777032791265905	0.6769362462748226	-0.11284197118864465	0.020978591960883308	
0.125	0.34125383965200895	0.4345051839600467	0.4084450577553268	0.29151386263195905	0.2750467483650117	0.6390764639890887	0.2757071303888694	0.05358044592906508	0.2215850945379712	0.21505277710094378	0.1273086892672574	0.12362832394102674	0.683860886674052	0.06855986600742342	0.14682799078959488	
0.25	0.2527402783346134	0.38213550773460686	0.348542876309062	0.21544667040221052	0.1973579119104211	0.6733636702611088	0.22489475913296114	0.11387339213506238	0.28042410391164674	0.25490207604240517	0.14566448688676872	0.13276694386099663	0.6895455454380051	0.11378899109611659	0.1705323447490592	
0.5	0.20633331517423253	0.4136359914185146	0.366400682713805	0.20601596623519716	0.18268437277999863	0.7007958591573412	0.24710481289547248	0.13589472836096378	0.33852648785152023	0.29645563864836694	0.16217337575588878	0.1421273822547795	0.6961424321862082	0.1612046985466305	0.2009935533421859	
1.0	0.1753509788043959	0.3919381716951477	0.3420853792138245	0.1873226938603402	0.16374429845512684	0.7017050286319892	0.21670954018766428	0.16423720084569973	0.38124881139658573	0.3299156498572235	0.17720165474514502	0.1534661525627984	0.6998740529889862	0.2004105190883116	0.20816902269390752	
2.0	0.1675991504850755	0.35620599460804814	0.31091421933327024	0.16960716654463953	0.14805763400574729	0.6948844312858851	0.19573917034816307	0.1675991504850755	0.35620599460804814	0.31091421933327024	0.16960716654463953	0.14805763400574729	0.6948844312858851	0.19573917034816307	0.19573917034816307	
4.0	0.186784508112568	0.4455841082997744	0.3863673537350995	0.21232853694983483	0.18496775907932972	0.7145467236277385	0.26346685231235456	0.186784508112568	0.4455841082997744	0.3863673537350995	0.21232853694983483	0.18496775907932972	0.7145467236277385	0.26346685231235456	0.26346685231235456	
8.0	0.12913792015817246	0.43316852687712143	0.363961430816327	0.19866887744122946	0.16821894203434773	0.7029446463101436	0.19455061915473276	0.12913792015817246	0.43316852687712143	0.363961430816327	0.19866887744122946	0.16821894203434773	0.7029446463101436	0.19455061915473276	0.19455061915473276	
16.0	0.4945054945054945	0.7186409288113238	0.6646023536151247	0.5549435433306216	0.5321150125475064	0.8313780918727917	0.5122529848188127	0.4945054945054945	0.7186409288113238	0.6646023536151247	0.5549435433306216	0.5321150125475064	0.8313780918727917	0.5122529848188127	0.5122529848188127	
32.0	0.9266903914590747	0.9391194166662096	0.9358300365721272	0.8996834179501002	0.8973264741203121	0.9689291101055808	0.9325515700820214	0.9266903914590747	0.9391194166662096	0.9358300365721272	0.8996834179501002	0.8973264741203121	0.9689291101055808	0.9325515700820214	0.9325515700820214	
64.0	0.6973262032085562	0.6885597490219365	0.6655716167851107	0.634553228281882	0.6255839822110019	0.7356890459363957	0.5999999999999999	0.6973262032085562	0.6885597490219365	0.6655716167851107	0.634553228281882	0.6255839822110019	0.7356890459363957	0.5999999999999999	0.5999999999999999	
128.0	0.8	0.8885597490219365	0.8655716167851107	0.8345532282818819	0.8255839822110019	0.9356890459363957	0.7999999999999998	0.8	0.8885597490219365	0.8655716167851107	0.8345532282818819	0.8255839822110019	0.9356890459363957	0.7999999999999998	0.7999999999999998	
256.0	0.6734929634762372	0.5314000125781396	0.5313995972303358	0.5314000125781396	0.5313995972303358	0.808318890814558	0.6053882192736636	0.6734929634762372	0.5314000125781396	0.5313995972303358	0.5314000125781396	0.5313995972303358	0.808318890814558	0.6053882192736636	0.6053882192736636	
512.0	0.49006708648931135	0.27442283617013336	0.2744226216783764	0.27442283617013336	0.2744226216783764	0.6752166377816291	0.3313676622428067	0.49006708648931135	0.27442283617013336	0.2744226216783764	0.27442283617013336	0.2744226216783764	0.6752166377816291	0.3313676622428067	0.3313676622428067	
1024.0	0.48501362397820164	0.26812687125380535	0.2681266616830404	0.26812687125380535	0.2681266616830404	0.6724436741767764	0.3256589006379972	0.48501362397820164	0.26812687125380535	0.2681266616830404	0.26812687125380535	0.2681266616830404	0.6724436741767764	0.3256589006379972	0.3256589006379972	
