0.03125	0.6968502294534835	0.14908343327020174	0.14889020401491798	0.14908343327020174	0.14889020401491798	0.4782051282051283	0.35172078846451393	0.07276835696060713	0.15335894651240017	0.15139820363155992	0.1397559517218266	0.13790213011392932	0.6796404043189473	0.20753122225700968	0.18538478536422215	
0.0625	0.6968502294534835	0.14908343327020174	0.14889020401491798	0.14908343327020174	0.14889020401491798	0.4782051282051283	0.35172078846451393	0.07276835696060713	0.15335894651240017	0.15139820363155992	0.1397559517218266	0.13790213011392932	0.6796404043189473	0.20753122225700968	0.18538478536422215	
0.125	0.6053336228108265	0.480910464013763	0.47613252903262404	0.45199707102703374	0.44780106181485496	0.6719057754948267	0.4386917687920121	0.10672268190548481	0.21964373753979566	0.2172161399113305	0.15263826340084857	0.15098659138591994	0.6872278276706507	0.1980667910438963	0.21082124453921597	
0.25	0.507809963065488	0.4864869840569305	0.4730832324884659	0.37932113552860314	0.37035877444316745	0.7313666060992141	0.4460034047539668	0.23976529699827082	0.31528068735713954	0.30053946101207535	0.1963047165167892	0.18747053868809724	0.7125590878528734	0.28539379269465615	0.29624890019511796	
0.5	0.5506481921530465	0.5028768384249489	0.49469355493280337	0.4017847983055164	0.3961767479465343	0.782566567828962	0.5013742562650789	0.3704824203285057	0.3710588171876752	0.35498045175943715	0.2348409042027874	0.22502687940331806	0.7427924676536278	0.3995342669854407	0.3770162570665511	
1.0	0.5231320591273129	0.5180272398600245	0.5035161891833124	0.3546043180508526	0.3450129052401217	0.7834512081823986	0.5027763099616018	0.49660885153617684	0.4953867447953472	0.4773472593193123	0.3096665225255709	0.2987227984468846	0.7757029934104961	0.4865103756579511	0.4823316451193942	
2.0	0.8280663276153628	0.8034409909214204	0.798042601484007	0.6798466672698256	0.6759785151142157	0.9211737272163774	0.8323197987263076	0.8280663276153628	0.8034409909214204	0.798042601484007	0.6798466672698256	0.6759785151142157	0.9211737272163774	0.8323197987263076	0.8323197987263076	
4.0	0.8499255327487933	0.8392566909091697	0.8361231239578946	0.8036366489457819	0.8013891703102811	0.9289005653593831	0.8482454100969324	0.8499255327487933	0.8392566909091697	0.8361231239578946	0.8036366489457819	0.8013891703102811	0.9289005653593831	0.8482454100969324	0.8482454100969324	
8.0	0.9773195876288661	0.9673008177811184	0.9672996234935909	0.9673008177811184	0.9672996234935909	0.9884816753926702	0.9764705928578084	0.9773195876288661	0.9673008177811184	0.9672996234935909	0.9673008177811184	0.9672996234935909	0.9884816753926702	0.9764705928578084	0.9764705928578084	
16.0	1.0	1.0	1.0	1.0	1.0	1.0	0.9999999999999998	1.0	1.0	1.0	1.0	1.0	1.0	0.9999999999999998	0.9999999999999998	
32.0	1.0	1.0	1.0	1.0	1.0	1.0	0.9999999999999998	1.0	1.0	1.0	1.0	1.0	1.0	0.9999999999999998	0.9999999999999998	
64.0	1.0	1.0	1.0	1.0	1.0	1.0	0.9999999999999998	1.0	1.0	1.0	1.0	1.0	1.0	0.9999999999999998	0.9999999999999998	
128.0	1.0	1.0	1.0	1.0	1.0	1.0	0.9999999999999998	1.0	1.0	1.0	1.0	1.0	1.0	0.9999999999999998	0.9999999999999998	
256.0	1.0	1.0	1.0	1.0	1.0	1.0	0.9999999999999998	1.0	1.0	1.0	1.0	1.0	1.0	0.9999999999999998	0.9999999999999998	
512.0	1.0	1.0	1.0	1.0	1.0	1.0	0.9999999999999998	1.0	1.0	1.0	1.0	1.0	1.0	0.9999999999999998	0.9999999999999998	
1024.0	1.0	1.0	1.0	1.0	1.0	1.0	0.9999999999999998	1.0	1.0	1.0	1.0	1.0	1.0	0.9999999999999998	0.9999999999999998	
