0.03125	0.6174775458570525	0.1965387619238661	0.19503617608419158	0.18299229650930726	0.18158207962836634	0.5338921352619983	0.3266157581686956	0.06367861231779463	0.16382718296622842	0.16169865023526192	0.13466435991148124	0.13283391708151873	0.6787935276528725	0.1490294664568627	0.16345290061638035	
0.0625	0.6174775458570525	0.1965387619238661	0.19503617608419158	0.18299229650930726	0.18158207962836634	0.5338921352619983	0.3266157581686956	0.06367861231779463	0.16382718296622842	0.16169865023526192	0.13466435991148124	0.13283391708151873	0.6787935276528725	0.1490294664568627	0.16345290061638035	
0.125	0.5513418915953479	0.47906231853386466	0.4720939047116953	0.4077834602386073	0.4020859745032183	0.6528012170241201	0.3803720825417086	0.09769075706191	0.2285360584037373	0.2252340315925554	0.15165818326782352	0.14952955519642758	0.6860235944223472	0.1682725630837984	0.19634983241579024	
0.25	0.3899140899938072	0.4820344415635104	0.45519705292272283	0.2920173065172083	0.27619512845946276	0.6995837177241511	0.3517627216654048	0.17830768710774517	0.32828011758934283	0.3055923106220705	0.17889546735216982	0.16664514105486952	0.7012432798023713	0.20393869272586612	0.24525103215952276	
0.5	0.4464964735506675	0.49471116942212373	0.47592986266878984	0.32511615599259835	0.31331182965663085	0.7533700186489464	0.4213280982730966	0.298091920370818	0.38290016012108496	0.3580688277487443	0.22012573234113658	0.20605028902563666	0.728467148408192	0.3295406618727844	0.3302316286990121	
1.0	0.5387254885516877	0.5784314795115252	0.5591060179363774	0.42437633938409663	0.41276264503784726	0.8056198368838858	0.5498916715320217	0.5119358861636245	0.5497960196235576	0.5280258372581603	0.34918978562708564	0.3365893297931735	0.7961382014660016	0.5325462404303368	0.525755047818457	
2.0	0.8718767518699255	0.8582856124911865	0.8540947557963866	0.7758005340917686	0.7727973155086965	0.9413722707093258	0.8757849011443067	0.8718767518699255	0.8582856124911865	0.8540947557963866	0.7758005340917686	0.7727973155086965	0.9413722707093258	0.8757849011443067	0.8757849011443067	
4.0	1.0	1.0	1.0	1.0	1.0	1.0	0.9999999999999998	1.0	1.0	1.0	1.0	1.0	1.0	0.9999999999999998	0.9999999999999998	
8.0	1.0	1.0	1.0	1.0	1.0	1.0	0.9999999999999998	1.0	1.0	1.0	1.0	1.0	1.0	0.9999999999999998	0.9999999999999998	
16.0	1.0	1.0	1.0	1.0	1.0	1.0	0.9999999999999998	1.0	1.0	1.0	1.0	1.0	1.0	0.9999999999999998	0.9999999999999998	
32.0	1.0	1.0	1.0	1.0	1.0	1.0	0.9999999999999998	1.0	1.0	1.0	1.0	1.0	1.0	0.9999999999999998	0.9999999999999998	
64.0	1.0	1.0	1.0	1.0	1.0	1.0	0.9999999999999998	1.0	1.0	1.0	1.0	1.0	1.0	0.9999999999999998	0.9999999999999998	
128.0	1.0	1.0	1.0	1.0	1.0	1.0	0.9999999999999998	1.0	1.0	1.0	1.0	1.0	1.0	0.9999999999999998	0.9999999999999998	
256.0	1.0	1.0	1.0	1.0	1.0	1.0	0.9999999999999998	1.0	1.0	1.0	1.0	1.0	1.0	0.9999999999999998	0.9999999999999998	
512.0	1.0	1.0	1.0	1.0	1.0	1.0	0.9999999999999998	1.0	1.0	1.0	1.0	1.0	1.0	0.9999999999999998	0.9999999999999998	
1024.0	1.0	1.0	1.0	1.0	1.0	1.0	0.9999999999999998	1.0	1.0	1.0	1.0	1.0	1.0	0.9999999999999998	0.9999999999999998	
