0.03125	0.2807284285422681	0.2877959362991319	0.2696418178203201	0.1979448214811661	0.18591684428722274	0.4515873015873016	0.1311328971359827	0.031042526816249437	0.1909101325990847	0.18726557738006708	0.1131197894546025	0.11110165084506515	0.6816420607451471	-0.011698554429289599	0.12403406554264765	
0.0625	0.26263319044703	0.27106591540775715	0.25393117599641896	0.18779755087291444	0.17638785833726311	0.4404761904761905	0.09476324876331728	0.0295403581925321	0.18499038913988236	0.18148054581724377	0.10987096536150073	0.10792675820821651	0.6806874068071996	-0.024408048924427057	0.11003651489971018	
0.125	0.33979820443126596	0.48303577976498924	0.4493491884144468	0.3059239779523414	0.2856816006875863	0.6491406993784966	0.31154946896939817	0.0558420854507811	0.24873619223446314	0.24002120161041346	0.13854122729476023	0.13374846163073126	0.686603346807094	0.07886513343945906	0.16623578764058705	
0.25	0.31456596230385914	0.4575356396087895	0.4245019789915244	0.2659475897558464	0.24683352027573977	0.6991221405190942	0.31266415996469155	0.13593552526534022	0.3163018828087422	0.2912909467657427	0.1684973650423013	0.15525636473868099	0.6972694494665929	0.16603924381218216	0.22075058889818794	
0.5	0.3421140192966162	0.44723860335085225	0.4175664996987122	0.25770264583613806	0.24079375691063035	0.7288427170378233	0.3523983929057118	0.22701985602403743	0.355147316524326	0.32372626611218924	0.1879720741509882	0.17140315697237457	0.7136197530664423	0.25961078822823463	0.28019513145152	
1.0	0.46913090062821583	0.5540359143599609	0.528576982365494	0.34907401861869025	0.33359175507603334	0.7826989697637953	0.49660912258009127	0.44575696252458974	0.5336896261229522	0.5048544554602694	0.31194233443927893	0.29536587581962037	0.7762154365447259	0.48026921316039645	0.47909612079433017	
2.0	0.9307741330834114	0.9102235591321541	0.9071128523577293	0.8539878423807	0.8521006334331102	0.9683558892291482	0.934241956456894	0.9307741330834114	0.9102235591321541	0.9071128523577293	0.8539878423807	0.8521006334331102	0.9683558892291482	0.934241956456894	0.934241956456894	
4.0	1.0	1.0	1.0	1.0	1.0	1.0	0.9999999999999998	1.0	1.0	1.0	1.0	1.0	1.0	0.9999999999999998	0.9999999999999998	
8.0	1.0	1.0	1.0	1.0	1.0	1.0	0.9999999999999998	1.0	1.0	1.0	1.0	1.0	1.0	0.9999999999999998	0.9999999999999998	
16.0	1.0	1.0	1.0	1.0	1.0	1.0	0.9999999999999998	1.0	1.0	1.0	1.0	1.0	1.0	0.9999999999999998	0.9999999999999998	
32.0	1.0	1.0	1.0	1.0	1.0	1.0	0.9999999999999998	1.0	1.0	1.0	1.0	1.0	1.0	0.9999999999999998	0.9999999999999998	
64.0	0.7628358516558015	0.6612442259810433	0.6612437434031978	0.6612442259810433	0.6612437434031978	0.8612266512613133	0.7145821152367705	0.7628358516558015	0.6612442259810433	0.6612437434031978	0.6612442259810433	0.6612437434031978	0.8612266512613133	0.7145821152367705	0.7145821152367705	
128.0	0.48663101604278075	0.0	0.0	0.0	0.0	0.0	0.0	0.48663101604278075	0.0	0.0	0.0	0.0	0.0	0.0	0.0	
256.0	0.48663101604278075	0.0	0.0	0.0	0.0	0.0	0.0	0.48663101604278075	0.0	0.0	0.0	0.0	0.0	0.0	0.0	
512.0	0.48663101604278075	0.0	0.0	0.0	0.0	0.0	0.0	0.48663101604278075	0.0	0.0	0.0	0.0	0.0	0.0	0.0	
1024.0	0.48663101604278075	0.0	0.0	0.0	0.0	0.0	0.0	0.48663101604278075	0.0	0.0	0.0	0.0	0.0	0.0	0.0	
