0.03125	0.3778395368072787	0.20840239040217953	0.20331654088501344	0.1646075119579577	0.16056647510113414	0.38095095879141005	0.035739207611779164	0.04507490760836581	0.16327218369997912	0.1617615450301972	0.11031350973294211	0.10936795886849655	0.6764239770337346	0.015552307508558526	0.11523091156788194	
0.0625	0.3778395368072787	0.20840239040217953	0.20331654088501344	0.1646075119579577	0.16056647510113414	0.38095095879141005	0.035739207611779164	0.04507490760836581	0.16327218369997912	0.1617615450301972	0.11031350973294211	0.10936795886849655	0.6764239770337346	0.015552307508558526	0.11523091156788194	
0.125	0.466132907100649	0.46926725146765824	0.4528946954737926	0.37943926921233184	0.3684952253935362	0.6400365147516308	0.3288260359709196	0.082880209186846	0.23171799580880492	0.2270053052368503	0.1483616919869572	0.14554505874931317	0.6847722694112423	0.13027817146667328	0.1784259873499669	
0.25	0.3555988249184627	0.4901538548536359	0.4595986196329472	0.2906817767167107	0.27265233377854237	0.7032377480474749	0.33397342465394403	0.16092487157193197	0.3370876133582684	0.3124152389433154	0.18212464438203285	0.16884141755917437	0.7019890766635826	0.1927731690906795	0.23949907464083714	
0.5	0.4517302917635354	0.5471981924446595	0.523122208017404	0.35331784127026233	0.3386128554661436	0.7681984483466449	0.4585976684177681	0.29755075380825546	0.42110287357901893	0.3915625556081658	0.23892108091291023	0.2224585768798764	0.7361609959679255	0.3535041252740532	0.358029844126348	
1.0	0.45821199791701783	0.48637778461954595	0.4667319984177866	0.310263140958293	0.29798761587860284	0.7674725353477887	0.45491141690325065	0.43550423448746944	0.46677874182216844	0.4437757709308195	0.27261652910927103	0.2592910417712624	0.7613956190274056	0.4394244417967075	0.43777150504509504	
2.0	0.8314711497019959	0.832700301154409	0.825454310827139	0.7100433138718418	0.7048513349262382	0.9253342770456598	0.8402472588111806	0.8314711497019959	0.832700301154409	0.825454310827139	0.7100433138718418	0.7048513349262382	0.9253342770456598	0.8402472588111806	0.8402472588111806	
4.0	1.0	1.0	1.0	1.0	1.0	1.0	0.9999999999999998	1.0	1.0	1.0	1.0	1.0	1.0	0.9999999999999998	0.9999999999999998	
8.0	1.0	1.0	1.0	1.0	1.0	1.0	0.9999999999999998	1.0	1.0	1.0	1.0	1.0	1.0	0.9999999999999998	0.9999999999999998	
16.0	1.0	1.0	1.0	1.0	1.0	1.0	0.9999999999999998	1.0	1.0	1.0	1.0	1.0	1.0	0.9999999999999998	0.9999999999999998	
32.0	1.0	1.0	1.0	1.0	1.0	1.0	0.9999999999999998	1.0	1.0	1.0	1.0	1.0	1.0	0.9999999999999998	0.9999999999999998	
64.0	1.0	1.0	1.0	1.0	1.0	1.0	0.9999999999999998	1.0	1.0	1.0	1.0	1.0	1.0	0.9999999999999998	0.9999999999999998	
128.0	1.0	1.0	1.0	1.0	1.0	1.0	0.9999999999999998	1.0	1.0	1.0	1.0	1.0	1.0	0.9999999999999998	0.9999999999999998	
256.0	1.0	1.0	1.0	1.0	1.0	1.0	0.9999999999999998	1.0	1.0	1.0	1.0	1.0	1.0	0.9999999999999998	0.9999999999999998	
512.0	1.0	1.0	1.0	1.0	1.0	1.0	0.9999999999999998	1.0	1.0	1.0	1.0	1.0	1.0	0.9999999999999998	0.9999999999999998	
1024.0	1.0	1.0	1.0	1.0	1.0	1.0	0.9999999999999998	1.0	1.0	1.0	1.0	1.0	1.0	0.9999999999999998	0.9999999999999998	
