0.03125	0.5495098039215687	0.2593209235019483	0.23712058427721025	0.20140474378783732	0.19112397512386708	0.5695652173913043	0.3288041217978473	0.04184785186661946	0.20157543604934175	0.1920701425075674	0.14636030944985215	0.14162650168221094	0.6831589870116923	0.144729562728421	0.16030852677589452	
0.0625	0.5495098039215687	0.2593209235019483	0.23712058427721025	0.20140474378783732	0.19112397512386708	0.5695652173913043	0.3288041217978473	0.04184785186661946	0.20157543604934175	0.1920701425075674	0.14636030944985215	0.14162650168221094	0.6831589870116923	0.144729562728421	0.16030852677589452	
0.125	0.2833333333333333	0.5257447946491192	0.4627461368152117	0.35458160818616036	0.3263338919289477	0.646453402620416	0.1999999999999999	0.04435923788441774	0.2795668395798949	0.2621480556899516	0.15275479890440108	0.14511715160678548	0.6869818930006952	0.07173245304438104	0.11794023323535126	
0.25	0.0	0.4623792590241046	0.35235027524116314	0.1868644251578216	0.14239887264077233	0.6534648857865591	0.0	0.0	0.3438584972499913	0.2800609674539426	0.13830202104133824	0.11267556408022461	0.6784452296819788	-0.052817265561205785	0.0	
0.5	0.10912502932207366	0.41853548043197975	0.3392070353821557	0.18824503990334057	0.1551675179387778	0.6820689377056794	0.10112494662746656	0.06933333333333333	0.3488309431383245	0.28283325531514475	0.1511300107063263	0.12381245672061167	0.6837360375569804	0.05721077615625976	0.07885476196228951	
1.0	0.26064716165030877	0.49011697615682265	0.4290253740273333	0.26850745623606936	0.24145808124441176	0.7319639701573107	0.2722589669948571	0.24279677497771654	0.4727693920901693	0.4092425734682242	0.2383905587670386	0.2105365214189475	0.7272202000615546	0.25746385424023577	0.25861200713427673	
2.0	0.7718974823839206	0.757605381575335	0.7486305666997112	0.5903102801488845	0.5838795071868644	0.8983879250580177	0.7839759673716814	0.7718974823839206	0.757605381575335	0.7486305666997112	0.5903102801488845	0.5838795071868644	0.8983879250580177	0.7839759673716814	0.7839759673716814	
4.0	1.0	1.0	1.0	1.0	1.0	1.0	0.9999999999999998	1.0	1.0	1.0	1.0	1.0	1.0	0.9999999999999998	0.9999999999999998	
8.0	1.0	1.0	1.0	1.0	1.0	1.0	0.9999999999999998	1.0	1.0	1.0	1.0	1.0	1.0	0.9999999999999998	0.9999999999999998	
16.0	1.0	1.0	1.0	1.0	1.0	1.0	0.9999999999999998	1.0	1.0	1.0	1.0	1.0	1.0	0.9999999999999998	0.9999999999999998	
32.0	1.0	1.0	1.0	1.0	1.0	1.0	0.9999999999999998	1.0	1.0	1.0	1.0	1.0	1.0	0.9999999999999998	0.9999999999999998	
64.0	1.0	1.0	1.0	1.0	1.0	1.0	0.9999999999999998	1.0	1.0	1.0	1.0	1.0	1.0	0.9999999999999998	0.9999999999999998	
128.0	1.0	1.0	1.0	1.0	1.0	1.0	0.9999999999999998	1.0	1.0	1.0	1.0	1.0	1.0	0.9999999999999998	0.9999999999999998	
256.0	1.0	1.0	1.0	1.0	1.0	1.0	0.9999999999999998	1.0	1.0	1.0	1.0	1.0	1.0	0.9999999999999998	0.9999999999999998	
512.0	1.0	1.0	1.0	1.0	1.0	1.0	0.9999999999999998	1.0	1.0	1.0	1.0	1.0	1.0	0.9999999999999998	0.9999999999999998	
1024.0	1.0	1.0	1.0	1.0	1.0	1.0	0.9999999999999998	1.0	1.0	1.0	1.0	1.0	1.0	0.9999999999999998	0.9999999999999998	
