0.03125	0.3193756967670011	0.21775949754704665	0.20645688340749663	0.15969265498592242	0.15171073580277486	0.41036293514813016	0.04177895805246852	0.03150859744709161	0.16417234776895834	0.16204937460313276	0.10570667907382561	0.1044577227748161	0.6785883908049358	-0.0033378041860000927	0.10729519425860531	
0.0625	0.3193756967670011	0.21775949754704665	0.20645688340749663	0.15969265498592242	0.15171073580277486	0.41036293514813016	0.04177895805246852	0.03150859744709161	0.16417234776895834	0.16204937460313276	0.10570667907382561	0.1044577227748161	0.6785883908049358	-0.0033378041860000927	0.10729519425860531	
0.125	0.3428574728574728	0.41781279936579246	0.39461059488125894	0.2737004360851444	0.25880196586918797	0.6201379080743636	0.24060072599915322	0.0576291258603945	0.22270777396812358	0.21633306005184486	0.12863552897379066	0.1250045711547716	0.6835567659240548	0.07307701259079916	0.14827135379481865	
0.25	0.32109539122001085	0.4632703415547842	0.43036060119149255	0.2698159737687792	0.25087441350071515	0.6991297524083412	0.3092033028471514	0.14696108456696536	0.3231785814463854	0.2980699570643134	0.17228902955310363	0.1589372518391424	0.6998759259785491	0.1683922910261561	0.2219103507910282	
0.5	0.3676958943378931	0.5001125384931883	0.4697926706834097	0.2953294977750843	0.27759415374757695	0.7403529630508772	0.3821051803470266	0.2433816310786316	0.39377559275079277	0.36080610075819186	0.21216606089408474	0.19446513903001222	0.720631344782938	0.2859507530185726	0.3033845172888448	
1.0	0.42467947964289826	0.46439667413861907	0.44440482785817065	0.30330274911115435	0.2911276582439465	0.7562896609548964	0.4164441558894678	0.40326920042202036	0.4475495990405468	0.4244704966258463	0.2696404275025338	0.2564505394886061	0.7510892697385867	0.40221390521141787	0.4007324815091618	
2.0	0.7964603318316108	0.8294458851394975	0.8180299568935274	0.6910020875967364	0.6834350734067842	0.9143108983095374	0.8162264071848405	0.7964603318316108	0.8294458851394975	0.8180299568935274	0.6910020875967364	0.6834350734067842	0.9143108983095374	0.8162264071848405	0.8162264071848405	
4.0	1.0	1.0	1.0	1.0	1.0	1.0	0.9999999999999998	1.0	1.0	1.0	1.0	1.0	1.0	0.9999999999999998	0.9999999999999998	
8.0	1.0	1.0	1.0	1.0	1.0	1.0	0.9999999999999998	1.0	1.0	1.0	1.0	1.0	1.0	0.9999999999999998	0.9999999999999998	
16.0	1.0	1.0	1.0	1.0	1.0	1.0	0.9999999999999998	1.0	1.0	1.0	1.0	1.0	1.0	0.9999999999999998	0.9999999999999998	
32.0	1.0	1.0	1.0	1.0	1.0	1.0	0.9999999999999998	1.0	1.0	1.0	1.0	1.0	1.0	0.9999999999999998	0.9999999999999998	
64.0	1.0	1.0	1.0	1.0	1.0	1.0	0.9999999999999998	1.0	1.0	1.0	1.0	1.0	1.0	0.9999999999999998	0.9999999999999998	
128.0	1.0	1.0	1.0	1.0	1.0	1.0	0.9999999999999998	1.0	1.0	1.0	1.0	1.0	1.0	0.9999999999999998	0.9999999999999998	
256.0	1.0	1.0	1.0	1.0	1.0	1.0	0.9999999999999998	1.0	1.0	1.0	1.0	1.0	1.0	0.9999999999999998	0.9999999999999998	
512.0	1.0	1.0	1.0	1.0	1.0	1.0	0.9999999999999998	1.0	1.0	1.0	1.0	1.0	1.0	0.9999999999999998	0.9999999999999998	
1024.0	1.0	1.0	1.0	1.0	1.0	1.0	0.9999999999999998	1.0	1.0	1.0	1.0	1.0	1.0	0.9999999999999998	0.9999999999999998	
