0.03125	0.23880293619424053	0.2528907120607699	0.23610618341944867	0.17674530753772957	0.16497288857990444	0.44371615312791785	0.07948744193144644	0.026479182512187904	0.16800953278664554	0.16606746606699363	0.10065203979476342	0.09954579291689285	0.6784081907729279	-0.04132335688614221	0.0931615352542516	
0.0625	0.27346889952153114	0.2511490614301134	0.23784940019950102	0.18565344080753796	0.1759293927076122	0.444075021312873	0.09629779853679918	0.03010311769218716	0.16958842589903397	0.16762811651555887	0.10564029167334095	0.10452942272625414	0.6792291349645202	-0.018923934623899335	0.10685085891949982	
0.125	0.3155286320803562	0.42628855505327073	0.39843883393463797	0.2740939172837985	0.25698237638632365	0.6302914499132986	0.2501422999744607	0.0507006641128626	0.22343573803038472	0.21621875442058486	0.12541248336343708	0.12142081113612158	0.6838435985244947	0.058470123785749915	0.1422507464037242	
0.25	0.2967515131498	0.40503030545560226	0.3754494461525334	0.23271879168777318	0.21576272820288772	0.6839861877140245	0.2661987431265033	0.13492921388776344	0.2918629833347334	0.26827233543652046	0.15448228308271345	0.14206653908052153	0.694297685506426	0.14437028072167055	0.19681271589062707	
0.5	0.3296479923882411	0.4446123160200706	0.41391719330593074	0.2554855098447253	0.23799155011382145	0.7252941850668763	0.3419338092303316	0.21850317065432376	0.35365079336658856	0.32189412507971715	0.1873095067583035	0.1705440089724377	0.7113085050807194	0.2505139354567635	0.2727587570068456	
1.0	0.32057469940260674	0.3510023973730362	0.3285620888404151	0.2035560497249696	0.19077147044409506	0.7157956911728739	0.2991322068900536	0.3045133131494343	0.34042708504988406	0.31566699289780326	0.18753079904055778	0.17415188592030403	0.7128135798316075	0.2859672672727644	0.2878970977551178	
2.0	0.5014324989615224	0.45327415761471634	0.4419380912569748	0.31560917273478273	0.3081823202631071	0.7735567860432928	0.4687882878370101	0.5014324989615224	0.45327415761471634	0.4419380912569748	0.31560917273478273	0.3081823202631071	0.7735567860432928	0.4687882878370101	0.4687882878370101	
4.0	0.7822387839149405	0.788192504270671	0.7790123226078579	0.6680239214541257	0.6619781323714818	0.9071600696185902	0.7904796228378504	0.7822387839149405	0.788192504270671	0.7790123226078579	0.6680239214541257	0.6619781323714818	0.9071600696185902	0.7904796228378504	0.7904796228378504	
8.0	0.9773195876288661	0.9673008177811184	0.9672996234935909	0.9673008177811184	0.9672996234935909	0.9884816753926702	0.9764705928578085	0.9773195876288661	0.9673008177811184	0.9672996234935909	0.9673008177811184	0.9672996234935909	0.9884816753926702	0.9764705928578085	0.9764705928578085	
16.0	0.9546391752577319	0.9346016355622366	0.9345992469871819	0.9346016355622366	0.9345992469871819	0.9769633507853402	0.9529411857156169	0.9546391752577319	0.9346016355622366	0.9345992469871819	0.9346016355622366	0.9345992469871819	0.9769633507853402	0.9529411857156169	0.9529411857156169	
32.0	0.7358832881324231	0.6185438927816789	0.6185402029334972	0.6185438927816789	0.6185402029334972	0.8285936384952596	0.6527984252359325	0.7358832881324231	0.6185438927816789	0.6185402029334972	0.6185438927816789	0.6185402029334972	0.8285936384952596	0.6527984252359325	0.6527984252359325	
64.0	0.48663101604278075	0.0	0.0	0.0	0.0	0.0	0.0	0.48663101604278075	0.0	0.0	0.0	0.0	0.0	0.0	0.0	
128.0	0.48663101604278075	0.0	0.0	0.0	0.0	0.0	0.0	0.48663101604278075	0.0	0.0	0.0	0.0	0.0	0.0	0.0	
256.0	0.48663101604278075	0.0	0.0	0.0	0.0	0.0	0.0	0.48663101604278075	0.0	0.0	0.0	0.0	0.0	0.0	0.0	
512.0	0.48663101604278075	0.0	0.0	0.0	0.0	0.0	0.0	0.48663101604278075	0.0	0.0	0.0	0.0	0.0	0.0	0.0	
1024.0	0.48663101604278075	0.0	0.0	0.0	0.0	0.0	0.0	0.48663101604278075	0.0	0.0	0.0	0.0	0.0	0.0	0.0	
