0.03125	0.2940990990990991	0.23016104757923728	0.22097063591318888	0.1824569019549092	0.17560855087029634	0.4356716599683351	0.08890227675210136	0.02880484978226567	0.16381807722369285	0.1616918344211144	0.10381720301801711	0.10265608114228883	0.6792293001879417	-0.014366179185461275	0.10719332775992034	
0.0625	0.21397534998734397	0.2477744674201081	0.2277820052256291	0.1619041848326719	0.1485556537020431	0.43912308302316366	0.06205580004193867	0.023601712156456678	0.16866884960256523	0.16638614960165463	0.0988145036391117	0.09755475843369174	0.6780703442444296	-0.05055080339862291	0.08788005021312066	
0.125	0.3287535453052694	0.4352523867051607	0.40748343340667426	0.28176380970140263	0.26452348790721386	0.6326066817285227	0.2671120166393221	0.05413456109108283	0.2267638467146758	0.21963961255599757	0.12799425319887917	0.12400167827325634	0.68400680004901	0.0648137062977584	0.14956118284188974	
0.25	0.26356845542340535	0.4046487931942074	0.36976891783413024	0.22207596623638626	0.2029334847732666	0.6836620464407361	0.25475491974039866	0.12006265421619115	0.2935782979442488	0.26772083393112134	0.15072812394102814	0.13745245926191935	0.6938047777072532	0.1259644655609857	0.18756559972206327	
0.5	0.3197816690089336	0.4083781545035558	0.3813489582509029	0.23680780646198923	0.2212629541675925	0.7183165917425258	0.31391717253013385	0.2122675229394861	0.3281311899215657	0.29907637220200806	0.1746623750500253	0.15925203841684657	0.707521194548759	0.23200280252649982	0.25151214061320504	
1.0	0.32518074884649356	0.3884604194936365	0.3631148818556587	0.2235446536502282	0.20907396422489605	0.7205763378131708	0.3114798438744779	0.30962697215226254	0.3785683183460846	0.3510999979234757	0.20801894896100376	0.19310591166539545	0.7180039912179781	0.2988249198369003	0.30092338149119635	
2.0	0.6331239085639613	0.6445351326847149	0.6319113913102095	0.4930015460800141	0.48448391561325843	0.8359060213234297	0.6383743244315865	0.6331239085639613	0.6445351326847149	0.6319113913102095	0.4930015460800141	0.48448391561325843	0.8359060213234297	0.6383743244315865	0.6383743244315865	
4.0	0.8628246908800541	0.8362626732124415	0.8315589785026394	0.7125958649913355	0.7092255204563818	0.937126267237948	0.8661973855336538	0.8628246908800541	0.8362626732124415	0.8315589785026394	0.7125958649913355	0.7092255204563818	0.937126267237948	0.8661973855336538	0.8661973855336538	
8.0	1.0	1.0	1.0	1.0	1.0	1.0	0.9999999999999998	1.0	1.0	1.0	1.0	1.0	1.0	0.9999999999999998	0.9999999999999998	
16.0	1.0	1.0	1.0	1.0	1.0	1.0	0.9999999999999998	1.0	1.0	1.0	1.0	1.0	1.0	0.9999999999999998	0.9999999999999998	
32.0	1.0	1.0	1.0	1.0	1.0	1.0	0.9999999999999998	1.0	1.0	1.0	1.0	1.0	1.0	0.9999999999999998	0.9999999999999998	
64.0	1.0	1.0	1.0	1.0	1.0	1.0	0.9999999999999998	1.0	1.0	1.0	1.0	1.0	1.0	0.9999999999999998	0.9999999999999998	
128.0	1.0	1.0	1.0	1.0	1.0	1.0	0.9999999999999998	1.0	1.0	1.0	1.0	1.0	1.0	0.9999999999999998	0.9999999999999998	
256.0	1.0	1.0	1.0	1.0	1.0	1.0	0.9999999999999998	1.0	1.0	1.0	1.0	1.0	1.0	0.9999999999999998	0.9999999999999998	
512.0	1.0	1.0	1.0	1.0	1.0	1.0	0.9999999999999998	1.0	1.0	1.0	1.0	1.0	1.0	0.9999999999999998	0.9999999999999998	
1024.0	1.0	1.0	1.0	1.0	1.0	1.0	0.9999999999999998	1.0	1.0	1.0	1.0	1.0	1.0	0.9999999999999998	0.9999999999999998	
