0.03125	0.15238095238095237	0.3661212654703322	0.3486756273657294	0.27284771111230277	0.2616616170376349	0.42666666666666664	0.1402378300983031	0.0036523476523476527	0.14546985281166708	0.14474797977424475	0.08330621687143663	0.08288124379129913	0.6786219659597601	-0.07330089623422949	0.027011965260200537	
0.0625	0.3194805194805195	0.2531883836815744	0.24183473577882014	0.18315016034707784	0.17515878917426045	0.36051282051282046	0.10012805261407547	0.019721785460915898	0.18986837726529276	0.18965391693537154	0.12236380961122126	0.12223767555429585	0.6812275402322795	-0.024593577405051144	0.13497283012248681	
0.125	0.38610021816799167	0.5306040123962663	0.506427091677969	0.34021500617428213	0.3252590420632694	0.7224338624338624	0.34104247562795575	0.058830482022640386	0.23664324694683878	0.22947851795583948	0.1336908454660704	0.12966345039491767	0.6857162251200515	0.1381066131148023	0.15055505888127713	
0.25	0.32351154045735325	0.5294875313798282	0.4911866752373787	0.30047200450404415	0.2791698281037542	0.7325643398426115	0.3446476193464973	0.1063491868681588	0.3168676966655727	0.293517775063823	0.16592462209210695	0.15382524002558376	0.6946156551991622	0.18146979591031334	0.20376373791002922	
0.5	0.23827516175728264	0.4018019144709336	0.3600322806355606	0.20096544459775384	0.18029613262771832	0.7172959874948995	0.2753321126403566	0.15928416234231535	0.3234641608606139	0.2850965768542687	0.15511297789038822	0.13681447059390917	0.7012684415759667	0.20580504528950763	0.21839396404905181	
1.0	0.20378006672234478	0.43332892067880335	0.3807626369439482	0.2082584044690355	0.18305327594627813	0.711899752417027	0.2652858912308032	0.17813905172562663	0.4087646148701438	0.35449165338112393	0.19024325949534732	0.16502954884952456	0.7066777364703947	0.2315919600361705	0.24540980627599368	
2.0	0.3535917273709874	0.6096939430312769	0.5534578878948455	0.3180487439701566	0.28959900944653505	0.7648976303550515	0.45659433808542466	0.3402361043167136	0.6024486723226982	0.543779937758107	0.3086591128350812	0.2796860150056057	0.7616270206431504	0.43714044948030306	0.44577046056798864	
4.0	0.45555151306418773	0.6326501928289308	0.5937344336627282	0.3669871963895849	0.3448389520761797	0.7893529830280067	0.5247360116666273	0.45555151306418773	0.6326501928289308	0.5937344336627282	0.3669871963895849	0.3448389520761797	0.7893529830280067	0.5247360116666273	0.5247360116666273	
8.0	0.4991524316531916	0.6448068578700297	0.6128819165220765	0.39109512889113934	0.3717316731540782	0.7995638831287177	0.5523614214372803	0.4991524316531916	0.6448068578700297	0.6128819165220765	0.39109512889113934	0.3717316731540782	0.7995638831287177	0.5523614214372803	0.5523614214372803	
16.0	0.4753521126760563	0.6176144741431735	0.5866347600965968	0.3746021144501302	0.3558119680517513	0.7880512091038406	0.5198021565411983	0.4753521126760563	0.6176144741431735	0.5866347600965968	0.3746021144501302	0.3558119680517513	0.7880512091038406	0.5198021565411983	0.5198021565411983	
32.0	0.4753521126760563	0.6176144741431735	0.5866347600965968	0.3746021144501302	0.3558119680517513	0.7880512091038406	0.5198021565411983	0.4753521126760563	0.6176144741431735	0.5866347600965968	0.3746021144501302	0.3558119680517513	0.7880512091038406	0.5198021565411983	0.5198021565411983	
64.0	0.4753521126760563	0.6176144741431735	0.5866347600965968	0.3746021144501302	0.3558119680517513	0.7880512091038406	0.5198021565411983	0.4753521126760563	0.6176144741431735	0.5866347600965968	0.3746021144501302	0.3558119680517513	0.7880512091038406	0.5198021565411983	0.5198021565411983	
128.0	0.4753521126760563	0.6176144741431735	0.5866347600965968	0.3746021144501302	0.3558119680517513	0.7880512091038406	0.5198021565411983	0.4753521126760563	0.6176144741431735	0.5866347600965968	0.3746021144501302	0.3558119680517513	0.7880512091038406	0.5198021565411983	0.5198021565411983	
256.0	0.4753521126760563	0.6176144741431735	0.5866347600965968	0.3746021144501302	0.3558119680517513	0.7880512091038406	0.5198021565411983	0.4753521126760563	0.6176144741431735	0.5866347600965968	0.3746021144501302	0.3558119680517513	0.7880512091038406	0.5198021565411983	0.5198021565411983	
512.0	0.4753521126760563	0.6176144741431735	0.5866347600965968	0.3746021144501302	0.3558119680517513	0.7880512091038406	0.5198021565411983	0.4753521126760563	0.6176144741431735	0.5866347600965968	0.3746021144501302	0.3558119680517513	0.7880512091038406	0.5198021565411983	0.5198021565411983	
1024.0	0.4753521126760563	0.6176144741431735	0.5866347600965968	0.3746021144501302	0.3558119680517513	0.7880512091038406	0.5198021565411983	0.4753521126760563	0.6176144741431735	0.5866347600965968	0.3746021144501302	0.3558119680517513	0.7880512091038406	0.5198021565411983	0.5198021565411983	
