0.03125	0.6333333333333333	0.28650761355326254	0.28650761355326254	0.28650761355326254	0.28650761355326254	0.5333333333333333	0.43333333333333324	0.017547872417437636	0.13917575826573989	0.13626663017301582	0.11538260796863879	0.11276665067308053	0.6807487963928156	0.1169288013476566	0.13161014225794335	
0.0625	0.4946428571428571	0.2833761087825441	0.28110331712040554	0.2692525690780448	0.2673230718366393	0.3963963963963964	0.1817425814164944	0.02922451377952869	0.18947468595633027	0.1892984149283849	0.13424723524395363	0.1341249740496143	0.6827143415940972	0.05146487135239064	0.16539773497115484	
0.125	0.38610021816799167	0.5306040123962663	0.506427091677969	0.34021500617428213	0.3252590420632694	0.7224338624338624	0.34104247562795575	0.058830482022640386	0.23664324694683878	0.22947851795583948	0.1336908454660704	0.12966345039491767	0.6857162251200515	0.1381066131148023	0.15055505888127713	
0.25	0.4193428647376016	0.5720627957468253	0.5376967530190685	0.3306178838523782	0.31090680160411027	0.767738022569689	0.45767746339142656	0.13543793797913614	0.3347336871877982	0.3124967265348692	0.17779034983163378	0.16602751714624592	0.703388534177517	0.24989728221672305	0.26270656268301734	
0.5	0.42060257173752136	0.4902067574931054	0.46961418390295584	0.3094345873539496	0.2969400869254505	0.7512005000458272	0.39652745614885027	0.2796688110206801	0.3739607839826778	0.34823948444567016	0.20957638366241302	0.19532610303519096	0.7195542485495899	0.31708588860698944	0.3009949353580444	
1.0	0.4361834248904534	0.48391152363170153	0.4650591481681102	0.30675456889011826	0.29499381803518754	0.7544908431017123	0.4168437370958835	0.3809463405416915	0.4423176827207357	0.41760301897883734	0.2493045050330343	0.23543647263314327	0.7409778439183492	0.38247027052504357	0.3767927222394467	
2.0	0.5105646817988058	0.49736687333749163	0.48454040110418306	0.3428214690588178	0.3343031271911749	0.7688536856564753	0.4768828629511531	0.48812325551347147	0.4881823537764868	0.47197944600788605	0.30550658707323974	0.29555685073034377	0.7631668602351313	0.4638018320900324	0.45971277533158184	
4.0	0.5998516775741317	0.5657094905181813	0.5554345007659225	0.40534856264502295	0.39798621077170476	0.8137803982069846	0.5861323672288753	0.5998516775741317	0.5657094905181813	0.5554345007659225	0.40534856264502295	0.39798621077170476	0.8137803982069846	0.5861323672288753	0.5861323672288753	
8.0	0.8176015396077666	0.8072023879783379	0.8016085924765981	0.7576172471537908	0.7542234988467721	0.915553900696645	0.8196562753494536	0.8176015396077666	0.8072023879783379	0.8016085924765981	0.7576172471537908	0.7542234988467721	0.915553900696645	0.8196562753494536	0.8196562753494536	
16.0	0.9415492957746479	0.9422345006507575	0.9398976321962962	0.9019154731600958	0.9002410337437821	0.9739403453689167	0.9439214258123567	0.9415492957746479	0.9422345006507575	0.9398976321962962	0.9019154731600958	0.9002410337437821	0.9739403453689167	0.9439214258123567	0.9439214258123567	
32.0	0.8776556776556775	0.916606756000087	0.9077063334002959	0.8105881864960957	0.804924151081926	0.9499640705323088	0.8940460525407236	0.8776556776556775	0.916606756000087	0.9077063334002959	0.8105881864960957	0.804924151081926	0.9499640705323088	0.8940460525407236	0.8940460525407236	
64.0	0.9589743589743589	0.9686942919393114	0.9662792496562231	0.9208747420895922	0.9191442886773998	0.9822784810126581	0.9631531870142777	0.9589743589743589	0.9686942919393114	0.9662792496562231	0.9208747420895922	0.9191442886773998	0.9822784810126581	0.9631531870142777	0.9631531870142777	
128.0	1.0	1.0	1.0	1.0	1.0	1.0	0.9999999999999998	1.0	1.0	1.0	1.0	1.0	1.0	0.9999999999999998	0.9999999999999998	
256.0	1.0	1.0	1.0	1.0	1.0	1.0	0.9999999999999998	1.0	1.0	1.0	1.0	1.0	1.0	0.9999999999999998	0.9999999999999998	
512.0	1.0	1.0	1.0	1.0	1.0	1.0	0.9999999999999998	1.0	1.0	1.0	1.0	1.0	1.0	0.9999999999999998	0.9999999999999998	
1024.0	1.0	1.0	1.0	1.0	1.0	1.0	0.9999999999999998	1.0	1.0	1.0	1.0	1.0	1.0	0.9999999999999998	0.9999999999999998	
