0.03125	0.6466666666666667	0.28650761355326254	0.28650761355326254	0.28650761355326254	0.28650761355326254	0.5333333333333333	0.4333333333333333	0.01608267095223617	0.13762566586975647	0.13479404038464704	0.11031610793892872	0.10770123962597702	0.6804191994655695	0.10341179412286117	0.1277407844348749	
0.0625	0.34090909090909094	0.2387116112218446	0.23026581915542285	0.1805553202195148	0.17420267490825575	0.3538461538461538	0.10660035817780522	0.02115532664896972	0.184064462885303	0.18395706580559054	0.12006399179965073	0.11999464379364486	0.6809202137894003	-0.024442133661675226	0.1351627242797654	
0.125	0.33311576814376365	0.48662154642443917	0.45996713257876315	0.29515088758319696	0.27898416836912554	0.702972443214574	0.291191681401144	0.05075388383358341	0.22416330300528312	0.2165929221522822	0.1230234290745704	0.1188687159727801	0.6835310309637693	0.11192253001949326	0.13364250360535138	
0.25	0.34899046696619945	0.5396411572783733	0.5034669692239688	0.30965652557181583	0.2891475299694547	0.7388986850385655	0.3667326020776071	0.11615390768246311	0.32048976619281466	0.2979776247120175	0.1692852609849331	0.1574658266741837	0.6963603659010159	0.19698743949374617	0.21525741232570703	
0.5	0.3718066372996539	0.42736084278480907	0.40459636413551275	0.25019329196948925	0.23706159807166854	0.7350228138639936	0.34835840036642685	0.24454332373767002	0.32942363208598274	0.30340274797754674	0.17644508556463062	0.16258219851614739	0.7096823826034462	0.2751851349447176	0.26528635186374594	
1.0	0.46590967598673083	0.5666034787127551	0.5404241790216195	0.35246902151882764	0.3366351307272747	0.7808505857016625	0.49135316346116104	0.401909690771598	0.5161061570783169	0.48307747595419004	0.2864358632338122	0.268264093959797	0.7625384782247979	0.4496095660387704	0.443474910306903	
2.0	0.5601433319834398	0.6623448746914198	0.6359849568275333	0.4275388231041477	0.41140696271387106	0.821167349522641	0.6002544168181565	0.5351670360925954	0.6486526028543779	0.6183754065603797	0.39391041727205545	0.3765175766732406	0.8135099327625014	0.58264229874724	0.5811301633649789	
4.0	0.7090378744500422	0.7448435596074651	0.7300243650062539	0.5173576032817503	0.5074348034069207	0.8727360855600861	0.7284383979697785	0.7090378744500422	0.7448435596074651	0.7300243650062539	0.5173576032817503	0.5074348034069207	0.8727360855600861	0.7284383979697785	0.7284383979697785	
8.0	0.6492090925496345	0.7026282206818123	0.6844538615753306	0.47263076704153467	0.4608936296643181	0.846407581350546	0.6675764096821504	0.6492090925496345	0.7026282206818123	0.6844538615753306	0.47263076704153467	0.4608936296643181	0.846407581350546	0.6675764096821504	0.6675764096821504	
16.0	0.8053588856357022	0.8302506507929938	0.8197283047185275	0.682990535656314	0.6762132219491928	0.9158882945459077	0.8218903892180711	0.8053588856357022	0.8302506507929938	0.8197283047185275	0.682990535656314	0.6762132219491928	0.9158882945459077	0.8218903892180711	0.8218903892180711	
32.0	0.7025641025641026	0.8076972173302689	0.7847795882144574	0.587031431573885	0.5728482564301259	0.8812874256855613	0.7462481167656081	0.7025641025641026	0.8076972173302689	0.7847795882144574	0.587031431573885	0.5728482564301259	0.8812874256855613	0.7462481167656081	0.7462481167656081	
64.0	0.7025463579096798	0.7688868279941048	0.7507729538564332	0.5658528551021684	0.5543004521415406	0.8744525208803198	0.7324889980188621	0.7025463579096798	0.7688868279941048	0.7507729538564332	0.5658528551021684	0.5543004521415406	0.8744525208803198	0.7324889980188621	0.7324889980188621	
128.0	0.6127907717800013	0.702587088703702	0.6789314695918034	0.4573883308539757	0.4425678912362039	0.8390831506755709	0.6498076784960967	0.6127907717800013	0.702587088703702	0.6789314695918034	0.4573883308539757	0.4425678912362039	0.8390831506755709	0.6498076784960967	0.6498076784960967	
256.0	0.6030877573131095	0.7301684701561865	0.701000671933116	0.45851545155169093	0.44056723060211933	0.8403460071668389	0.6572955176785088	0.6030877573131095	0.7301684701561865	0.701000671933116	0.45851545155169093	0.44056723060211933	0.8403460071668389	0.6572955176785088	0.6572955176785088	
512.0	0.6212454212454211	0.7556096813910447	0.7262066719585303	0.47674487598038845	0.45862811883465227	0.848973015205212	0.6771409822920538	0.6212454212454211	0.7556096813910447	0.7262066719585303	0.47674487598038845	0.45862811883465227	0.848973015205212	0.6771409822920538	0.6771409822920538	
1024.0	0.6212454212454213	0.7556096813910447	0.7262066719585303	0.47674487598038845	0.45862811883465227	0.848973015205212	0.6771409822920538	0.6212454212454213	0.7556096813910447	0.7262066719585303	0.47674487598038845	0.45862811883465227	0.848973015205212	0.6771409822920538	0.6771409822920538	
