0.03125	0.6466666666666667	0.28650761355326254	0.28650761355326254	0.28650761355326254	0.28650761355326254	0.5333333333333333	0.4333333333333333	0.01608267095223617	0.13762566586975647	0.13479404038464704	0.11031610793892872	0.10770123962597702	0.6804191994655695	0.10341179412286117	0.1277407844348749	
0.0625	0.34090909090909094	0.2387116112218446	0.23026581915542285	0.1805553202195148	0.17420267490825575	0.3538461538461538	0.10660035817780522	0.02115532664896972	0.184064462885303	0.18395706580559054	0.12006399179965073	0.11999464379364486	0.6809202137894003	-0.024442133661675226	0.1351627242797654	
0.125	0.33311576814376365	0.48662154642443917	0.45996713257876315	0.29515088758319696	0.27898416836912554	0.702972443214574	0.291191681401144	0.05075388383358341	0.22416330300528312	0.2165929221522822	0.1230234290745704	0.1188687159727801	0.6835310309637693	0.11192253001949326	0.13364250360535138	
0.25	0.332847206556884	0.5424890847601922	0.5034711091872603	0.30794097087319294	0.2861961482207593	0.7382263407983144	0.3627633140097445	0.10938175416324762	0.3239450529569724	0.3001453126428957	0.16969025872431523	0.1573448466177942	0.6962634108941987	0.1915182783071667	0.2142078474542139	
0.5	0.3408426060158655	0.41026217630326245	0.3883896265500676	0.2529435238892986	0.2400354680581883	0.7223555686749592	0.3131343381829125	0.22695968424298218	0.31651645452336863	0.2915935711617891	0.1744459781070799	0.16090482535971556	0.7025114281500228	0.2468393681324757	0.23967528738923768	
1.0	0.43159476645845923	0.5292289227311706	0.5020593646067069	0.3218166945193427	0.3058545267326472	0.7661927894070841	0.45327834023130154	0.37179353508233937	0.482944641644493	0.4493446355745637	0.26366433854071336	0.2455122416494695	0.7500594913121797	0.4135572219875711	0.4088231039352676	
2.0	0.5765708676122021	0.665548929567897	0.6412809346858446	0.43461591639061126	0.4194212507860497	0.826802604041419	0.6174171331631128	0.5511350606675223	0.6514258814555287	0.6231475638756544	0.39772588600118824	0.3812535170528506	0.8189336631746358	0.5998539249004512	0.5979117431053198	
4.0	0.6996100769561674	0.7427754461940606	0.7269818369041724	0.5161557715861339	0.505601469835919	0.8697367850653771	0.7209773369127174	0.6996100769561674	0.7427754461940606	0.7269818369041724	0.5161557715861339	0.505601469835919	0.8697367850653771	0.7209773369127174	0.7209773369127174	
8.0	0.6492090925496345	0.7026282206818123	0.6844538615753306	0.47263076704153467	0.4608936296643181	0.846407581350546	0.6675764096821504	0.6492090925496345	0.7026282206818123	0.6844538615753306	0.47263076704153467	0.4608936296643181	0.846407581350546	0.6675764096821504	0.6675764096821504	
16.0	0.6339001349527665	0.7493662669959918	0.7239221428658194	0.49140249116952306	0.47540398890084673	0.8520103814826487	0.6787186321882119	0.6339001349527665	0.7493662669959918	0.7239221428658194	0.49140249116952306	0.47540398890084673	0.8520103814826487	0.6787186321882119	0.6787186321882119	
32.0	0.7025641025641026	0.8076972173302689	0.7847795882144574	0.587031431573885	0.5728482564301259	0.8812874256855613	0.7462481167656081	0.7025641025641026	0.8076972173302689	0.7847795882144574	0.587031431573885	0.5728482564301259	0.8812874256855613	0.7462481167656081	0.7462481167656081	
64.0	0.6212454212454213	0.7556096813910447	0.7262066719585303	0.47674487598038845	0.45862811883465227	0.848973015205212	0.6771409822920538	0.6212454212454213	0.7556096813910447	0.7262066719585303	0.47674487598038845	0.45862811883465227	0.848973015205212	0.6771409822920538	0.6771409822920538	
128.0	0.6212454212454213	0.7556096813910448	0.7262066719585301	0.47674487598038845	0.45862811883465227	0.848973015205212	0.6771409822920538	0.6212454212454213	0.7556096813910448	0.7262066719585301	0.47674487598038845	0.45862811883465227	0.848973015205212	0.6771409822920538	0.6771409822920538	
256.0	0.5736263736263736	0.7339884901973678	0.7002274758611569	0.44518652318088936	0.4247094328829795	0.8319229031772324	0.6391682722727822	0.5736263736263736	0.7339884901973678	0.7002274758611569	0.44518652318088936	0.4247094328829795	0.8319229031772324	0.6391682722727822	0.6391682722727822	
512.0	0.6622710622710622	0.7753729292158846	0.7498832204361678	0.5071763291626783	0.49115017840644104	0.8638547790928512	0.7100150071915098	0.6622710622710622	0.7753729292158846	0.7498832204361678	0.5071763291626783	0.49115017840644104	0.8638547790928512	0.7100150071915098	0.7100150071915098	
1024.0	0.6507068049321572	0.7517896613498634	0.7269798680304895	0.49007380435119013	0.47448591655379213	0.8573961191948184	0.6952682276977804	0.6507068049321572	0.7517896613498634	0.7269798680304895	0.49007380435119013	0.47448591655379213	0.8573961191948184	0.6952682276977804	0.6952682276977804	
