0.03125	0.6466666666666667	0.28650761355326254	0.28650761355326254	0.28650761355326254	0.28650761355326254	0.5333333333333333	0.4333333333333333	0.01608267095223617	0.13762566586975647	0.13479404038464704	0.11031610793892872	0.10770123962597702	0.6804191994655695	0.10341179412286117	0.1277407844348749	
0.0625	0.42857142857142855	0.30426280199095074	0.2991570476929312	0.2764403181203313	0.27292575834044014	0.4066666666666666	0.19352769443627021	0.024117389856520288	0.1928749702168662	0.19263186563909426	0.1288987551092679	0.12875043355230434	0.682204816301458	0.011524481790207156	0.15091101354194572	
0.125	0.3831077694235589	0.6131585553676155	0.5744847831339174	0.3644293234577626	0.3416281782334463	0.7494439290051519	0.43061818027323906	0.05628421757454015	0.2759883335617091	0.2660062233898525	0.14934603327488757	0.14396288952451966	0.6891149750044242	0.1642156360916146	0.19428690287848127	
0.25	0.39872674957994275	0.6315520660200628	0.5847644475034371	0.35038886527607943	0.32469837111277056	0.7719775127862846	0.4866807252186994	0.12776113741331133	0.3751420150863322	0.34709971163926123	0.1937277474997344	0.17931847723903974	0.7060411526060293	0.2555291196461682	0.2854320044568083	
0.5	0.47283212872013636	0.6031137051885879	0.571579842150711	0.36408493720312307	0.346036642210029	0.7922666934567953	0.5166778557528152	0.30662424654546644	0.4606169421199368	0.42455153130651596	0.24990220691536336	0.23067013994144844	0.7448651327683977	0.40724843960941987	0.3955378177615221	
1.0	0.4826945506843792	0.6019775134054748	0.5703754297339743	0.3524181503165792	0.3341522935927551	0.7916198045446835	0.5221600991031918	0.4177671957424711	0.5492900388779556	0.5111989446942629	0.294436441729762	0.2741379296553976	0.7725264202201341	0.47757533490148296	0.4734725783579867	
2.0	0.5252077497621981	0.6469098178118602	0.6175367864288497	0.39237063857200705	0.37455499446950985	0.8057490020422161	0.5676981656194938	0.5015728593641299	0.6329135228665211	0.5994563101373237	0.36189784818159393	0.342890679427612	0.7987725567891292	0.5507855403254892	0.5498177976279232	
4.0	0.5498019057412707	0.6895223610878984	0.6606347762130904	0.4362555658138444	0.4183846908862253	0.8175529895490172	0.5961421845138755	0.5498019057412707	0.6895223610878984	0.6606347762130904	0.4362555658138444	0.4183846908862253	0.8175529895490172	0.5961421845138755	0.5961421845138755	
8.0	0.522741577671155	0.6843809294799357	0.650986141515771	0.4150980166522107	0.3948430538773423	0.8106443377415568	0.5824978832087813	0.522741577671155	0.6843809294799357	0.650986141515771	0.4150980166522107	0.3948430538773423	0.8106443377415568	0.5824978832087813	0.5824978832087813	
16.0	0.5307292888846729	0.6706854623247432	0.6391408572966298	0.40679129592349905	0.387658525825423	0.8119650532387774	0.5841365696629811	0.5307292888846729	0.6706854623247432	0.6391408572966298	0.40679129592349905	0.387658525825423	0.8119650532387774	0.5841365696629811	0.5841365696629811	
32.0	0.49710055203012943	0.6413003643541895	0.6098623679851427	0.38896833306569867	0.36990022438793746	0.7975126298860162	0.5461039067569294	0.49710055203012943	0.6413003643541895	0.6098623679851427	0.38896833306569867	0.36990022438793746	0.7975126298860162	0.5461039067569294	0.5461039067569294	
64.0	0.50710937807712	0.6643152466241026	0.6312156770429189	0.4029275647920777	0.3828516610177982	0.804366047118115	0.566242553656753	0.50710937807712	0.6643152466241026	0.6312156770429189	0.4029275647920777	0.3828516610177982	0.804366047118115	0.566242553656753	0.566242553656753	
128.0	0.5463524738172626	0.7087704987120768	0.6750862732405246	0.4298910381686881	0.4094605226715185	0.8207196854404393	0.6094303174269873	0.5463524738172626	0.7087704987120768	0.6750862732405246	0.4298910381686881	0.4094605226715185	0.8207196854404393	0.6094303174269873	0.6094303174269873	
256.0	0.49522009365262426	0.6431268035717919	0.6110900521957086	0.3900761244492762	0.37064485250209067	0.7981071566486982	0.5483609074320646	0.49522009365262426	0.6431268035717919	0.6110900521957086	0.3900761244492762	0.37064485250209067	0.7981071566486982	0.5483609074320646	0.5483609074320646	
512.0	0.5136818181319229	0.6465171962965407	0.6159834789567131	0.39213250158530294	0.3736128658636983	0.8034431147379072	0.5608386722721075	0.5136818181319229	0.6465171962965407	0.6159834789567131	0.39213250158530294	0.3736128658636983	0.8034431147379072	0.5608386722721075	0.5608386722721075	
1024.0	0.503431456519021	0.6443798184876445	0.6131247438600396	0.3908361164128179	0.3718789553795693	0.8003622019380705	0.5528873458083919	0.503431456519021	0.6443798184876445	0.6131247438600396	0.3908361164128179	0.3718789553795693	0.8003622019380705	0.5528873458083919	0.5528873458083919	
