0.03125	0.6333333333333333	0.28650761355326254	0.28650761355326254	0.28650761355326254	0.28650761355326254	0.5333333333333333	0.43333333333333324	0.017547872417437636	0.13917575826573989	0.13626663017301582	0.11538260796863879	0.11276665067308053	0.6807487963928156	0.1169288013476566	0.13161014225794335	
0.0625	0.4946428571428571	0.2833761087825441	0.28110331712040554	0.2692525690780448	0.2673230718366393	0.3963963963963964	0.1817425814164944	0.02922451377952869	0.18947468595633027	0.1892984149283849	0.13424723524395363	0.1341249740496143	0.6827143415940972	0.05146487135239064	0.16539773497115484	
0.125	0.38610021816799167	0.5306040123962663	0.506427091677969	0.34021500617428213	0.3252590420632694	0.7224338624338624	0.34104247562795575	0.058830482022640386	0.23664324694683878	0.22947851795583948	0.1336908454660704	0.12966345039491767	0.6857162251200515	0.1381066131148023	0.15055505888127713	
0.25	0.4385305565823979	0.5790499642728911	0.5465712912114064	0.3395157608956128	0.3206137553921656	0.771836457138	0.47394437661475114	0.143658834542425	0.33715951393856763	0.31556698990834864	0.1808334716946718	0.1692845471181988	0.7048122534747205	0.2616903062392103	0.27159226445342916	
0.5	0.48449269563791686	0.49109133994833404	0.47755582517834333	0.37077310234526506	0.36232745538590533	0.7690211633212856	0.45049712416434196	0.3251756729947534	0.36362739633676006	0.3441989511505536	0.22177560090600168	0.21051036459713357	0.7295491603167529	0.3650998119107958	0.3356621375982075	
1.0	0.4925487234537994	0.4921333101297828	0.47793610305689727	0.332125182548726	0.3229798333073707	0.7708341299294983	0.46915257188256787	0.43065110733600287	0.44713659456827787	0.4269013220811324	0.2619622465006243	0.2503515678314492	0.7545287516116412	0.43196145989534135	0.4226604221833593	
2.0	0.3986228035515537	0.48599359138379744	0.4605392407677574	0.30007017410232717	0.28480597222368387	0.748696207796742	0.40571634383934246	0.38099527089645385	0.4812559629727132	0.45274813790929863	0.27877962061477723	0.26254667451004715	0.745008128143897	0.392741432178796	0.3930584110394931	
4.0	0.5406941441702614	0.5482485060016558	0.533076833791236	0.3729044011406548	0.36300042176092095	0.794781202180374	0.5315199516112878	0.5406941441702614	0.5482485060016558	0.533076833791236	0.3729044011406548	0.36300042176092095	0.794781202180374	0.5315199516112878	0.5315199516112878	
8.0	0.5608114050653376	0.6530828259644436	0.6283899881371011	0.4145591947202302	0.3992993010655389	0.8165145512568621	0.5890196604087932	0.5608114050653376	0.6530828259644436	0.6283899881371011	0.4145591947202302	0.3992993010655389	0.8165145512568621	0.5890196604087932	0.5890196604087932	
16.0	0.5614603597294392	0.6980216176730846	0.667162250045634	0.4351719924059004	0.41666539138712	0.8255862944283017	0.6151779256663232	0.5614603597294392	0.6980216176730846	0.667162250045634	0.4351719924059004	0.41666539138712	0.8255862944283017	0.6151779256663232	0.6151779256663232	
32.0	0.5588045648695468	0.694379552436804	0.6632728856703117	0.43245762069477395	0.4137651013076008	0.825212269547744	0.6151292482224007	0.5588045648695468	0.694379552436804	0.6632728856703117	0.43245762069477395	0.4137651013076008	0.825212269547744	0.6151292482224007	0.6151292482224007	
64.0	0.5878062442526876	0.6699292479404027	0.646377002407247	0.4358047158267274	0.4209638958552272	0.8280863728779183	0.6231705014343785	0.5878062442526876	0.6699292479404027	0.646377002407247	0.4358047158267274	0.4209638958552272	0.8280863728779183	0.6231705014343785	0.6231705014343785	
128.0	0.5560646288694218	0.6012600089287554	0.583452838023603	0.4051054962644726	0.3936065131517649	0.8058523110407994	0.5652220927875817	0.5560646288694218	0.6012600089287554	0.583452838023603	0.4051054962644726	0.3936065131517649	0.8058523110407994	0.5652220927875817	0.5652220927875817	
256.0	0.5247559053787427	0.6050320068228063	0.5832394436463766	0.3921323011129606	0.37847334198997823	0.7945190925776291	0.5378174562071953	0.5247559053787427	0.6050320068228063	0.5832394436463766	0.3921323011129606	0.37847334198997823	0.7945190925776291	0.5378174562071953	0.5378174562071953	
512.0	0.5309124793007629	0.6142395914053853	0.5893465822147808	0.38513606403045947	0.36981714004247274	0.8024806133246415	0.5573257245268177	0.5309124793007629	0.6142395914053853	0.5893465822147808	0.38513606403045947	0.36981714004247274	0.8024806133246415	0.5573257245268177	0.5573257245268177	
1024.0	0.5212146320013897	0.5993293040896164	0.5755858227381381	0.37609251762832124	0.3614708175189578	0.7962908840213824	0.541923754813814	0.5212146320013897	0.5993293040896164	0.5755858227381381	0.37609251762832124	0.3614708175189578	0.7962908840213824	0.541923754813814	0.541923754813814	
