0.03125	0.7666666666666666	0.28650761355326254	0.28650761355326254	0.28650761355326254	0.28650761355326254	0.7333333333333333	0.6333333333333332	0.020478275347840566	0.1423310047099767	0.13849687918093273	0.12690791048044864	0.12316533089112243	0.681394155562924	0.17718564604351325	0.15124063738480528	
0.0625	0.5071428571428571	0.2897860295312209	0.28758813106953396	0.27384547799276826	0.2719696440744354	0.4	0.19999999999999996	0.029946535440178508	0.19102152913533832	0.19084785107473173	0.1351854430577894	0.13506475457764067	0.6828747659277571	0.056507362374815795	0.17043608625354736	
0.125	0.355538026736235	0.49725027996707205	0.4732817191471737	0.3099280730053473	0.295168979915887	0.6973720635278156	0.29215890834245445	0.05556106282537232	0.2260923707851968	0.21894779758739386	0.12607437924050202	0.12211229098707639	0.6830812530014272	0.11736612169280239	0.13446557531627523	
0.25	0.35653100881776023	0.511063047468751	0.4807019994046408	0.3018415007556683	0.2841795094980858	0.7296652212216584	0.34533050693579925	0.12010083710002725	0.30133317878213	0.2816081611525107	0.16233885454099134	0.1517738395953902	0.6933090826293103	0.18839362675431082	0.20099580934610542	
0.5	0.3699393477410259	0.44988885815355506	0.4265756926233494	0.27795389963553674	0.26416502779076634	0.7377337660834234	0.3569558964554035	0.24552805997537686	0.34756785640648047	0.32059533479900626	0.19183725264665524	0.1771575179606229	0.7126637390419281	0.2832665799483193	0.27447764257267465	
1.0	0.4601399548633676	0.5588513270911886	0.5333648433171696	0.3477785672337554	0.3322985721203144	0.7763060945832392	0.4794853378964093	0.3979066534787359	0.5096825146371476	0.4773999679723218	0.2830238362860806	0.26522555690668514	0.759049400548798	0.43922348575637365	0.4332252327010259	
2.0	0.571040850729432	0.6814112093176986	0.6532599169502016	0.42412547953203283	0.40717704972651225	0.8255618722173363	0.6136553847151841	0.5480398641502532	0.6679146311452111	0.6358134987208383	0.3974599308999872	0.37943326345484046	0.818880680853249	0.5958899055791698	0.5965297624131745	
4.0	0.6509215146896017	0.6497092812599803	0.6360810589917241	0.4391766062603978	0.4304116272837534	0.8439325451802355	0.6569654146014117	0.6509215146896017	0.6497092812599803	0.6360810589917241	0.4391766062603978	0.4304116272837534	0.8439325451802355	0.6569654146014117	0.6569654146014117	
8.0	0.638674501354666	0.7004151443163317	0.6814645537860953	0.47104502853297703	0.45875169703638896	0.8437410161513528	0.6589922496438911	0.638674501354666	0.7004151443163317	0.6814645537860953	0.47104502853297703	0.45875169703638896	0.8437410161513528	0.6589922496438911	0.6589922496438911	
16.0	0.7852212378163935	0.8350186616010233	0.8203708670018892	0.669482879937795	0.6603155614865333	0.9104017760251804	0.8106861249546858	0.7852212378163935	0.8350186616010233	0.8203708670018892	0.669482879937795	0.6603155614865333	0.9104017760251804	0.8106861249546858	0.8106861249546858	
32.0	0.7025641025641026	0.8076972173302689	0.7847795882144574	0.587031431573885	0.5728482564301259	0.8812874256855613	0.7462481167656081	0.7025641025641026	0.8076972173302689	0.7847795882144574	0.587031431573885	0.5728482564301259	0.8812874256855613	0.7462481167656081	0.7462481167656081	
64.0	0.6146520146520147	0.7537517380222079	0.7239040243387944	0.4756179763631792	0.45723149245476824	0.8468046670648717	0.6720422971722383	0.6146520146520147	0.7537517380222079	0.7239040243387944	0.4756179763631792	0.45723149245476824	0.8468046670648717	0.6720422971722383	0.6720422971722383	
128.0	0.608058608058608	0.7518937946533709	0.7216013767190587	0.47449107674596985	0.4558348660748842	0.8446363189245314	0.6669436120524227	0.608058608058608	0.7518937946533709	0.7216013767190587	0.47449107674596985	0.4558348660748842	0.8446363189245314	0.6669436120524227	0.6669436120524227	
256.0	0.6146520146520146	0.7537517380222079	0.7239040243387944	0.4756179763631791	0.45723149245476824	0.8468046670648717	0.6720422971722383	0.6146520146520146	0.7537517380222079	0.7239040243387944	0.4756179763631791	0.45723149245476824	0.8468046670648717	0.6720422971722383	0.6720422971722383	
512.0	0.6030877573131093	0.7301684701561865	0.7010006719331161	0.45851545155169093	0.44056723060211933	0.8403460071668387	0.6572955176785088	0.6030877573131093	0.7301684701561865	0.7010006719331161	0.45851545155169093	0.44056723060211933	0.8403460071668387	0.6572955176785088	0.6572955176785088	
1024.0	0.6146520146520147	0.7537517380222079	0.7239040243387944	0.4756179763631791	0.45723149245476824	0.8468046670648717	0.6720422971722383	0.6146520146520147	0.7537517380222079	0.7239040243387944	0.4756179763631791	0.45723149245476824	0.8468046670648717	0.6720422971722383	0.6720422971722383	
