0.03125	0.48238095238095235	0.30786007148656236	0.3019859045805949	0.2647064842958253	0.26039081821356114	0.6076190476190476	0.3402378300983031	0.011708281985654248	0.14352601726372724	0.14085893424401977	0.108177700116637	0.10580388924767985	0.6800781834504257	0.06932262666079556	0.11236816384360257	
0.0625	0.3194805194805195	0.2531883836815744	0.24183473577882014	0.18315016034707784	0.17515878917426045	0.36051282051282046	0.10012805261407547	0.019721785460915898	0.18986837726529276	0.18965391693537154	0.12236380961122126	0.12223767555429585	0.6812275402322795	-0.024593577405051144	0.13497283012248681	
0.125	0.30399615156661536	0.5189615676810826	0.4828734154951696	0.3016576291889038	0.2808793404258795	0.7110895013585863	0.3091157834529087	0.045829190991747135	0.24108093787896606	0.2317453679731989	0.12855318173399835	0.12359411685760277	0.684598165518411	0.11130105491032086	0.14315240469965912	
0.25	0.31438366193420964	0.5482631621810591	0.5043292751304823	0.3033464947212459	0.2794555969292854	0.7366317324250815	0.3628979814648054	0.1028648851718856	0.33034282124224446	0.30457515475696734	0.17009228146471073	0.15693256321625976	0.6959540491206262	0.18502656468584858	0.21519883581885635	
0.5	0.34572147334962156	0.4033116338681045	0.38077024332869475	0.2445244078057874	0.2316359321527337	0.7310137767262762	0.32082476729131026	0.22791181906950636	0.31254661949403223	0.2871515063264272	0.1698842321582675	0.15634145654908965	0.7077258263962983	0.2542584594150687	0.24531727898021974	
1.0	0.39047953459837037	0.4975113589945172	0.4664766998443313	0.28482006141118066	0.2672064029291433	0.7551424143228699	0.42072628311807164	0.33832518626416136	0.45896073937605547	0.42274717094930836	0.24225501063266286	0.22322878897642684	0.7418448678972502	0.38200048317003593	0.38233936850358186	
2.0	0.5325262151188941	0.6194673812789075	0.5940612042088842	0.3968290383066262	0.38134585370308527	0.807068507645111	0.5666512333253969	0.5094585105373339	0.6083561382710047	0.5793297677077203	0.3668005834708049	0.3501121062802999	0.8003207455437309	0.5502592403207889	0.5487867706555255	
4.0	0.5461632536919568	0.5936138331742262	0.5732064356972786	0.38816135370371496	0.3752350825337969	0.805360351749275	0.5630661033013604	0.5461632536919568	0.5936138331742262	0.5732064356972786	0.38816135370371496	0.3752350825337969	0.805360351749275	0.5630661033013604	0.5630661033013604	
8.0	0.6996722693657283	0.7267405916524372	0.713853211293933	0.5857471831382182	0.5776506691393765	0.8639463980352279	0.7045404496179474	0.6996722693657283	0.7267405916524372	0.713853211293933	0.5857471831382182	0.5776506691393765	0.8639463980352279	0.7045404496179474	0.7045404496179474	
16.0	0.6947883342223354	0.6944113739825455	0.682677127732808	0.497567491877059	0.4891595370331391	0.8608648730934325	0.6982758930578832	0.6947883342223354	0.6944113739825455	0.682677127732808	0.497567491877059	0.4891595370331391	0.8608648730934325	0.6982758930578832	0.6982758930578832	
32.0	0.7759523809523811	0.8255066738482331	0.8109799585593807	0.6319246494679636	0.6222291991796292	0.9060098186762954	0.8009019856805855	0.7759523809523811	0.8255066738482331	0.8109799585593807	0.6319246494679636	0.6222291991796292	0.9060098186762954	0.8009019856805855	0.8009019856805855	
64.0	0.6981699557651114	0.7695972877209443	0.7504363402071984	0.566566296721186	0.5543125506591722	0.874673067138559	0.7332995985199116	0.6981699557651114	0.7695972877209443	0.7504363402071984	0.566566296721186	0.5543125506591722	0.874673067138559	0.7332995985199116	0.7332995985199116	
128.0	0.6027149321266969	0.7297679738345381	0.700977743832101	0.4582284833974602	0.4405508018998501	0.839378634770895	0.6549975013778082	0.6027149321266969	0.7297679738345381	0.700977743832101	0.4582284833974602	0.4405508018998501	0.839378634770895	0.6549975013778082	0.6549975013778082	
256.0	0.6027149321266968	0.729767973834538	0.700977743832101	0.4582284833974602	0.4405508018998501	0.839378634770895	0.6549975013778081	0.6027149321266968	0.729767973834538	0.700977743832101	0.4582284833974602	0.4405508018998501	0.839378634770895	0.6549975013778081	0.6549975013778081	
512.0	0.6027149321266968	0.729767973834538	0.700977743832101	0.4582284833974602	0.4405508018998501	0.839378634770895	0.6549975013778082	0.6027149321266968	0.729767973834538	0.700977743832101	0.4582284833974602	0.4405508018998501	0.839378634770895	0.6549975013778082	0.6549975013778082	
1024.0	0.5868131868131868	0.7377043769350415	0.7048327711006284	0.44744032241530796	0.4275026856427476	0.836259599457913	0.6493656425124132	0.5868131868131868	0.7377043769350415	0.7048327711006284	0.44744032241530796	0.4275026856427476	0.836259599457913	0.6493656425124132	0.6493656425124132	
