0.03125	0.48238095238095235	0.30786007148656236	0.3019859045805949	0.2647064842958253	0.26039081821356114	0.6076190476190476	0.3402378300983031	0.011708281985654248	0.14352601726372724	0.14085893424401977	0.108177700116637	0.10580388924767985	0.6800781834504257	0.06932262666079556	0.11236816384360257	
0.0625	0.3194805194805195	0.2531883836815744	0.24183473577882014	0.18315016034707784	0.17515878917426045	0.36051282051282046	0.10012805261407547	0.019721785460915898	0.18986837726529276	0.18965391693537154	0.12236380961122126	0.12223767555429585	0.6812275402322795	-0.024593577405051144	0.13497283012248681	
0.125	0.33557509893503645	0.5313088895311926	0.49854914811500806	0.3166789238428508	0.2972814386326542	0.7201461051321711	0.33401035299075044	0.05022479538735153	0.24358350189262232	0.23481094188469945	0.1320545593527717	0.12731130965452692	0.6855919157610258	0.1263607409269546	0.15246316410965155	
0.25	0.33480111923971245	0.5382110534839915	0.49977185658499224	0.30364826992767097	0.28211328959844834	0.7344336837540038	0.36292838990051646	0.11025990702254114	0.3217818071287427	0.29824121983355756	0.16810039031382665	0.1558496352485823	0.695217776056247	0.18882547205123917	0.2135039293293167	
0.5	0.35127732026245473	0.40126268906412077	0.37769040828460587	0.2306221856538663	0.21721653234164653	0.7303857572160892	0.332098498654855	0.2320936095813873	0.3109733163578653	0.2851506962161755	0.16462458232542987	0.1510057620035479	0.7069532675075122	0.2606872801056599	0.2545762989860833	
1.0	0.3497337540085414	0.43665535951594786	0.40726949544094404	0.24561139941843532	0.22923493266116943	0.7373128834622904	0.3613330127890353	0.3075501697677607	0.40658461486782305	0.3730553906953637	0.2123314116033662	0.19493061753918525	0.7283372569866106	0.32911319438580094	0.3313552142905367	
2.0	0.3739759747482932	0.42501931293075546	0.4020024592918183	0.25930395933443895	0.24557758946192654	0.7303912899166409	0.35858224849679476	0.3599781140436433	0.42768271302204186	0.4023544597175124	0.24882235080150447	0.23432619262170115	0.7293653017439905	0.34902365439801	0.3496503771604787	
4.0	0.4321266133528793	0.4696114911968846	0.4473648957052713	0.2898624791431699	0.27644739565995946	0.7584631041916013	0.4327650184311727	0.4321266133528793	0.4696114911968846	0.4473648957052713	0.2898624791431699	0.27644739565995946	0.7584631041916013	0.4327650184311727	0.4327650184311727	
8.0	0.7351931675325301	0.695020456313262	0.6880908056041676	0.5642619069772341	0.5592951524596148	0.8693913388537163	0.7271825716267374	0.7351931675325301	0.695020456313262	0.6880908056041676	0.5642619069772341	0.5592951524596148	0.8693913388537163	0.7271825716267374	0.7271825716267374	
16.0	0.8193075661757417	0.7323180296019041	0.7323162599645174	0.7323180296019041	0.7323162599645174	0.901417836939174	0.7981252563887803	0.8193075661757417	0.7323180296019041	0.7323162599645174	0.7323180296019041	0.7323162599645174	0.901417836939174	0.7981252563887803	0.7981252563887803	
32.0	0.7500964721166032	0.6316525213393418	0.6316462372014466	0.6316525213393418	0.6316462372014466	0.8601170431547984	0.7140061402025288	0.7500964721166032	0.6316525213393418	0.6316462372014466	0.6316525213393418	0.6316462372014466	0.8601170431547984	0.7140061402025288	0.7140061402025288	
64.0	0.7933170651798782	0.6994339266375855	0.699432976384801	0.6994339266375855	0.699432976384801	0.8894341254790227	0.7731253297414684	0.7933170651798782	0.6994339266375855	0.699432976384801	0.6994339266375855	0.699432976384801	0.8894341254790227	0.7731253297414684	0.7731253297414684	
128.0	0.7273790816357237	0.6186795579679945	0.6186793780213997	0.6186795579679945	0.6186793780213997	0.849417485076064	0.6903202368170254	0.7273790816357237	0.6186795579679945	0.6186793780213997	0.6186795579679945	0.6186793780213997	0.849417485076064	0.6903202368170254	0.6903202368170254	
256.0	0.6827131888601154	0.5405660351221568	0.540565612610094	0.5405660351221568	0.540565612610094	0.8207972270363951	0.6310776464953064	0.6827131888601154	0.5405660351221568	0.540565612610094	0.5405660351221568	0.540565612610094	0.8207972270363951	0.6310776464953064	0.6310776464953064	
512.0	0.6569624278769706	0.5055685196480207	0.5055681244903817	0.5055685196480207	0.5055681244903817	0.8027729636048526	0.5939706960640445	0.6569624278769706	0.5055685196480207	0.5055681244903817	0.5055685196480207	0.5055681244903817	0.8027729636048526	0.5939706960640445	0.5939706960640445	
1024.0	0.5093298690920941	0.2472872823137337	0.24728708903140925	0.2472872823137337	0.24728708903140925	0.5559792027729636	0.2976340709416596	0.5093298690920941	0.2472872823137337	0.24728708903140925	0.2472872823137337	0.24728708903140925	0.5559792027729636	0.2976340709416596	0.2976340709416596	
