0.03125	0.18	0.24853637902444334	0.22279598882037616	0.13218045624156355	0.11856189887825423	0.2891304347826087	0.0	0.005104315973881191	0.1416247656971095	0.1404240899578394	0.08559299476647537	0.08466975579047963	0.6786298154819115	-0.04209005199833221	0.04114848338528691	
0.0625	0.06666666666666667	0.2599184805997578	0.226551280849338	0.14238467530381038	0.12577376529917372	0.3411534701857282	-0.01825741858350554	0.004347826086956522	0.19071248061274776	0.1887938426763272	0.09700742845012703	0.09610742883889083	0.6784704694598688	-0.1577314647062215	0.01949662963376461	
0.125	0.0	0.5057004890999915	0.407319908079743	0.2170566227269593	0.1748269028329809	0.6681144750496095	0.0	0.0	0.2598439939256479	0.23720868304094372	0.11030595815550417	0.10070317342168297	0.6784452296819788	-0.018945141341845433	0.0	
0.25	0.0	0.4775942641112369	0.37147952325406786	0.19484230801585314	0.1515548283854919	0.6747887804163981	0.0	0.0	0.3208218544837293	0.2682084441669001	0.13021166700876655	0.10886424765831415	0.6784452296819788	-0.012979093437712589	0.0	
0.5	0.0	0.45735452395884524	0.3459874476373289	0.18106382524617953	0.13697901137025142	0.6821380987370961	0.0	0.0	0.38511573029155455	0.2957566211610704	0.15203234818356343	0.11676446208656274	0.6784452296819788	0.011751063441539584	0.0	
1.0	0.0	0.44752397050511494	0.33372195471843796	0.1754057359554051	0.13080238914256237	0.6795100112392621	0.0	0.0	0.42801388311936633	0.3189826148926169	0.16742596554659323	0.12477756809987732	0.6784452296819788	0.0032236208919182935	0.0	
2.0	0.0	0.44412636357465524	0.32950388621941135	0.17353627679888783	0.1287495301040689	0.6782249963680723	0.0	0.0	0.44331521195513773	0.32849815414283245	0.1730296571777673	0.12821573679328815	0.6784452296819788	-0.004365937042218028	0.0	
4.0	0.28606046854614553	0.5333808090048885	0.46206860765109975	0.3370271927043015	0.30843717895361805	0.7527461501548662	0.28402816183086443	0.28606046854614553	0.5333808090048885	0.46206860765109975	0.3370271927043015	0.30843717895361805	0.7527461501548662	0.28402816183086443	0.28402816183086443	
8.0	0.8556342703269433	0.8105159501267488	0.810490506327709	0.8105159501267488	0.810490506327709	0.9216658980865269	0.8411863500423195	0.8556342703269433	0.8105159501267488	0.810490506327709	0.8105159501267488	0.810490506327709	0.9216658980865269	0.8411863500423195	0.8411863500423195	
16.0	0.9773195876288661	0.9673008177811184	0.9672996234935909	0.9673008177811184	0.9672996234935909	0.9884816753926702	0.9764705928578085	0.9773195876288661	0.9673008177811184	0.9672996234935909	0.9673008177811184	0.9672996234935909	0.9884816753926702	0.9764705928578085	0.9764705928578085	
32.0	0.9773195876288661	0.9673008177811184	0.9672996234935909	0.9673008177811184	0.9672996234935909	0.9884816753926702	0.9764705928578085	0.9773195876288661	0.9673008177811184	0.9672996234935909	0.9673008177811184	0.9672996234935909	0.9884816753926702	0.9764705928578085	0.9764705928578085	
64.0	0.9458483754512634	0.9479915620481492	0.9453971854622834	0.9060405879082225	0.9041816358530304	0.9766718506998444	0.9505632702195367	0.9458483754512634	0.9479915620481492	0.9453971854622834	0.9060405879082225	0.9041816358530304	0.9766718506998444	0.9505632702195367	0.9505632702195367	
128.0	0.9759124087591241	0.9673726137335731	0.9662274482203067	0.9199277182726778	0.9191071713266329	0.9891268533772652	0.9774791626032078	0.9759124087591241	0.9673726137335731	0.9662274482203067	0.9199277182726778	0.9191071713266329	0.9891268533772652	0.9774791626032078	0.9774791626032078	
256.0	1.0	1.0	1.0	1.0	1.0	1.0	0.9999999999999998	1.0	1.0	1.0	1.0	1.0	1.0	0.9999999999999998	0.9999999999999998	
512.0	1.0	1.0	1.0	1.0	1.0	1.0	0.9999999999999998	1.0	1.0	1.0	1.0	1.0	1.0	0.9999999999999998	0.9999999999999998	
1024.0	1.0	1.0	1.0	1.0	1.0	1.0	0.9999999999999998	1.0	1.0	1.0	1.0	1.0	1.0	0.9999999999999998	0.9999999999999998	
