0.03125	0.5782051282051281	0.28437644055336014	0.2839891497774271	0.28437644055336014	0.2839891497774271	0.6195488721804512	0.39999999999999997	0.015174846045857887	0.12285588074933536	0.11947938127575841	0.09908500633136315	0.09611216576638847	0.678347481507307	0.08738375520577375	0.10647543163612298	
0.0625	0.4115562868504045	0.3852458437030165	0.3691045302816837	0.2803658843428513	0.26879698464460294	0.5216480114312931	0.24379922629181233	0.03202198917037327	0.18595872074051653	0.18462586845242654	0.11873960620339186	0.11790938742912298	0.6821207436584874	0.06419700397019888	0.14283889207011297	
0.125	0.42961804679784726	0.5317423019316637	0.5080406153151988	0.35444871164692027	0.3388366716992884	0.7195620209861519	0.4002055683795699	0.0758707546870091	0.24263557830057297	0.23521733535907763	0.14049180395542288	0.13629446094511968	0.6897314498345842	0.16674450137211275	0.19182636132455116	
0.25	0.33123440910170393	0.4638681682631711	0.4334713805132755	0.27187485961160895	0.2542229131858149	0.7029870758128165	0.3068065842027363	0.10125039908545061	0.2636709954404661	0.2472653588433064	0.1408391933595865	0.13215371362477363	0.687672419275832	0.143395934603103	0.17374283184113806	
0.5	0.3212953374643155	0.38957819073097355	0.36625023042093086	0.22789318608649797	0.2143753138454004	0.706973952144123	0.2848440495880934	0.2074143425544857	0.30100099594653856	0.27680914534520495	0.16111871963626806	0.14822254261647827	0.6964424567113963	0.21298928638574846	0.21985197801577544	
1.0	0.32838033747457296	0.39480047373290733	0.3691307712566165	0.2274096399328748	0.21277883908657969	0.7146910194854137	0.3090277323772916	0.2971678407825106	0.37852354626788076	0.34857851932328776	0.20079957871803197	0.18501031598726586	0.710774635841622	0.28503573071746763	0.28896414085485217	
2.0	0.48662754417831755	0.520796894866607	0.5028907926085452	0.3412390824663175	0.3300940963230297	0.771420818397775	0.470112358917922	0.4820428624091697	0.5193279751826326	0.5006609016895265	0.3309958593227582	0.3195274712132947	0.7709228151090739	0.4673328023088034	0.4667987162801368	
4.0	0.6121768069329044	0.685628364848166	0.6639283019574302	0.446937465388237	0.4331934695679195	0.8362679317958392	0.6413615191045395	0.6121768069329044	0.685628364848166	0.6639283019574302	0.446937465388237	0.4331934695679195	0.8362679317958392	0.6413615191045395	0.6413615191045395	
8.0	0.7539405227540821	0.7939339743978927	0.7809414820266299	0.5688785511843794	0.5595690235979783	0.8919766106794139	0.7711260579094896	0.7539405227540821	0.7939339743978927	0.7809414820266299	0.5688785511843794	0.5595690235979783	0.8919766106794139	0.7711260579094896	0.7711260579094896	
16.0	0.8082159624413146	0.8415768927968745	0.8309170745869137	0.6597099318296039	0.6520718383171424	0.9168528299612746	0.824949309353611	0.8082159624413146	0.8415768927968745	0.8309170745869137	0.6597099318296039	0.6520718383171424	0.9168528299612746	0.824949309353611	0.824949309353611	
32.0	0.8609632151885673	0.8775859244219888	0.870104896639717	0.7422052683376823	0.7368448776964123	0.9390750521834969	0.8714552066641603	0.8609632151885673	0.8775859244219888	0.870104896639717	0.7422052683376823	0.7368448776964123	0.9390750521834969	0.8714552066641603	0.8714552066641603	
64.0	0.9597069597069596	0.9676757118856155	0.9651036322217104	0.9201448975887934	0.918301921976315	0.98256735340729	0.9637668904259018	0.9597069597069596	0.9676757118856155	0.9651036322217104	0.9201448975887934	0.918301921976315	0.98256735340729	0.9637668904259018	0.9637668904259018	
128.0	1.0	1.0	1.0	1.0	1.0	1.0	0.9999999999999998	1.0	1.0	1.0	1.0	1.0	1.0	0.9999999999999998	0.9999999999999998	
256.0	1.0	1.0	1.0	1.0	1.0	1.0	0.9999999999999998	1.0	1.0	1.0	1.0	1.0	1.0	0.9999999999999998	0.9999999999999998	
512.0	1.0	1.0	1.0	1.0	1.0	1.0	0.9999999999999998	1.0	1.0	1.0	1.0	1.0	1.0	0.9999999999999998	0.9999999999999998	
1024.0	1.0	1.0	1.0	1.0	1.0	1.0	0.9999999999999998	1.0	1.0	1.0	1.0	1.0	1.0	0.9999999999999998	0.9999999999999998	
