0.03125	0.608974358974359	0.3426029367362781	0.34161034072196994	0.3426029367362781	0.34161034072196994	0.6319327731092438	0.4509647191437625	0.018001701169532796	0.1352088167007071	0.1320116060882775	0.10614582027362647	0.10339108609487754	0.6789947109201587	0.09617087184053348	0.11553176882629565	
0.0625	0.47262854792266557	0.4284209646638108	0.4163191806502361	0.3412296487093435	0.3320782205049386	0.525628551015548	0.2947639454355749	0.036298081188540554	0.1955281872720892	0.194134659421632	0.12826455468562675	0.12739013290332504	0.6827763861182924	0.08939602464292609	0.15842368345762223	
0.125	0.4365697926029495	0.4173730778015722	0.40384860988220606	0.3172203307148876	0.3081739127501669	0.6242577522493885	0.2751917646003567	0.08055601350099209	0.18301716199813484	0.17912130701222612	0.1129789044232818	0.110710624513362	0.6749625721879176	0.10895933900628751	0.1312199727685985	
0.25	0.3702366512273645	0.3557524151370537	0.3442050777168308	0.2604643736301004	0.2531509139271549	0.6403933171310158	0.2191467824807884	0.13129888561296185	0.20330805325889284	0.1942449838215737	0.12289340187673288	0.11764936128681198	0.6767816363041279	0.12201183351733355	0.1335054251620787	
0.5	0.32639872089234434	0.2190305666558114	0.2103985043397641	0.14043146543765275	0.13500255364372693	0.6668015239651506	0.201850801343667	0.22192103463256974	0.1843026465204682	0.17246554044303825	0.10463346415008597	0.09794112572053978	0.6804727281766902	0.16535860732976046	0.16511094480938845	
1.0	0.38690497266484325	0.38899261279059943	0.3729195342726072	0.24598543988282556	0.23625331277291242	0.7282004302867382	0.3396147963110586	0.35067574355961895	0.37003911612516005	0.3489925675456805	0.20738962875940117	0.1957974851166872	0.7223039834794835	0.3173255548095803	0.3152230120324283	
2.0	0.48394707625587097	0.48131917987335743	0.4665925511596393	0.3273112019394805	0.31793192911041357	0.7674116668336428	0.45220666950250055	0.4769854181154775	0.4764209620362353	0.46053591353917406	0.30974348163617255	0.29996789298566207	0.7651994999155936	0.4475812381525072	0.4467068761455749	
4.0	0.6441385509795483	0.6685944620286676	0.6554954530060786	0.5159715880605843	0.5071809017016895	0.8439380787060937	0.6499594430455022	0.6441385509795483	0.6685944620286676	0.6554954530060786	0.5159715880605843	0.5071809017016895	0.8439380787060937	0.6499594430455022	0.6499594430455022	
8.0	0.5522880932292924	0.569952691734779	0.5554353263748779	0.39783773959363333	0.3880208957739367	0.8004435573153718	0.5496978819498919	0.5522880932292924	0.569952691734779	0.5554353263748779	0.39783773959363333	0.3880208957739367	0.8004435573153718	0.5496978819498919	0.5496978819498919	
16.0	0.5664164040999184	0.6711653479803154	0.6455974588600422	0.4351960328078749	0.41914443812343416	0.8200409605224547	0.6024178073817769	0.5664164040999184	0.6711653479803154	0.6455974588600422	0.4351960328078749	0.41914443812343416	0.8200409605224547	0.6024178073817769	0.6024178073817769	
32.0	0.5901666419977023	0.6759161035282316	0.6517639440325625	0.4373768418436212	0.422169091536537	0.8291422042765972	0.6279221341690395	0.5901666419977023	0.6759161035282316	0.6517639440325625	0.4373768418436212	0.422169091536537	0.8291422042765972	0.6279221341690395	0.6279221341690395	
64.0	0.5697956972604861	0.7151727510717374	0.6830352869956107	0.4337742005160399	0.41428184322845557	0.8283525998993708	0.6275318934140227	0.5697956972604861	0.7151727510717374	0.6830352869956107	0.4337742005160399	0.41428184322845557	0.8283525998993708	0.6275318934140227	0.6275318934140227	
128.0	0.5901465376351984	0.7005996635980237	0.6740866056217156	0.44337961359758377	0.427015700615118	0.831497160681565	0.629319512664822	0.5901465376351984	0.7005996635980237	0.6740866056217156	0.44337961359758377	0.427015700615118	0.831497160681565	0.629319512664822	0.629319512664822	
256.0	0.6163059539330726	0.6993585055894443	0.6761410421317589	0.4520243227271652	0.43746438200470783	0.8377666594739035	0.6493472755730709	0.6163059539330726	0.6993585055894443	0.6761410421317589	0.4520243227271652	0.43746438200470783	0.8377666594739035	0.6493472755730709	0.6493472755730709	
512.0	0.6097125473396661	0.6975005622206074	0.6738383945120232	0.45089742310995584	0.43606775562482375	0.8355983113335631	0.6442485904532553	0.6097125473396661	0.6975005622206074	0.6738383945120232	0.45089742310995584	0.43606775562482375	0.8355983113335631	0.6442485904532553	0.6442485904532553	
1024.0	0.5757049729931086	0.6828767698446834	0.6562533244342146	0.428106671194507	0.4117198166385653	0.8234741135546386	0.6128789750854464	0.5757049729931086	0.6828767698446834	0.6562533244342146	0.428106671194507	0.4117198166385653	0.8234741135546386	0.6128789750854464	0.6128789750854464	
