0.03125	0.4333333333333333	0.3295782962934376	0.32757344061040045	0.3124398104259415	0.3108966269852615	0.4504559270516717	0.22581988897471605	0.010200841171354228	0.13320646740473713	0.1308125586930751	0.0933252793430993	0.09162371382821166	0.6791255364681938	0.030490225666511946	0.09397013793835189	
0.0625	0.3393226381461676	0.3887634428149188	0.3670051384668363	0.2633396331392344	0.24872637529476513	0.5220838837207123	0.19618279939482738	0.023374856574762393	0.19029466420370264	0.18828546898577098	0.11729239322319356	0.1161514602322566	0.6814172332888501	0.040608887237861824	0.1283735552817655	
0.125	0.31024034949332063	0.4856790162624363	0.4531864599391112	0.30004677697007154	0.27998679298536855	0.6905143071896749	0.2999418591185381	0.049941649900469384	0.22765695402776992	0.21922679352764912	0.12589516434996764	0.12134715383154618	0.684295490851221	0.10346137664998298	0.14721589598545556	
0.25	0.24858806232355732	0.37897633836627004	0.34917673292216317	0.21549449906252144	0.19876590818769163	0.6716304407741628	0.19269446689659403	0.07355750717139144	0.22034696925020722	0.20513258920981964	0.11495858903009792	0.10714775515118198	0.6794900064038532	0.07795647066883968	0.11167212462447518	
0.5	0.19919929258383223	0.1939357105032748	0.17956943302828474	0.1092232115621713	0.10118123710551807	0.6560371358560604	0.0962844034352421	0.1265447261521358	0.15632409882635967	0.14191459515520605	0.08164325392898383	0.0741311949408178	0.6644393095119954	0.06469314114706977	0.07233766675725982	
1.0	0.2356756781341532	0.31956805325859367	0.29180231810050417	0.16863820169505175	0.15409422744604692	0.6837240747597317	0.1895284944138415	0.21345318077580658	0.31075448666261035	0.2796532785666704	0.1550230480324746	0.13957838786672255	0.6832682457492926	0.17153315648936318	0.1773453924020001	
2.0	0.35005098351625946	0.396665630882165	0.3753171753863189	0.24166037505527688	0.2291253321796113	0.7167689930159894	0.31222149859220905	0.3457451042103802	0.39524517667917486	0.3730657503102592	0.23115903965196413	0.2183568186674855	0.7162848046450049	0.3092671684764907	0.30933073631273106	
4.0	0.5200664275223206	0.6468695274885875	0.6176617200363873	0.4041263538388618	0.386641982760473	0.8066858755114857	0.5607206729388269	0.5200664275223206	0.6468695274885875	0.6176617200363873	0.4041263538388618	0.386641982760473	0.8066858755114857	0.5607206729388269	0.5607206729388269	
8.0	0.6162663129499706	0.6981996399917969	0.6754609605604405	0.4556688749992578	0.44132714824643643	0.839958526813161	0.6495401225601526	0.6162663129499706	0.6981996399917969	0.6754609605604405	0.4556688749992578	0.44132714824643643	0.839958526813161	0.6495401225601526	0.6495401225601526	
16.0	0.7461022545529588	0.7958236247733252	0.7810624459201814	0.6111215089401524	0.6013713568531874	0.8931599085519032	0.7706324500669763	0.7461022545529588	0.7958236247733252	0.7810624459201814	0.6111215089401524	0.6013713568531874	0.8931599085519032	0.7706324500669763	0.7706324500669763	
32.0	0.85363720786256	0.8758637060446379	0.8681065818093522	0.7409712449466648	0.7354130225520719	0.9362268875437575	0.865372898101373	0.85363720786256	0.8758637060446379	0.8681065818093522	0.7409712449466648	0.7354130225520719	0.9362268875437575	0.865372898101373	0.865372898101373	
64.0	0.9186813186813186	0.936370003824927	0.9313828818779335	0.8410196396783854	0.837446210653715	0.9648458344199483	0.9269200774401796	0.9186813186813186	0.936370003824927	0.9313828818779335	0.8410196396783854	0.837446210653715	0.9648458344199483	0.9269200774401796	0.9269200774401796	
128.0	0.9597069597069596	0.9676757118856155	0.9651036322217104	0.9201448975887934	0.918301921976315	0.98256735340729	0.9637668904259018	0.9597069597069596	0.9676757118856155	0.9651036322217104	0.9201448975887934	0.918301921976315	0.98256735340729	0.9637668904259018	0.9637668904259018	
256.0	1.0	1.0	1.0	1.0	1.0	1.0	0.9999999999999998	1.0	1.0	1.0	1.0	1.0	1.0	0.9999999999999998	0.9999999999999998	
512.0	1.0	1.0	1.0	1.0	1.0	1.0	0.9999999999999998	1.0	1.0	1.0	1.0	1.0	1.0	0.9999999999999998	0.9999999999999998	
1024.0	1.0	1.0	1.0	1.0	1.0	1.0	0.9999999999999998	1.0	1.0	1.0	1.0	1.0	1.0	0.9999999999999998	0.9999999999999998	
