0.03125	0.2	0.368541231933533	0.32865027938526314	0.19961591182230679	0.17851367468826232	0.6261904761904762	0.2	0.004395604395604396	0.16449174082279377	0.16093402299531928	0.09976161861750296	0.09720638456356838	0.6794109880160456	0.009357715919727816	0.045436946739765185	
0.0625	0.0	0.4242415992337005	0.3512750737907503	0.20114906091972937	0.16653194405466093	0.5025016458196181	0.0	0.0	0.20826972617564166	0.20257754808562822	0.09645922122257372	0.09396503214601162	0.6784452296819788	-0.10322560245380534	0.0	
0.125	0.0	0.49478293440310894	0.3934364009431258	0.21278859037249398	0.16918288419608582	0.6433719384684498	0.0	0.0	0.2617995282490676	0.23704153061621805	0.11099717966060992	0.10061282480477371	0.6784452296819788	-0.03765070474531744	0.0	
0.25	0.0	0.4759835509012875	0.36946113105731077	0.1958340836856955	0.15201862339525704	0.6584348311221329	0.0	0.0	0.3077733680062763	0.26044468392751974	0.1256881290771726	0.10642436084884774	0.6784452296819788	-0.03011206882406216	0.0	
0.5	0.051590106007067135	0.41817063028919305	0.32696120468361023	0.1769178507846533	0.14000251324108132	0.6756627143149861	0.032734152415581974	0.04634920634920635	0.34150207689649703	0.27383500583543247	0.14234177654324887	0.11499263522849153	0.6768161292496703	0.025545827135710835	0.029958228803109166	
1.0	0.120322724096309	0.35088584897728575	0.2800021374889711	0.16233906043529947	0.13391622263621591	0.6695554316112012	0.0635914984595604	0.11275774254497659	0.3434574534915486	0.27299916318920486	0.15083022873103513	0.12266846315302345	0.6713996551793131	0.05820762355966439	0.06073021197961148	
2.0	0.3428405723564424	0.4331150648409852	0.39877177902054567	0.2825159224401557	0.2663360305878819	0.7156465901893486	0.29525171778920567	0.3428405723564424	0.43289274064752636	0.3984964028143948	0.2823673766368902	0.2661827508470778	0.7159972902610827	0.29204201409537384	0.29525171778920567	
4.0	0.7036675908183222	0.7350235635469463	0.7198942037653256	0.5930704413752703	0.5836074334169279	0.8747009299406017	0.7288066575845598	0.7036675908183222	0.7350235635469463	0.7198942037653256	0.5930704413752703	0.5836074334169279	0.8747009299406017	0.7288066575845598	0.7288066575845598	
8.0	0.9075014058106842	0.8845149800379769	0.8811091537991441	0.794594697195592	0.7921539775139741	0.9575148934811667	0.9118786652310369	0.9075014058106842	0.8845149800379769	0.8811091537991441	0.794594697195592	0.7921539775139741	0.9575148934811667	0.9118786652310369	0.9118786652310369	
16.0	0.9773195876288661	0.9673008177811184	0.9672996234935909	0.9673008177811184	0.9672996234935909	0.9884816753926702	0.9764705928578084	0.9773195876288661	0.9673008177811184	0.9672996234935909	0.9673008177811184	0.9672996234935909	0.9884816753926702	0.9764705928578084	0.9764705928578084	
32.0	0.9544822173866514	0.9347348412248572	0.9347335160691472	0.9347348412248572	0.9347335160691472	0.9770432005226528	0.9529232242791934	0.9544822173866514	0.9347348412248572	0.9347335160691472	0.9347348412248572	0.9347335160691472	0.9770432005226528	0.9529232242791934	0.9529232242791934	
64.0	0.9773195876288661	0.9673008177811184	0.9672996234935909	0.9673008177811184	0.9672996234935909	0.9884816753926702	0.9764705928578084	0.9773195876288661	0.9673008177811184	0.9672996234935909	0.9673008177811184	0.9672996234935909	0.9884816753926702	0.9764705928578084	0.9764705928578084	
128.0	1.0	1.0	1.0	1.0	1.0	1.0	0.9999999999999998	1.0	1.0	1.0	1.0	1.0	1.0	0.9999999999999998	0.9999999999999998	
256.0	1.0	1.0	1.0	1.0	1.0	1.0	0.9999999999999998	1.0	1.0	1.0	1.0	1.0	1.0	0.9999999999999998	0.9999999999999998	
512.0	1.0	1.0	1.0	1.0	1.0	1.0	0.9999999999999998	1.0	1.0	1.0	1.0	1.0	1.0	0.9999999999999998	0.9999999999999998	
1024.0	1.0	1.0	1.0	1.0	1.0	1.0	0.9999999999999998	1.0	1.0	1.0	1.0	1.0	1.0	0.9999999999999998	0.9999999999999998	
