0.03125	0.06666666666666667	0.368541231933533	0.32865027938526314	0.19961591182230679	0.17851367468826232	0.4261904761904762	0.0	0.0014652014652014652	0.16133649437855696	0.15870377398740235	0.08823631610569313	0.08680770434552651	0.6787656288459372	-0.05089912877612883	0.025806451612903215	
0.0625	0.0	0.4242415992337005	0.3512750737907503	0.20114906091972937	0.16653194405466093	0.5025016458196181	0.0	0.0	0.20826972617564166	0.20257754808562822	0.09645922122257372	0.09396503214601162	0.6784452296819788	-0.10322560245380534	0.0	
0.125	0.0	0.49478293440310894	0.3934364009431258	0.21278859037249398	0.16918288419608582	0.6433719384684498	0.0	0.0	0.2617995282490676	0.23704153061621805	0.11099717966060992	0.10061282480477371	0.6784452296819788	-0.03765070474531744	0.0	
0.25	0.0	0.4759835509012875	0.36946113105731077	0.1958340836856955	0.15201862339525704	0.6584348311221329	0.0	0.0	0.3077733680062763	0.26044468392751974	0.1256881290771726	0.10642436084884774	0.6784452296819788	-0.03011206882406216	0.0	
0.5	0.07774086378737541	0.4301759229052197	0.34052256426830935	0.19097625437633609	0.15486842983935542	0.6775889519062032	0.05220168646988339	0.07027027027027027	0.35097204500491425	0.28455422698961613	0.15065104927166095	0.12387337072016658	0.6784704694598688	0.0441071165448184	0.04719814173404173	
1.0	0.12142215376716725	0.3539727283707573	0.2828993936027332	0.1642113474302751	0.13567349729825245	0.6710474062952478	0.06740834437552995	0.1137124854916266	0.3462288487205277	0.2755560398456235	0.15235120268091437	0.12407170681412319	0.672689093990528	0.0617202591552405	0.06426799018671589	
2.0	0.34348994588364384	0.43133550479011246	0.39723151075316304	0.26853551566450784	0.2521978131319395	0.7214561257943166	0.3035386655336933	0.34348994588364384	0.43111318059665366	0.3969561345470122	0.2683869698612424	0.2520445333911354	0.7218068258660508	0.30032896183986146	0.3035386655336933	
4.0	0.6727802652534847	0.6666895328578534	0.6541785826604544	0.5127485175898056	0.5043997068126256	0.8549935381288863	0.682770040722862	0.6727802652534847	0.6666895328578534	0.6541785826604544	0.5127485175898056	0.5043997068126256	0.8549935381288863	0.682770040722862	0.682770040722862	
8.0	0.8538108887153228	0.8334182165639777	0.8292343748969261	0.7487508316032002	0.7457526024101221	0.932335297000766	0.857242012895832	0.8538108887153228	0.8334182165639777	0.8292343748969261	0.7487508316032002	0.7457526024101221	0.932335297000766	0.857242012895832	0.857242012895832	
16.0	0.9008690756834735	0.8935748346214474	0.8911259528790826	0.8577801045591361	0.8560250655717189	0.9539137741581023	0.9002140765558334	0.9008690756834735	0.8935748346214474	0.8911259528790826	0.8577801045591361	0.8560250655717189	0.9539137741581023	0.9002140765558334	0.9002140765558334	
32.0	0.9544822173866514	0.9347348412248572	0.9347335160691472	0.9347348412248572	0.9347335160691472	0.9770432005226528	0.9529232242791934	0.9544822173866514	0.9347348412248572	0.9347335160691472	0.9347348412248572	0.9347335160691472	0.9770432005226528	0.9529232242791934	0.9529232242791934	
64.0	0.9773195876288661	0.9673008177811184	0.9672996234935909	0.9673008177811184	0.9672996234935909	0.9884816753926702	0.9764705928578084	0.9773195876288661	0.9673008177811184	0.9672996234935909	0.9673008177811184	0.9672996234935909	0.9884816753926702	0.9764705928578084	0.9764705928578084	
128.0	1.0	1.0	1.0	1.0	1.0	1.0	0.9999999999999998	1.0	1.0	1.0	1.0	1.0	1.0	0.9999999999999998	0.9999999999999998	
256.0	1.0	1.0	1.0	1.0	1.0	1.0	0.9999999999999998	1.0	1.0	1.0	1.0	1.0	1.0	0.9999999999999998	0.9999999999999998	
512.0	1.0	1.0	1.0	1.0	1.0	1.0	0.9999999999999998	1.0	1.0	1.0	1.0	1.0	1.0	0.9999999999999998	0.9999999999999998	
1024.0	1.0	1.0	1.0	1.0	1.0	1.0	0.9999999999999998	1.0	1.0	1.0	1.0	1.0	1.0	0.9999999999999998	0.9999999999999998	
