0.03125	0.5782051282051281	0.28437644055336014	0.2839891497774271	0.28437644055336014	0.2839891497774271	0.6195488721804512	0.39999999999999997	0.015174846045857887	0.12285588074933536	0.11947938127575841	0.09908500633136315	0.09611216576638847	0.678347481507307	0.08738375520577375	0.10647543163612298	
0.0625	0.4115562868504045	0.3852458437030165	0.3691045302816837	0.2803658843428513	0.26879698464460294	0.5216480114312931	0.24379922629181233	0.03202198917037327	0.18595872074051653	0.18462586845242654	0.11873960620339186	0.11790938742912298	0.6821207436584874	0.06419700397019888	0.14283889207011297	
0.125	0.4262253344998501	0.5160419823556454	0.49383751646923574	0.345187616682809	0.33055379503246823	0.7139318718643473	0.3830059584019681	0.07324438106063548	0.2333149193118295	0.22653071150533952	0.13539797089114103	0.13155136345531634	0.6872408375927366	0.15766221083420875	0.180183515826189	
0.25	0.37865037849651817	0.46454081310652223	0.44066973570691303	0.2863795185122821	0.2719859102969643	0.7126411827955916	0.34431834944089135	0.11762724918921863	0.2655255547978289	0.25000422448779286	0.14611667154212898	0.13772913966636438	0.6916182673466965	0.17774496362670553	0.1975931852485519	
0.5	0.337924726874871	0.410669385733568	0.3864998443942111	0.24786260224562798	0.23370976759046203	0.7203165003366696	0.3223824658749428	0.2208256279912389	0.3159382976683091	0.2912302972893775	0.17263433833482272	0.1593365546822978	0.7041532218377167	0.24034434188663706	0.2493859454333172	
1.0	0.42342302404216936	0.43151237284238864	0.4154247906642432	0.28129837446385	0.2710631027500828	0.7376607877030087	0.38069790271878695	0.38358205241273263	0.40842690135175796	0.3870074555073161	0.2341507831308829	0.22200909362408563	0.730713761788535	0.3563551379453608	0.3537851106486557	
2.0	0.5645671035088744	0.5640310118839909	0.5501619319949465	0.38529294144904963	0.37627005897322485	0.798628431334165	0.5411664277414312	0.5592899732317441	0.5615664788974046	0.5468380739538853	0.37304126172430097	0.3636599884178921	0.7975361416751294	0.5378286618534374	0.5370593600497482	
4.0	0.7414723038235571	0.7696758468377496	0.7565652427071946	0.5828930541052705	0.5742611724611165	0.8874958571730763	0.760415945692883	0.7414723038235571	0.7696758468377496	0.7565652427071946	0.5828930541052705	0.5742611724611165	0.8874958571730763	0.760415945692883	0.760415945692883	
8.0	0.8008899551153073	0.8528993320399676	0.8404555264541717	0.7085982105906992	0.7004803027018145	0.9175286664266524	0.8234480852083992	0.8008899551153073	0.8528993320399676	0.8404555264541717	0.7085982105906992	0.7004803027018145	0.9175286664266524	0.8234480852083992	0.8234480852083992	
16.0	0.8562835088786646	0.870461159100586	0.8627447892406875	0.7278687162101187	0.7223396585045013	0.9362635853518528	0.8677533026990905	0.8562835088786646	0.870461159100586	0.8627447892406875	0.7278687162101187	0.7223396585045013	0.9362635853518528	0.8677533026990905	0.8677533026990905	
32.0	0.9368695894647452	0.9351097353293545	0.9325375247972666	0.8875789210325322	0.8857358145518713	0.9711288785372727	0.9402195218472867	0.9368695894647452	0.9351097353293545	0.9325375247972666	0.8875789210325322	0.8857358145518713	0.9711288785372727	0.9402195218472867	0.9402195218472867	
64.0	1.0	1.0	1.0	1.0	1.0	1.0	0.9999999999999998	1.0	1.0	1.0	1.0	1.0	1.0	0.9999999999999998	0.9999999999999998	
128.0	1.0	1.0	1.0	1.0	1.0	1.0	0.9999999999999998	1.0	1.0	1.0	1.0	1.0	1.0	0.9999999999999998	0.9999999999999998	
256.0	1.0	1.0	1.0	1.0	1.0	1.0	0.9999999999999998	1.0	1.0	1.0	1.0	1.0	1.0	0.9999999999999998	0.9999999999999998	
512.0	1.0	1.0	1.0	1.0	1.0	1.0	0.9999999999999998	1.0	1.0	1.0	1.0	1.0	1.0	0.9999999999999998	0.9999999999999998	
1024.0	1.0	1.0	1.0	1.0	1.0	1.0	0.9999999999999998	1.0	1.0	1.0	1.0	1.0	1.0	0.9999999999999998	0.9999999999999998	
