0.03125	0.7277777777777777	0.3784242244657071	0.37510356939621003	0.347439447355411	0.34495345245589853	0.8674772036474163	0.6774596669241483	0.017542447819820083	0.1546200681805972	0.1501034907428779	0.1273939103222684	0.12316441059676286	0.6813686357607917	0.1760343526388073	0.15271545391605157	
0.0625	0.4874034462269757	0.4590089683293379	0.4352104207242272	0.31367275159802566	0.2975975955787086	0.7535362426476319	0.48473647024348027	0.031459188013932535	0.21684261152240603	0.21384021569544678	0.14945689560826753	0.14732432106518348	0.6844743349720888	0.14619600745281416	0.18115935256437918	
0.125	0.37120469157082425	0.5346142719252822	0.5039769530320918	0.3409639192273479	0.32171504564899717	0.7055141856022435	0.3697455042832757	0.06820006115475682	0.24905331274548798	0.24089127856291462	0.14123217302250518	0.13661341705986743	0.6887010173128071	0.14318855497557675	0.1840019226576501	
0.25	0.3074431292889045	0.43927706985575954	0.4077672285579522	0.2598532593327782	0.24196929012524898	0.6995387219152148	0.3003759036187617	0.10106018532543257	0.25917934734203846	0.24199633123681932	0.1389294009864959	0.12981224454239834	0.6905475139534564	0.14195291219207312	0.1791112997182491	
0.5	0.3218824345770122	0.4873514131659107	0.4500035357762659	0.26917804844262777	0.24886178340829637	0.7306286029216336	0.34823701838944443	0.20263028495962482	0.37669401989455786	0.34113394493852756	0.1934670907701742	0.17531870401163946	0.7099451453726824	0.2522921501101668	0.2682996047342825	
1.0	0.4142494347356626	0.5954011556771224	0.5579494884916665	0.3485141466500068	0.32680733983835986	0.771989736828057	0.475947121753933	0.3732130690582648	0.5605553530497279	0.5173420793470631	0.30035582057192006	0.27732412349080465	0.7615066521316318	0.4399264150918021	0.4451644295991642	
2.0	0.47131453249411	0.6341534158826377	0.6016299345057065	0.3846334896943162	0.36490700107861457	0.7860747560752152	0.5175359733303313	0.46722349839069965	0.6321695539586674	0.5987193506491464	0.3776794018943691	0.35771139569019855	0.7855834507703505	0.5143326965895296	0.5148461784160443	
4.0	0.5444900170252283	0.7080668196909518	0.674213749404317	0.4294642352677792	0.40893131021352846	0.8201057585237322	0.6087996334245125	0.5444900170252283	0.7080668196909518	0.674213749404317	0.4294642352677792	0.40893131021352846	0.8201057585237322	0.6087996334245125	0.6087996334245125	
8.0	0.5174836900189013	0.6461876304286334	0.6162151443952305	0.39193260978202227	0.37375337805495484	0.8036888599838463	0.5622068209613134	0.5174836900189013	0.6461876304286334	0.6162151443952305	0.39193260978202227	0.37375337805495484	0.8036888599838463	0.5622068209613134	0.5622068209613134	
16.0	0.49710055203012954	0.6413003643541895	0.6098623679851427	0.38896833306569867	0.36990022438793746	0.7975126298860162	0.5461039067569295	0.49710055203012954	0.6413003643541895	0.6098623679851427	0.38896833306569867	0.36990022438793746	0.7975126298860162	0.5461039067569295	0.5461039067569295	
32.0	0.5404297580353918	0.670684827903741	0.6401664657925671	0.40679091112771004	0.38828058882307076	0.8139930382104161	0.5898765489572211	0.5404297580353918	0.670684827903741	0.6401664657925671	0.40679091112771004	0.38828058882307076	0.8139930382104161	0.5898765489572211	0.5898765489572211	
64.0	0.49913068152504775	0.6599913602477947	0.6268860097910177	0.4003049951357333	0.3802255850831663	0.8005689900426741	0.5555654489905753	0.49913068152504775	0.6599913602477947	0.6268860097910177	0.4003049951357333	0.3802255850831663	0.8005689900426741	0.5555654489905753	0.5555654489905753	
128.0	0.5326007326007326	0.686878376638641	0.6540881245571066	0.4166127949249777	0.39672450169782103	0.8138468680543154	0.590917987199824	0.5326007326007326	0.686878376638641	0.6540881245571066	0.4166127949249777	0.39672450169782103	0.8138468680543154	0.590917987199824	0.590917987199824	
256.0	0.5207114481762368	0.6656899335863304	0.6339624997098962	0.40376135458217616	0.38451769318211354	0.8075879775848988	0.5730363409751356	0.5207114481762368	0.6656899335863304	0.6339624997098962	0.40376135458217616	0.38451769318211354	0.8075879775848988	0.5730363409751356	0.5730363409751356	
512.0	0.5157818707114481	0.6651307575019806	0.6329266062652703	0.40342219714283994	0.3838893920477526	0.8064318578118869	0.5702510764026752	0.5157818707114481	0.6651307575019806	0.6329266062652703	0.40342219714283994	0.3838893920477526	0.8064318578118869	0.5702510764026752	0.5702510764026752	
1024.0	0.5344631893927668	0.6875820556597662	0.654960648393314	0.4170395978258866	0.3972537141558109	0.8144607949710224	0.5915486712022988	0.5344631893927668	0.6875820556597662	0.654960648393314	0.4170395978258866	0.3972537141558109	0.8144607949710224	0.5915486712022988	0.5915486712022988	
