0.03125	0.06666666666666667	0.368541231933533	0.32865027938526314	0.19961591182230679	0.17851367468826232	0.4261904761904762	0.0	0.0014652014652014652	0.16133649437855696	0.15870377398740235	0.08823631610569313	0.08680770434552651	0.6787656288459372	-0.05089912877612883	0.025806451612903215	
0.0625	0.0	0.4242415992337005	0.3512750737907503	0.20114906091972937	0.16653194405466093	0.5025016458196181	0.0	0.0	0.20826972617564166	0.20257754808562822	0.09645922122257372	0.09396503214601162	0.6784452296819788	-0.10322560245380534	0.0	
0.125	0.0	0.49478293440310894	0.3934364009431258	0.21278859037249398	0.16918288419608582	0.6433719384684498	0.0	0.0	0.2617995282490676	0.23704153061621805	0.11099717966060992	0.10061282480477371	0.6784452296819788	-0.03765070474531744	0.0	
0.25	0.0	0.4759835509012875	0.36946113105731077	0.1958340836856955	0.15201862339525704	0.6584348311221329	0.0	0.0	0.3077733680062763	0.26044468392751974	0.1256881290771726	0.10642436084884774	0.6784452296819788	-0.03011206882406216	0.0	
0.5	0.07774086378737541	0.4301759229052197	0.34052256426830935	0.19097625437633609	0.15486842983935542	0.6775889519062032	0.05220168646988339	0.07027027027027027	0.35097204500491425	0.28455422698961613	0.15065104927166095	0.12387337072016658	0.6784704694598688	0.0441071165448184	0.04719814173404173	
1.0	0.11593763271249165	0.3335971557488946	0.2624533041851391	0.14601088479735116	0.11754660793356045	0.6616249829622144	0.04990967217089044	0.10837510955302365	0.3276390665696306	0.25698244450777274	0.13899279449982038	0.11081274903393956	0.6645191209512304	0.04481549836644977	0.04774240593514503	
2.0	0.28442348670443524	0.4024095942917271	0.3641365228987393	0.23153709072068512	0.21326165009023373	0.7093329988941997	0.25077579364748603	0.28442348670443524	0.4021872700982684	0.3638611466925884	0.23138854491741961	0.2131083703494296	0.7096836989659338	0.2475660899536542	0.25077579364748603	
4.0	0.5800467012396437	0.6043435838305543	0.5862450272634027	0.40905363324980015	0.3973158193875772	0.8194559229848389	0.597150055862852	0.5800467012396437	0.6043435838305543	0.5862450272634027	0.40905363324980015	0.3973158193875772	0.8194559229848389	0.597150055862852	0.597150055862852	
8.0	0.7743500117085792	0.7751601532112318	0.7676522221103641	0.6595448019266122	0.6541647956720896	0.897926215837729	0.7791454323740432	0.7743500117085792	0.7751601532112318	0.7676522221103641	0.6595448019266122	0.6541647956720896	0.897926215837729	0.7791454323740432	0.7791454323740432	
16.0	0.9008690756834735	0.8935748346214474	0.8911259528790826	0.8577801045591361	0.8560250655717189	0.9539137741581023	0.9002140765558334	0.9008690756834735	0.8935748346214474	0.8911259528790826	0.8577801045591361	0.8560250655717189	0.9539137741581023	0.9002140765558334	0.9002140765558334	
32.0	0.9544822173866514	0.9347348412248572	0.9347335160691472	0.9347348412248572	0.9347335160691472	0.9770432005226528	0.9529232242791934	0.9544822173866514	0.9347348412248572	0.9347335160691472	0.9347348412248572	0.9347335160691472	0.9770432005226528	0.9529232242791934	0.9529232242791934	
64.0	0.9773195876288661	0.9673008177811184	0.9672996234935909	0.9673008177811184	0.9672996234935909	0.9884816753926702	0.9764705928578084	0.9773195876288661	0.9673008177811184	0.9672996234935909	0.9673008177811184	0.9672996234935909	0.9884816753926702	0.9764705928578084	0.9764705928578084	
128.0	1.0	1.0	1.0	1.0	1.0	1.0	0.9999999999999998	1.0	1.0	1.0	1.0	1.0	1.0	0.9999999999999998	0.9999999999999998	
256.0	1.0	1.0	1.0	1.0	1.0	1.0	0.9999999999999998	1.0	1.0	1.0	1.0	1.0	1.0	0.9999999999999998	0.9999999999999998	
512.0	1.0	1.0	1.0	1.0	1.0	1.0	0.9999999999999998	1.0	1.0	1.0	1.0	1.0	1.0	0.9999999999999998	0.9999999999999998	
1024.0	1.0	1.0	1.0	1.0	1.0	1.0	0.9999999999999998	1.0	1.0	1.0	1.0	1.0	1.0	0.9999999999999998	0.9999999999999998	
