0.03125	0.41969696969696973	0.3081786989512881	0.3068982871388191	0.2971063288966197	0.29608223217195506	0.43602484472049685	0.18890599607549538	0.009458116380649934	0.1267298795021043	0.12438609500295028	0.08939703020982855	0.087725866566621	0.6783332100024466	0.018002909207226647	0.0818390810084301	
0.0625	0.35295900178253115	0.41016304015706834	0.38768029193841763	0.2786731146685562	0.26354077010807153	0.5365149660518872	0.23309669229404806	0.024117581365466684	0.19677125210633545	0.19471193267589576	0.1212206423564643	0.12004930749384726	0.6822095597545974	0.05309620369714711	0.1405046122116873	
0.125	0.30026967500651713	0.4632614691971725	0.4326920574070157	0.2839839025915484	0.26530191187961927	0.6762285929039605	0.26509724390005196	0.04916711757359049	0.2214898427949313	0.2131499892439944	0.12215462230539283	0.11766138572043654	0.683502044217367	0.09283047761460683	0.13613937812707652	
0.25	0.2755770159174086	0.42365979303315215	0.39200043795915995	0.24411687654936257	0.22599927794860827	0.6885430913433066	0.24775823818714873	0.08075365275875696	0.24090174520960445	0.22524111925998422	0.12721111303690605	0.1190049682843303	0.6827449568064284	0.10422620713022121	0.13972024230586183	
0.5	0.21178860086314763	0.22564039705845945	0.20895108197381038	0.12678448094708056	0.11745847831166527	0.6611539635523742	0.11839089595345872	0.13472419863084917	0.1815250681305656	0.16480849502415923	0.09465478937883343	0.0859522349900459	0.6674577372305619	0.08107081458036723	0.08956194683314071	
1.0	0.24426811489614625	0.29473214708816636	0.2722406236198724	0.16316975946520304	0.15084941279025724	0.6834951922851575	0.19065749017099906	0.22245190059973194	0.28868261647734034	0.26288525550566033	0.14912132235473677	0.13588324904941898	0.6834756606646085	0.1747817209109998	0.1792862394575782	
2.0	0.3114217931611558	0.34465470029392403	0.3248952683063348	0.20601714217009195	0.19426221686646644	0.7014817664588213	0.26154098817573534	0.30929901510939434	0.34591551683691	0.32555929544714834	0.204808553276641	0.19288812955411644	0.7020465755829003	0.2597513411582142	0.26093806349594584	
4.0	0.4309438632384287	0.4090230841750178	0.3935861049361514	0.2666446094053937	0.2569262714726138	0.7440672154484729	0.4002426019173176	0.4309438632384287	0.4090230841750178	0.3935861049361514	0.2666446094053937	0.2569262714726138	0.7440672154484729	0.4002426019173176	0.4002426019173176	
8.0	0.6568009288736693	0.6340152724696391	0.6257959800095623	0.5638737835473262	0.5586544151538603	0.8369550127948365	0.6415697472524933	0.6568009288736693	0.6340152724696391	0.6257959800095623	0.5638737835473262	0.5586544151538603	0.8369550127948365	0.6415697472524933	0.6415697472524933	
16.0	0.8505002668708744	0.7847155982315936	0.7847139213662209	0.7847155982315936	0.7847139213662209	0.9219305488762057	0.8394654065072773	0.8505002668708744	0.7847155982315936	0.7847139213662209	0.7847155982315936	0.7847139213662209	0.9219305488762057	0.8394654065072773	0.8394654065072773	
32.0	0.7353471679434197	0.6374837263915701	0.6370352001120445	0.6317911812196284	0.6314692272837338	0.8564087353606616	0.6818666567187538	0.7353471679434197	0.6374837263915701	0.6370352001120445	0.6317911812196284	0.6314692272837338	0.8564087353606616	0.6818666567187538	0.6818666567187538	
64.0	0.5648787053670595	0.373902454320976	0.3739023916225441	0.373902454320976	0.3739023916225441	0.7241564863292612	0.4342326166605103	0.5648787053670595	0.373902454320976	0.3739023916225441	0.373902454320976	0.3739023916225441	0.7241564863292612	0.4342326166605103	0.4342326166605103	
128.0	0.45548500190297136	0.06172748723454369	0.061727438987694505	0.06172748723454369	0.061727438987694505	0.23986135181975737	0.070321563404699	0.45548500190297136	0.06172748723454369	0.061727438987694505	0.06172748723454369	0.061727438987694505	0.23986135181975737	0.070321563404699	0.070321563404699	
256.0	0.48663101604278075	0.0	0.0	0.0	0.0	0.0	0.0	0.48663101604278075	0.0	0.0	0.0	0.0	0.0	0.0	0.0	
512.0	0.48663101604278075	0.0	0.0	0.0	0.0	0.0	0.0	0.48663101604278075	0.0	0.0	0.0	0.0	0.0	0.0	0.0	
1024.0	0.48663101604278075	0.0	0.0	0.0	0.0	0.0	0.0	0.48663101604278075	0.0	0.0	0.0	0.0	0.0	0.0	0.0	
