0.03125	0.7115384615384615	0.28437644055336014	0.2839891497774271	0.28437644055336014	0.2839891497774271	0.819548872180451	0.6	0.018105248976260816	0.12601112719357216	0.12170963028367532	0.110610308843173	0.10651084598443035	0.6789928406774154	0.14764059990163042	0.126105926762985	
0.0625	0.4115562868504045	0.3852458437030165	0.3691045302816837	0.2803658843428513	0.26879698464460294	0.5216480114312931	0.24379922629181233	0.03202198917037327	0.18595872074051653	0.18462586845242654	0.11873960620339186	0.11790938742912298	0.6821207436584874	0.06419700397019888	0.14283889207011297	
0.125	0.46918657777409684	0.5417873524521657	0.5225014167145203	0.37228003792332304	0.35925725387420393	0.7220291095321396	0.4189448623790895	0.08189007487986141	0.23712519831559437	0.23133715137559765	0.14018824936339916	0.13679263630225913	0.6874392684961687	0.1755900931435833	0.19076984207358588	
0.25	0.404922894367236	0.4616575195392733	0.4454680309997691	0.30758725934064607	0.29709130595248634	0.6934725672760182	0.3209519978060898	0.13167464739665835	0.2575633561559615	0.2453245059951959	0.14920052995056915	0.14220228612562882	0.6868116848479744	0.171482337229968	0.18305632180836517	
0.5	0.4112248203185784	0.42382442776858464	0.407914633879278	0.2752888688273398	0.2654145008159464	0.7190718201932274	0.3460424168946267	0.2612383402376619	0.3165779903139817	0.29689544875427254	0.1805142332123403	0.169449721714429	0.7002506646039252	0.262894035956946	0.25668223687377467	
1.0	0.3879088700790181	0.39009732204341285	0.37486543990519977	0.25470915962128954	0.24518869223555742	0.7259033645145039	0.3438177586115686	0.3527317840711674	0.37251010989716715	0.3525927985262814	0.2135225124155949	0.2023333073318035	0.7205920763509961	0.3216597075583968	0.32018474495119165	
2.0	0.5655731481806165	0.5857258478076934	0.5689248798870331	0.39515573493537903	0.3842184827591606	0.8065069345993049	0.5637433185274292	0.5604851393797365	0.5840225168365862	0.5663714139638503	0.38412280287691847	0.37289799039105465	0.8054685229844788	0.5602351838912419	0.5599906263773409	
4.0	0.6517239566483026	0.7013384583706715	0.6842508875742939	0.5145205355730074	0.503711296529719	0.8490375218354911	0.6724589636078397	0.6517239566483026	0.7013384583706715	0.6842508875742939	0.5145205355730074	0.503711296529719	0.8490375218354911	0.6724589636078397	0.6724589636078397	
8.0	0.7172704798146494	0.7873628490500943	0.7695111681527322	0.548251792773084	0.5362589728997834	0.8816623746841353	0.7487456366190374	0.7172704798146494	0.7873628490500943	0.7695111681527322	0.548251792773084	0.5362589728997834	0.8816623746841353	0.7487456366190374	0.7487456366190374	
16.0	0.8263736263736264	0.8800627616521766	0.8676598413099507	0.7280616584104141	0.7199730460786878	0.929003839104765	0.8493758583847317	0.8263736263736264	0.8800627616521766	0.8676598413099507	0.7280616584104141	0.7199730460786878	0.929003839104765	0.8493758583847317	0.8493758583847317	
32.0	0.8965765491717048	0.9027854472149702	0.897641157018977	0.8077238186213256	0.8040377365281864	0.9536962319445627	0.9039864122731887	0.8965765491717048	0.9027854472149702	0.897641157018977	0.8077238186213256	0.8040377365281864	0.9536962319445627	0.9039864122731887	0.9039864122731887	
64.0	1.0	1.0	1.0	1.0	1.0	1.0	0.9999999999999998	1.0	1.0	1.0	1.0	1.0	1.0	0.9999999999999998	0.9999999999999998	
128.0	1.0	1.0	1.0	1.0	1.0	1.0	0.9999999999999998	1.0	1.0	1.0	1.0	1.0	1.0	0.9999999999999998	0.9999999999999998	
256.0	1.0	1.0	1.0	1.0	1.0	1.0	0.9999999999999998	1.0	1.0	1.0	1.0	1.0	1.0	0.9999999999999998	0.9999999999999998	
512.0	1.0	1.0	1.0	1.0	1.0	1.0	0.9999999999999998	1.0	1.0	1.0	1.0	1.0	1.0	0.9999999999999998	0.9999999999999998	
1024.0	1.0	1.0	1.0	1.0	1.0	1.0	0.9999999999999998	1.0	1.0	1.0	1.0	1.0	1.0	0.9999999999999998	0.9999999999999998	
