0.03125	0.33666666666666667	0.3035038391712518	0.3011807612548552	0.2899742254614738	0.2884171834127276	0.4422857142857143	0.17999999999999997	0.006569574724203305	0.12377342392233366	0.12181843279476408	0.0820829196405469	0.08074874463654966	0.6783238629439575	-0.013087372859150282	0.05354172129099183	
0.0625	0.37001782531194294	0.40437324232090816	0.38629614175911187	0.28596366925096495	0.2732250182799035	0.5443848535365563	0.22379922629181231	0.02781232224432309	0.19302976043585413	0.1915574854734575	0.12175332443562199	0.12084722326009503	0.6830628834292048	0.06282574105971123	0.13802198828304663	
0.125	0.2940493580460824	0.5219068402560294	0.477198573342806	0.3056215695164265	0.28020981427735314	0.6884269939302465	0.32087912003983143	0.049416643171444216	0.24634855810673395	0.2356553115584133	0.13110688269931986	0.12554738162318585	0.685407469380326	0.09893851477899507	0.15680802106200928	
0.25	0.23332676849547887	0.46387992207768897	0.4157561278813011	0.2441571663250909	0.2189090078274595	0.6974030909886331	0.2856398774880416	0.07276066228490423	0.27558735010039914	0.25347192558498216	0.1374354642360669	0.12642366528941834	0.6886628630265246	0.11201108591023053	0.17061731885416104	
0.5	0.17169266246645817	0.3254209500735813	0.2883074556646184	0.16310870763460647	0.1447776501413039	0.6899691625183436	0.17841883996417315	0.10341543948049607	0.26025684005533334	0.22776292738317103	0.12431654734509898	0.10892350977318026	0.6848183253831124	0.11383429166222744	0.13698437477779096	
1.0	0.15777989847658966	0.3404700586682957	0.2979469873913188	0.16371462691923774	0.14337488977223894	0.6890453629666787	0.16843201482412412	0.1415771425079209	0.3315752155184164	0.2866783099139423	0.1543888775845798	0.133552349725172	0.6881506958281516	0.1461606753487546	0.15811086908490918	
2.0	0.23624271498898083	0.4600708381095636	0.40917751723327844	0.22852402045872555	0.20349567986356076	0.7184682443357279	0.2981333245917683	0.23365771074902683	0.45862533276461753	0.4071070169763473	0.2260172867715439	0.20090499595022843	0.7182051464457728	0.29305584104334265	0.29614454503982124	
4.0	0.3299065772728242	0.5519116899322588	0.5005293228136456	0.28906853664426313	0.2630098168659706	0.7523812805864905	0.4177325166455228	0.3299065772728242	0.5519116899322588	0.5005293228136456	0.28906853664426313	0.2630098168659706	0.7523812805864905	0.4177325166455228	0.4177325166455228	
8.0	0.0	0.44279874510968276	0.32785808392555366	0.17276614140940968	0.12791991105500922	0.6784452296819788	0.0	0.0	0.44279874510968276	0.32785808392555366	0.17276614140940968	0.12791991105500922	0.6784452296819788	0.0	0.0	
16.0	0.0	0.44279874510968276	0.32785808392555366	0.17276614140940968	0.12791991105500922	0.6784452296819788	0.0	0.0	0.44279874510968276	0.32785808392555366	0.17276614140940968	0.12791991105500922	0.6784452296819788	0.0	0.0	
32.0	0.3351954166430314	0.5684315969668837	0.4994670693882236	0.4064120347467199	0.37950416566589695	0.7734064407169478	0.33078718575593935	0.3351954166430314	0.5684315969668837	0.4994670693882236	0.4064120347467199	0.37950416566589695	0.7734064407169478	0.33078718575593935	0.33078718575593935	
64.0	0.7345230255658427	0.6130929647847138	0.613092591351063	0.6130929647847138	0.613092591351063	0.8516079337569806	0.6945909934806185	0.7345230255658427	0.6130929647847138	0.613092591351063	0.6130929647847138	0.613092591351063	0.8516079337569806	0.6945909934806185	0.6945909934806185	
128.0	0.38253747081418993	0.4591284335078406	0.41755247284306884	0.25931449695196	0.23907116304205261	0.6085197713987002	0.31188129392471897	0.38253747081418993	0.4591284335078406	0.41755247284306884	0.25931449695196	0.23907116304205261	0.6085197713987002	0.31188129392471897	0.31188129392471897	
256.0	0.4776078933494012	0.4940915793145388	0.4693078080772774	0.29968169156010416	0.28464957444140104	0.6304409672830725	0.41584172523295865	0.4776078933494012	0.4940915793145388	0.4693078080772774	0.29968169156010416	0.28464957444140104	0.6304409672830725	0.41584172523295865	0.41584172523295865	
512.0	0.38253747081418993	0.45912843350784066	0.41755247284306873	0.25931449695196007	0.23907116304205261	0.6085197713987001	0.31188129392471897	0.38253747081418993	0.45912843350784066	0.41755247284306873	0.25931449695196007	0.23907116304205261	0.6085197713987001	0.31188129392471897	0.31188129392471897	
1024.0	0.2897228289523236	0.30064239287250777	0.24847018558954082	0.14402687945378992	0.12233035803235395	0.42898833369355965	0.10396043130823966	0.2897228289523236	0.30064239287250777	0.24847018558954082	0.14402687945378992	0.12233035803235395	0.42898833369355965	0.10396043130823966	0.10396043130823966	
