0.03125	0.608974358974359	0.3426029367362781	0.34161034072196994	0.3426029367362781	0.34161034072196994	0.6319327731092438	0.4509647191437625	0.018001701169532796	0.1352088167007071	0.1320116060882775	0.10614582027362647	0.10339108609487754	0.6789947109201587	0.09617087184053348	0.11553176882629565	
0.0625	0.47262854792266557	0.4284209646638108	0.4163191806502361	0.3412296487093435	0.3320782205049386	0.525628551015548	0.2947639454355749	0.036298081188540554	0.1955281872720892	0.194134659421632	0.12826455468562675	0.12739013290332504	0.6827763861182924	0.08939602464292609	0.15842368345762223	
0.125	0.4607327401767666	0.5069158265851652	0.4929139139182922	0.3630707939086194	0.35362709393934394	0.6781266594582156	0.3417136835458131	0.08177541014654886	0.22479415443568235	0.21963178891574237	0.13603210826616918	0.13300566352770243	0.6810476540984012	0.14606885521790555	0.15930995870720194	
0.25	0.39553283953088764	0.436107762639187	0.42248631725308317	0.3149361153516072	0.3064042219719795	0.6672616501844576	0.2794955993212993	0.13625284200893958	0.2375595900249896	0.22780968979828073	0.14343034049025233	0.137717951838519	0.6796699611815723	0.1473208020637899	0.15596128165265508	
0.5	0.35012141942756164	0.1808241647960413	0.17808336844571387	0.14250121630367787	0.14052999470632227	0.5983149190851041	0.12959283581330916	0.23401917333792843	0.13926001840785454	0.1334061117171196	0.08789153287588072	0.08426278838879049	0.6371338005207322	0.09907368166768915	0.0923700601693298	
1.0	0.31069703120981695	0.23496283252038216	0.22617918164788908	0.15719686747121325	0.15153474713534004	0.6570376020183856	0.17710676606674886	0.2849865424128354	0.23329757560241862	0.22119659079430337	0.1357420141867886	0.12881771694194655	0.661125036647009	0.16573959179161685	0.1660047539785526	
2.0	0.47821025665028455	0.39682369084717123	0.39003247970347293	0.334083796227415	0.32960289924270925	0.7322697046918545	0.3897355653554017	0.47261200487627714	0.39330053452134905	0.38546294902266015	0.31915235158349814	0.3143531087093848	0.730870938286788	0.3857464920993247	0.38551576647597696	
4.0	0.645595365344767	0.6093002178515252	0.6021752214707299	0.512120900381966	0.5070152788442812	0.8284197006563245	0.6245178087397771	0.645595365344767	0.6093002178515252	0.6021752214707299	0.512120900381966	0.5070152788442812	0.8284197006563245	0.6245178087397771	0.6245178087397771	
8.0	0.8542077942405493	0.796427961772877	0.7964265466438696	0.796427961772877	0.7964265466438696	0.9225852763940182	0.8408946979990615	0.8542077942405493	0.796427961772877	0.7964265466438696	0.796427961772877	0.7964265466438696	0.9225852763940182	0.8408946979990615	0.8408946979990615	
16.0	0.9193756623952212	0.8972871120799548	0.897284989876999	0.8972871120799548	0.897284989876999	0.956020942408377	0.9101396281742288	0.9193756623952212	0.8972871120799548	0.897284989876999	0.8972871120799548	0.897284989876999	0.956020942408377	0.9101396281742288	0.9101396281742288	
32.0	0.9771626297577856	0.967434023443739	0.9674338925755561	0.967434023443739	0.9674338925755561	0.9885615251299826	0.9764526314213849	0.9771626297577856	0.967434023443739	0.9674338925755561	0.967434023443739	0.9674338925755561	0.9885615251299826	0.9764526314213849	0.9764526314213849	
64.0	1.0	1.0	1.0	1.0	1.0	1.0	0.9999999999999998	1.0	1.0	1.0	1.0	1.0	1.0	0.9999999999999998	0.9999999999999998	
128.0	1.0	1.0	1.0	1.0	1.0	1.0	0.9999999999999998	1.0	1.0	1.0	1.0	1.0	1.0	0.9999999999999998	0.9999999999999998	
256.0	1.0	1.0	1.0	1.0	1.0	1.0	0.9999999999999998	1.0	1.0	1.0	1.0	1.0	1.0	0.9999999999999998	0.9999999999999998	
512.0	1.0	1.0	1.0	1.0	1.0	1.0	0.9999999999999998	1.0	1.0	1.0	1.0	1.0	1.0	0.9999999999999998	0.9999999999999998	
1024.0	1.0	1.0	1.0	1.0	1.0	1.0	0.9999999999999998	1.0	1.0	1.0	1.0	1.0	1.0	0.9999999999999998	0.9999999999999998	
