0.03125	0.11469163683537183	0.3638903714610807	0.35150541792242873	0.1742675752206703	0.16842474989350215	0.8789308269433611	0.13665734732927032	0.0003970254990159286	0.05518485226212912	0.0411063119257314	0.026072418986189266	0.019403418066121426	0.901808953954251	0.006961393816643501	0.023313436739481868	
0.0625	0.07756513879861363	0.30318880668034676	0.28821337640107847	0.1312117930239446	0.12474198234102189	0.8839208810733936	0.09297061490020182	0.0008997457573892964	0.06762094486988761	0.059722185560127525	0.029131583098621	0.025726655739015065	0.9017378470882917	0.005452428721647333	0.021683438596834838	
0.125	0.05495150948214418	0.2466327783616052	0.23083530411407382	0.10061520543560698	0.0941705793726432	0.8850200930904721	0.06393083426585289	0.0023323947899766824	0.08306122078802372	0.081279134614859	0.03382523079675405	0.03309927543655732	0.9015050588428514	0.001645299867998629	0.021934909029444987	
0.25	0.04652169965016823	0.18268378491772513	0.17070719889313798	0.07314153289614307	0.06834642675655964	0.8864821665249611	0.047993666619460904	0.006250127270141209	0.08799556957346091	0.087947714090994	0.0351895847301642	0.03517044491640877	0.9006921996807247	0.0013764272124565779	0.023027092792366366	
0.5	0.04319824693991351	0.12200014464245586	0.11470385844911615	0.04992322267540967	0.04693741652288831	0.8857105621975941	0.0375136593943316	0.01546859222248163	0.08170492139622318	0.07998027075378414	0.03337176035431723	0.03266729976186107	0.8983894695166494	-0.0016519684132576973	0.025534707967144	
1.0	0.044567523194746314	0.08711820139454633	0.08252607111369567	0.03735665509036108	0.03538877991858338	0.8863407901105242	0.03560364527915205	0.031015531896662823	0.07566827024786629	0.07235306076241968	0.03231460974214743	0.030899608808119833	0.8939765201891422	0.0023599107237907684	0.031329041782393506	
2.0	0.061718283488955986	0.09636583343797397	0.0923502113920449	0.04487364414037259	0.04300558260976213	0.8866580981123395	0.05886630933024034	0.05812058846332946	0.0946083642923016	0.09054660837050117	0.043661157898573194	0.04178823844136709	0.8889828365577206	0.04003270821992417	0.05774455876407329	
4.0	0.48893720316529726	0.519414825958725	0.5193197062535887	0.4172886520950496	0.41721301339029904	0.9198425704073413	0.576504363737252	0.4879146000104647	0.5178285549690866	0.5177539052892216	0.3798111449365307	0.3797570580039343	0.919937697571941	0.5742408345916328	0.5756089638398036	
8.0	0.810654908849207	0.8359276038874615	0.8354984182036465	0.7838283775942664	0.7834338902711264	0.9757140718257515	0.8729143534323687	0.810654908849207	0.8359276038874615	0.8354984182036465	0.7838283775942664	0.7834338902711264	0.9757140718257515	0.8729143534323687	0.8729143534323687	
16.0	0.8778785066816603	0.9099691182728542	0.9093689240154521	0.8125317403802288	0.8120175347251163	0.9846893658244363	0.9209097458598375	0.8778785066816603	0.9099691182728542	0.9093689240154521	0.8125317403802288	0.8120175347251163	0.9846893658244363	0.9209097458598375	0.9209097458598375	
