0.03125	0.09361230090242834	0.3646615005057089	0.3496182751236759	0.170866693154088	0.16386666176081321	0.8834815487930443	0.1247388255855699	0.0003076367948761072	0.05612614247845342	0.04213375781948071	0.02601870749830278	0.019521356564297022	0.901819195263541	0.004534277046544714	0.02137889819390678	
0.0625	0.06431524090364578	0.29850619357650376	0.2816785781907044	0.12793053748126554	0.12072244700461002	0.8870419044505763	0.08634488833674103	0.0007209216160698336	0.06734331204792167	0.05979835846566709	0.02874884529621253	0.02552728500177338	0.9017651174610114	0.0037644612197941588	0.020188054293154147	
0.125	0.04601338547822979	0.2502925423889953	0.23254638023760718	0.10154570442454065	0.0943463721272612	0.8871057301008918	0.059329943639554614	0.0019083148550167466	0.08493915673813926	0.08331773513878823	0.03440562678845065	0.033748632944373934	0.9015759017090801	0.00015415546237004793	0.020387611550206013	
0.25	0.03693624173785058	0.18000178739849376	0.16657413097128598	0.07165094993175193	0.06630621236938504	0.8888067799168431	0.04160438568934695	0.00485148178838953	0.08744591622647384	0.08733435323108102	0.03477275801672492	0.034728406886816485	0.9009483694936972	-0.0007784560374983279	0.020037518946606405	
0.5	0.03490137371512794	0.09819969952977095	0.09182138482431725	0.0399462041506954	0.03735178448657152	0.8863374622769374	0.02442779560942953	0.012409888328101127	0.0666937413157862	0.06512765341994804	0.027084893351916977	0.026448922088981038	0.8985714358893049	-0.005953318793945351	0.017228725580562505	
1.0	0.036756603955251425	0.05345274521720021	0.05056307221417948	0.022811196183003084	0.021578451682284013	0.8850428118250793	0.015826578072677993	0.025626016845604206	0.048117423795649136	0.045959222282711085	0.020459408349147643	0.019542037196840015	0.8931505988517825	-0.007268145148630237	0.01505947004127824	
2.0	0.0449566114562808	0.040186280112150266	0.03849557887580452	0.018711751310505013	0.017925081969334244	0.8830367646605384	0.017432431321914712	0.0423622463408011	0.04114167802154758	0.03935939052011819	0.01898522782256577	0.01816327282277049	0.885652664899758	0.005602637183576857	0.017829606832147512	
4.0	0.09882487301976384	0.07746200157611446	0.07631209195024431	0.04571513018147625	0.04507222607834701	0.8726272586214925	0.07215946151180579	0.09860356316940332	0.07838522619404484	0.07719732364539342	0.044576866300040145	0.043930954865130475	0.8729561774358139	0.0706830606106118	0.07224581633335783	
8.0	0.6457077604700383	0.6992331480036751	0.6973576344164353	0.6225309749719239	0.6208457715243154	0.9441848362256253	0.7340376952865143	0.6457077604700383	0.6992331480036751	0.6973576344164353	0.6225309749719239	0.6208457715243154	0.9441848362256253	0.7340376952865143	0.7340376952865143	
16.0	0.8040389731417031	0.8642365127237814	0.862393843554441	0.706387569426373	0.7051502556216391	0.9713212412573371	0.8670229635859006	0.8040389731417031	0.8642365127237814	0.862393843554441	0.706387569426373	0.7051502556216391	0.9713212412573371	0.8670229635859006	0.8670229635859006	
