0.03125	0.11667854025475347	0.36578432460191945	0.35337471499189965	0.1756646288194396	0.1698393396400033	0.8771781254434977	0.13850459632871895	0.00040750128763238487	0.05535246267544549	0.04121548979488004	0.026189190701911565	0.019476071214509727	0.9018057158732431	0.007115308787298306	0.023539990423115952	
0.0625	0.07703531190738917	0.3064830944427056	0.29105357219087125	0.13237644649891767	0.1257195899894979	0.8846266566902058	0.094945177221018	0.0008886924901691966	0.06844499707673715	0.060494939644134625	0.02943397725408493	0.026013657685335968	0.9017439974700793	0.005517596084038717	0.02213197224445342	
0.125	0.05541872350917865	0.2577482455762209	0.2407836231274357	0.10495430191309776	0.09804684551446155	0.8859785332619239	0.06946814045167354	0.0023335053539493113	0.08689001578583708	0.08508129333847411	0.035320498695940325	0.03458495227597199	0.9015386905917451	0.0021482808361540616	0.02369670518516879	
0.25	0.046570554323811034	0.19287917167278917	0.17992807480609718	0.07716849070595033	0.07198791084841151	0.8873967305069751	0.05227338079155125	0.006222216769006691	0.09290447573766762	0.09284225714426693	0.037126238304679336	0.03710140971367913	0.9007945528887774	0.0019702277152878027	0.024951068351865176	
0.5	0.049980997763451065	0.12918001262940565	0.12206407609637401	0.05320696302939346	0.050276549570165384	0.885066463815356	0.046953008246605824	0.018018360097561754	0.08603065123741294	0.08439701092673668	0.03535884005841415	0.03468756265965335	0.8981993514454878	0.001795522006359191	0.031524335637170164	
1.0	0.04805237043692879	0.1021287508948248	0.09678078508602761	0.04384906494418622	0.04155395586511714	0.886956335575826	0.04449223366040786	0.03345730195596305	0.08797471625785504	0.08414712394134001	0.037620309810333964	0.035984068973111294	0.8943681957581158	0.006752364333582129	0.03869602876205606	
2.0	0.09324160675709445	0.13639791316601238	0.13182176504086568	0.06577900292001054	0.06357656303899784	0.8871189866198186	0.10740097973361365	0.08785803283039678	0.13251323223820763	0.12785655342014976	0.06315671141717273	0.06094106687123679	0.8894271099142301	0.08409352787336466	0.10450094038701625	
4.0	0.6328730330531327	0.6607896695470119	0.6606702956030962	0.5987224988726132	0.5986157755535833	0.948195808719029	0.7235315652702986	0.6313649061724386	0.6582735162448525	0.6581873811504597	0.5292162084179667	0.5291484050518286	0.948132272285706	0.7207438773168182	0.7222924413813618	
8.0	0.8326242714858096	0.8575737908143743	0.8571433750420934	0.8272258494687051	0.8268237501557761	0.9788017848482437	0.8890684813443424	0.8326242714858096	0.8575737908143743	0.8571433750420934	0.8272258494687051	0.8268237501557761	0.9788017848482437	0.8890684813443424	0.8890684813443424	
16.0	0.9361647166966447	0.9516541248073065	0.9514244686185233	0.918154984834751	0.9179550566980677	0.9922471025567514	0.9592930323911657	0.9361647166966447	0.9516541248073065	0.9514244686185233	0.918154984834751	0.9179550566980677	0.9922471025567514	0.9592930323911657	0.9592930323911657	
