0.03125	0.11762812075280608	0.3736185229969318	0.36055327722035957	0.1788719298989282	0.17276655264494434	0.8782642295492451	0.14425150879211648	0.0004079285028731472	0.05656719311210236	0.04216513071358573	0.02668034041651738	0.019861185792958792	0.9018084029217999	0.007403876415818069	0.02443538984113543	
0.0625	0.07808108581063103	0.31817369187066413	0.3015234200320949	0.1368842747293126	0.12973240843255313	0.8859595273212346	0.10273441265141756	0.0008921373298270595	0.07114539135966469	0.0629703834833081	0.03047865641661044	0.026974727691777788	0.9017557119102875	0.00602779889398204	0.023847851186717693	
0.125	0.05298280352427405	0.26159707520173514	0.24355179340455396	0.10620515122099868	0.09888025316795722	0.8872291324505757	0.07207830001974104	0.002208896827070219	0.08844888332699255	0.08669956809846247	0.03585064128349537	0.035141195224298684	0.9015809332456299	0.0020331684944947387	0.024536510971245682	
0.25	0.04489411205470866	0.18889030571116514	0.17594727326697948	0.07547239268905222	0.07030124094678838	0.887524684941765	0.05013232950512971	0.005984220904276774	0.09116267147561596	0.09109293002760302	0.03638379909209939	0.03635597757773082	0.9008081714197063	0.0014080856746701176	0.023972812723695447	
0.5	0.044310396907501666	0.12441086051167523	0.11700773132596314	0.05094762803946314	0.047916526130234685	0.8856669020861837	0.039356109196118906	0.015876689897916567	0.08324301305047996	0.08149518795013658	0.034024162331650086	0.03330996286132746	0.8983770882940915	-0.0010294989402888863	0.02669703964410063	
1.0	0.0422930881509703	0.07618611155931393	0.072181087714388	0.032690353156254105	0.030972113133599256	0.8855881562137545	0.02852256185218126	0.029504849920831754	0.06675179401547778	0.06383234335100749	0.028526077799943716	0.02727863623306248	0.893497435097714	-0.0009845540550042688	0.02555842303709993	
2.0	0.049932186990210584	0.07249767502103395	0.06931864196101928	0.03346148007495714	0.03199464840501814	0.8857418859283804	0.03554728678629661	0.046988635104787936	0.0718719808934669	0.06863728766344421	0.03290016360566597	0.031419867827557034	0.8881404487495892	0.020084125481989817	0.035239287354312594	
4.0	0.0949910979672964	0.11020304049379384	0.10722835082652196	0.05565712073051414	0.054166193708012275	0.8825297972499925	0.09202045604231669	0.09479093556414322	0.11097253713674984	0.10794352131564403	0.05514811368490595	0.053653072994658324	0.8827979818214701	0.09003891020692295	0.092071793616327	
8.0	0.6807734767933782	0.713019938488577	0.7126175570717679	0.666708713447741	0.6663357344764195	0.9556797012810254	0.7673744691112412	0.6807734767933782	0.713019938488577	0.7126175570717679	0.666708713447741	0.6663357344764195	0.9556797012810254	0.7673744691112412	0.7673744691112412	
16.0	0.8378071193493317	0.8762459610805869	0.8754408103901705	0.7174095155970489	0.716750313965943	0.9792698454947754	0.893558331365446	0.8378071193493317	0.8762459610805869	0.8754408103901705	0.7174095155970489	0.716750313965943	0.9792698454947754	0.893558331365446	0.893558331365446	
