0.03125	0.1181986420445047	0.3649818644552303	0.3529672001999768	0.17568010402285641	0.17002785146541052	0.8762592711655852	0.13692295372702085	0.0004167262363734865	0.0551245982681919	0.04099936400658872	0.02613761320778707	0.019416076403767312	0.9018034539672563	0.007239041571439754	0.02329311762602948	
0.0625	0.0793050983736247	0.3029363138505898	0.28817298731688074	0.13121549027799667	0.12483203934982331	0.8837174104080774	0.09462716407399564	0.0009225652833572892	0.06747799069645496	0.059561009791729125	0.02909385377535631	0.025678474210850948	0.9017358193137438	0.0057287280699175065	0.02202641121870228	
0.125	0.05500523175632569	0.2490479621058781	0.23303063038039765	0.10155349991675003	0.09502344496711769	0.8848788270156114	0.06391558136592869	0.0023357698906891315	0.08386284182713813	0.08206932511317011	0.034135939471545744	0.03340558624368005	0.9015003598781334	0.0015996861976448934	0.021909138894931596	
0.25	0.04923383096338613	0.1873932682629667	0.17542467460202657	0.07512262110754332	0.07032518693035568	0.8861560542529835	0.05127553301553063	0.006643332000795565	0.09005966910148436	0.0900181660287683	0.036059177632368475	0.036042579795979954	0.900658097600249	0.0022318835145756573	0.024529038125638357	
0.5	0.047375227800937156	0.12540323519224814	0.11826118514528769	0.05158231895614231	0.04864523134507011	0.8856623385032891	0.0449363056174031	0.017007558804927523	0.08374103901348647	0.08207897174720984	0.034374064305714075	0.033692066165218054	0.8983802457127184	0.0007974760234650176	0.030227646751418424	
1.0	0.04623436241008992	0.09502356908786824	0.09005608488058033	0.04078588235607774	0.03865487197123689	0.8863909137104008	0.03900508388810779	0.032206752980737725	0.08217331083090058	0.07859847781127524	0.035126754482135855	0.033599273774009474	0.8940137817784883	0.004111455023766487	0.034177714269129154	
2.0	0.07995575196573596	0.12345594641382182	0.11890981683260618	0.05848366843559211	0.056334131856989336	0.8868699049432408	0.08757018951985306	0.07531656314796314	0.12028178228520489	0.11567743086541034	0.056396103681330044	0.05424070516725219	0.8891855834489807	0.06584059574145032	0.08539728879548414	
4.0	0.5799069337561016	0.6119061398721433	0.611718525710861	0.5096257007421983	0.5094684772881599	0.9382233341955283	0.6734956326749437	0.5786324115910998	0.6097448407712008	0.6095952297833328	0.458905923013754	0.4587934616564683	0.9382248168923866	0.6709486832784581	0.6723935654387135	
8.0	0.8355899178398752	0.8563696282156187	0.8561063128873483	0.8563696282156187	0.8561063128873483	0.9793947283191253	0.891056347144264	0.8355899178398752	0.8563696282156187	0.8561063128873483	0.8563696282156187	0.8561063128873483	0.9793947283191253	0.891056347144264	0.891056347144264	
16.0	0.8926625804739627	0.9237217423289262	0.9232931939308651	0.857030658369383	0.8566608872704069	0.986808082251498	0.9311592444225681	0.8926625804739627	0.9237217423289262	0.9232931939308651	0.857030658369383	0.8566608872704069	0.986808082251498	0.9311592444225681	0.9311592444225681	
