0.03125	0.09080926748283147	0.3616520444133413	0.3465247591193994	0.16910137772928874	0.16207652595535063	0.8832330440996138	0.1201507325907459	0.0002981883875736657	0.05574386509789551	0.041875076744912934	0.025788766900182288	0.01936253190589236	0.9018185395108252	0.004074873619203498	0.02061682453442021	
0.0625	0.06516997960917817	0.3007245793674391	0.2839435773386181	0.1289810528216724	0.12178713055970973	0.8868365907081465	0.08661088392185198	0.0007324383110756321	0.06776492071324748	0.06014535858616512	0.028950283897710566	0.02569455029094999	0.9017632182824787	0.00386918728058461	0.020243828285116592	
0.125	0.047666572686502304	0.24861057623318156	0.2312212776955039	0.10095663082568858	0.09389604898697235	0.8870662755288329	0.06204096074116709	0.0019785013375003217	0.08430123848741508	0.08266508258600949	0.03417723126258869	0.033513558963298065	0.9015749675545381	0.0005640951335746697	0.021271814105735098	
0.25	0.036280967208238604	0.17684585642449208	0.1637191561442384	0.07042079865596969	0.06519371127256501	0.8885368657104002	0.038991780528087105	0.004773001369614931	0.08591276476285682	0.08580735081233713	0.034175727787085705	0.03413379343529662	0.9009173337512284	-0.0011967514078483228	0.018856590352957482	
0.5	0.03440279974215475	0.09819733782825699	0.0917705087210205	0.03992784521277885	0.03731481756539463	0.886380383861523	0.023649315362088308	0.012223180039896126	0.06676327130719326	0.06517282358755538	0.02710197192647764	0.026456419571840036	0.8985887048860736	-0.00619590560400946	0.01674250051662521	
1.0	0.036776261773419354	0.05365910820097847	0.050744407847121996	0.02288745147117443	0.021644498234120048	0.8851313143048637	0.0162079803046948	0.025636931261277696	0.04825843264430959	0.046084468026830805	0.02050462427750861	0.019581049040608273	0.8931977166845904	-0.007163570526990373	0.015351786509621042	
2.0	0.04372323256251508	0.04353659277698972	0.04165284097785995	0.020117797982523927	0.019248755725903125	0.8834446166909837	0.016672537921948182	0.041171446310822035	0.04433378026039219	0.04236170339369051	0.020314579416889293	0.019412217625225655	0.8860422975036029	0.0047854800282328734	0.01708567814649166	
4.0	0.1052509582799449	0.09291217208126978	0.09150123471465062	0.05331440048077213	0.05252227504560928	0.8756566324418456	0.08529969096824742	0.1050527569980203	0.09380745717850622	0.09235460241781586	0.0521583159919128	0.05136563675314117	0.875964103220373	0.08374279878041199	0.08539846781340661	
8.0	0.6423066628108786	0.7033035285896467	0.7011437361004049	0.6026540378438062	0.6008650858077947	0.9424534667172768	0.7317961664222267	0.6423066628108786	0.7033035285896467	0.7011437361004049	0.6026540378438062	0.6008650858077947	0.9424534667172768	0.7317961664222267	0.7317961664222267	
16.0	0.8420912623680561	0.8799179691482406	0.8791301062312806	0.7204159015275874	0.7197708539282626	0.9799104317244318	0.896587414665779	0.8420912623680561	0.8799179691482406	0.8791301062312806	0.7204159015275874	0.7197708539282626	0.9799104317244318	0.896587414665779	0.896587414665779	
