0.03125	0.10031529040061508	0.3772847482877899	0.3621387460224182	0.17750043083023662	0.17043131545318546	0.884181923995898	0.13638369967594177	0.0003273746005744378	0.05784324513905596	0.04336068358553446	0.026909261353056307	0.020159636551072446	0.9018207849801054	0.005507616431384415	0.02315701238715969	
0.0625	0.06934293612908149	0.31390988333755204	0.2965511268905544	0.13475022546532164	0.12730058562197474	0.8876612317333092	0.09666279420793232	0.0007767378518637616	0.07062163186620105	0.06265999242746104	0.03019579227544188	0.02679113206895583	0.9017708126959434	0.004835431746041325	0.022508689640316666	
0.125	0.0498434530629505	0.2672752323348182	0.2482616076848542	0.10840221681336677	0.10069056899812923	0.8881168521750178	0.07152290342600942	0.0020580936630484915	0.09053134867537274	0.08880830923117375	0.03666012775748666	0.03596223693873847	0.9016102850756214	0.0015617255781556602	0.024318166684422056	
0.25	0.04149997601727156	0.2006942687639937	0.1858035806844151	0.07991352870289839	0.07398465590613856	0.8896244540618813	0.054800140625906345	0.005437698826295149	0.09717655185929676	0.09705604353857569	0.03865411161458122	0.03860619516723131	0.9010412407897463	0.001447396607131994	0.02602106557722935	
0.5	0.041744822690209724	0.13518092197329418	0.12641568861459893	0.055013496597608534	0.051446341284804145	0.8877051539218448	0.04421830632361419	0.014781589034177447	0.09043832789390095	0.08831581675672076	0.036742761400345304	0.03588044749841638	0.8989959322389023	-0.0006108800764239677	0.029646764590584344	
1.0	0.04991219713705485	0.1104381534455033	0.10457111501185279	0.04729575233443736	0.04478367516386801	0.8876415737671006	0.050843767238347715	0.03468539956770207	0.09483739930929395	0.09065057999639209	0.0404564839562365	0.03867074745581915	0.8948098068382244	0.009618592909500966	0.04389713210528553	
2.0	0.25879101442847563	0.2845616459106709	0.2821190179316878	0.16268705773939032	0.161306823167029	0.8944294216709394	0.31765519728675184	0.24524315067011848	0.2714034104850735	0.26854318023030443	0.1505059382271481	0.14893345513184114	0.8961763974918565	0.2866538810070932	0.30652704050609364	
4.0	0.6304475639693414	0.6693840692051753	0.6692389113708602	0.65225142927651	0.6521086647823487	0.9476111633302822	0.7200201898832208	0.6290124381726914	0.6668745414512148	0.6667677241562013	0.5667811861241699	0.5666898245580799	0.9475660221413218	0.7172989498570732	0.7188264260441422	
8.0	0.8806592909905355	0.915708603640778	0.9151467320375867	0.816826480537858	0.8163525823937142	0.9851582222190698	0.9230687843705481	0.8806592909905355	0.915708603640778	0.9151467320375867	0.816826480537858	0.8163525823937142	0.9851582222190698	0.9230687843705481	0.9230687843705481	
16.0	0.9968756591922123	0.9962404783549488	0.9962404228454316	0.9962404783549488	0.9962404228454316	0.9996588339596901	0.9980937869876897	0.9968756591922123	0.9962404783549488	0.9962404228454316	0.9962404783549488	0.9962404228454316	0.9996588339596901	0.9980937869876897	0.9980937869876897	
