0.03125	0.11633206825748794	0.36647598763121536	0.35368009315951165	0.17555902636896253	0.16955811498307657	0.8789957982511061	0.14205848025107576	0.00040101461223752114	0.05561528923585918	0.041466676949632575	0.026258692939312645	0.019554843869664017	0.9018096920777602	0.007231319383177859	0.024136824956031068	
0.0625	0.08132895076983225	0.309363266108712	0.2941531049525251	0.13388512372965436	0.12731468644518423	0.8844427674286868	0.10059688625814309	0.0009431573963920991	0.06889322519400198	0.060829342712970844	0.029679019036590003	0.026203178379872814	0.901742444737363	0.0062893173053846394	0.02335972832706119	
0.125	0.0568258657258298	0.25298600461646836	0.23667319088051028	0.10309277949028536	0.0964464076381991	0.8853768704158537	0.06884959912619268	0.002407115828887197	0.08518184998474922	0.08336552425753581	0.034650965586373504	0.033911670532583	0.9015184093361339	0.0022919405298133773	0.023517080189963055	
0.25	0.05237710013579807	0.18300908957561757	0.17179798994190348	0.07345427494073142	0.06895448371883468	0.8851758897579544	0.052250735892001285	0.0071313861129663455	0.08778343482425097	0.0877568962036865	0.03518978408093859	0.03517914343632178	0.9005491147188257	0.002860439516356031	0.02498662592339402	
0.5	0.048142747962894514	0.10937674552436841	0.10368235836546516	0.045224243647401796	0.04286981848946942	0.8831807588252207	0.03600854334026589	0.01750909430978413	0.07328241653158389	0.07198978864995631	0.03023234314870914	0.029699108844655098	0.8976254620491284	-0.0010267605756684066	0.024749454631987598	
1.0	0.04466026364838786	0.07705907230305367	0.0731994836206425	0.03331496929669584	0.03164875891758336	0.8849991876402218	0.030538244159095396	0.031196681439564517	0.0673550188640408	0.06454409744423231	0.02898618480570995	0.027777878981361203	0.8931170249296592	0.00036461008068481	0.0272153453611143	
2.0	0.053238849792644004	0.06248528668729294	0.06006280335322901	0.02948187312244698	0.02833912801592108	0.8830088960693774	0.03189882417976718	0.0501577047593718	0.06233511971194674	0.059831678594724234	0.029120198146910397	0.027950906775433305	0.8856379339621341	0.01805762739223108	0.03177241553242753	
4.0	0.0706883622511379	0.05418737760806969	0.05291520463392001	0.025584658059030603	0.024983818028372382	0.8743483903587196	0.03445089394326409	0.07053325745554798	0.055201699038015375	0.0538886660270241	0.025805497049143478	0.025191525153550547	0.8746614377887042	0.03300471249662349	0.0346018152588029	
8.0	0.07025218487793769	0.0409503428552513	0.0401110914805356	0.01957809559673264	0.01917746575576925	0.8705377678091522	0.024996820521272042	0.07025218487793769	0.0409503428552513	0.0401110914805356	0.01957809559673264	0.01917746575576925	0.8705377678091522	0.024996820521272042	0.024996820521272042	
16.0	0.11121934371586124	0.11178473778793707	0.10983126628703895	0.05172198469193527	0.05082050562246674	0.8772901179406876	0.09924340260587095	0.11121934371586124	0.11178473778793707	0.10983126628703895	0.05172198469193527	0.05082050562246674	0.8772901179406876	0.09924340260587095	0.09924340260587095	
