0.03125	0.0	0.5737159557530086	0.49527947126412225	0.21879089703685412	0.18887972004865336	0.8926206886411221	0.0	0.0	0.0981259184608311	0.07987527821852045	0.037412205258680456	0.03045347073865204	0.9018408216330851	-0.005314600790957649	0.0	
0.0625	0.0	0.5434455305778042	0.4559979342299533	0.20374552550237826	0.17096020758507965	0.895459994277482	0.0	0.0	0.13499694103449617	0.12735294253232957	0.05060919587418331	0.047743507174780174	0.9018408216330851	-0.0043151310567699835	0.0	
0.125	0.0	0.51512737978887	0.41941976913794166	0.1913677774619646	0.15581281035348463	0.8949323728463199	0.0	0.0	0.18847425185351754	0.18843714445885645	0.07001616387594313	0.07000237724237128	0.9018408216330851	-0.007269755043913685	0.0	
0.25	0.0	0.494582765356419	0.3930744362369898	0.18293443033968357	0.1453889059799523	0.8967664627703046	0.0	0.0	0.25537320357279747	0.24610956805136372	0.0944560207772996	0.09102963980448724	0.9018408216330851	-0.008125010431674556	0.0	
0.5	0.0	0.4781706794071291	0.37219358490305615	0.1764862532363917	0.13737155915485572	0.8969664292598815	0.0	0.0	0.3320815377718089	0.29235435593809045	0.12256649575852432	0.10790377886479305	0.9018408216330851	-0.013836709425378641	0.0	
1.0	0.0	0.4685864057525294	0.3600821758315892	0.1727775996855308	0.13276982246333474	0.8986836291424275	0.0	0.0	0.40548066715846937	0.32669456401045677	0.14950904661822526	0.12045899941002651	0.9018408216330851	-0.01816902669292869	0.0	
2.0	0.0	0.4650538498753324	0.3556351501942753	0.17141171265520283	0.13108165899045154	0.9006849506128847	0.0	0.0	0.4516318800700826	0.3480058785637677	0.1664644748306759	0.12826954618654435	0.9018408216330851	-0.017128317678133338	0.0	
4.0	0.0	0.4647856954123106	0.35529797667959256	0.17130041763461018	0.13094785916798013	0.9016690234859318	0.0	0.0	0.4643779916473895	0.35509581472976887	0.17115005823534477	0.13087327667569368	0.9018408216330851	-0.011076755892490823	0.0	
8.0	0.7093094845370841	0.8148000697906932	0.7925844365300214	0.6685498932405664	0.6602161169994603	0.9691460174808639	0.7408398370554752	0.7093094845370841	0.8148000697906932	0.7925844365300214	0.6685498932405664	0.6602161169994603	0.9691460174808639	0.7408398370554752	0.7408398370554752	
16.0	0.87118276492662	0.9222461450500153	0.9214367357420536	0.7550712808600648	0.754408592567809	0.9838951415767017	0.9173793221863675	0.87118276492662	0.9222461450500153	0.9214367357420536	0.7550712808600648	0.754408592567809	0.9838951415767017	0.9173793221863675	0.9173793221863675	
