0.03125	0.16534119397538455	0.5409265835512669	0.5028464215811203	0.23320023687686037	0.21691682085474553	0.8612817980306687	0.2926151767662918	0.0007257218607804961	0.09104449726356142	0.07018692562535592	0.03899070243141054	0.029975465087405968	0.9018864206442252	-0.0019705379610393233	0.061761992321233826	
0.0625	0.1385152914038852	0.5119605843679539	0.46802544563563797	0.20385318496989058	0.18636669508465953	0.8789584305545179	0.26975459802432517	0.001920135470279985	0.12466169305816285	0.11310285044780141	0.04957454412495279	0.044972814433499354	0.9019482172034738	0.001977998626937237	0.07232505289787368	
0.125	0.13662237064564658	0.4824106480953404	0.43363634722987554	0.18529029155648707	0.1665609886310066	0.890133285414052	0.27076440842994415	0.005718046689394957	0.1678216789055012	0.16551937432362912	0.06443204429254976	0.0635466426754136	0.9021601266122327	0.013279658200156067	0.09505163853091066	
0.25	0.13112491040596935	0.46062157297948214	0.4109289858592871	0.17418724663441063	0.15539725122580678	0.8986308668174072	0.2585003308760162	0.014190566772239604	0.21592797877183814	0.21533587667036116	0.08164178369953824	0.08141810490475235	0.9025038906696515	0.030363514037642824	0.11534928230661898	
0.5	0.10484025990333871	0.4328616190086169	0.38375899961233867	0.16239761243629017	0.14397651077822055	0.8997320603464949	0.21486273434610892	0.026040962107040648	0.26426672374870747	0.2556243482647217	0.0991366223563632	0.09589523729065579	0.9026770341294206	0.03641184990420623	0.12346079830374487	
1.0	0.10840593379511991	0.4127951721632973	0.3674362093454685	0.15436513102770405	0.13740326851791607	0.9015661441330647	0.2131464815766428	0.05240749401294274	0.3113209535451307	0.28990229678428897	0.11641300711588873	0.10840406900295377	0.9031230953656649	0.06327953137935541	0.15390181935560182	
2.0	0.10342434462872338	0.38986744304824894	0.34884680377517113	0.14564500848416065	0.13032077531591263	0.9021012681611014	0.19902170180913553	0.07631205553465217	0.3412569860854354	0.30971733977835475	0.127480150490327	0.11569825617005332	0.9028602106526142	0.09674635267058887	0.17103465185878422	
4.0	0.10358521120361024	0.3866780563561786	0.34659465577750725	0.14434021098297195	0.12937783925139382	0.9028640174738927	0.19854123201079188	0.09559502251845427	0.3713971199834703	0.3332504347348218	0.13863103338793034	0.12439213320709866	0.9029945159154259	0.15138456808072034	0.19019196906490202	
8.0	0.1097848283414323	0.38385670509361136	0.34468011300531753	0.14323898212480266	0.12861994704086094	0.9033191046800679	0.20650730859654348	0.1091512386885595	0.3828200394413338	0.3436442057700598	0.14284730988245	0.1282290515309906	0.9033638350132327	0.20121551743572036	0.20587279879324022	
16.0	0.10901590790185389	0.38137265655425157	0.3429592706537899	0.14231404496094963	0.12797961786887807	0.9028065291800171	0.20154663135350223	0.10901590790185389	0.38137265655425157	0.3429592706537899	0.14231404496094963	0.12797961786887807	0.9028065291800171	0.20154663135350223	0.20154663135350223	
