0.03125	0.12535097217218766	0.5346179258576378	0.49349735712304676	0.22859138792011477	0.21108751460023556	0.8565448303777125	0.24938987605944551	0.0005471951425852054	0.09088458678433939	0.07044965120792646	0.03864819555110376	0.02989071504220256	0.9018745511098494	-0.009715154384664224	0.05328781700401093	
0.0625	0.10650015936067989	0.5098170110304866	0.46257242035043883	0.20256264361612342	0.18380125087582963	0.8769802030114778	0.23920108763736608	0.001452591246664254	0.1250639666198636	0.11394161065477489	0.049629647369601314	0.0452105957428595	0.9019288740082111	-0.005362761186008673	0.06424268771442251	
0.125	0.08315379652285126	0.4771208216574916	0.4257059533569233	0.18317984894216371	0.16344209802408122	0.885591342828552	0.20394160727599592	0.0034784752347967185	0.16702236691031286	0.1650222317910898	0.06409930200090383	0.06333058871473489	0.9020162149468822	-0.003137251615786043	0.07239729795842906	
0.25	0.08345506013908024	0.456909041521112	0.40443624442831955	0.17275361282246104	0.1529149896747179	0.8958904080872905	0.20420801183538076	0.008913907637987075	0.21528672240474647	0.21453084852837873	0.08138587093337304	0.08110032543392182	0.9022560524884067	0.01193662154277391	0.09173892880704129	
0.5	0.0730356388077534	0.42831821246548546	0.3776010982163479	0.1606910876809142	0.14166404974806263	0.8983101230961047	0.17539753792495788	0.018042902496829716	0.2622620964007615	0.2531148012757348	0.09838370777619927	0.09495282385097423	0.9023680439316063	0.020057444721189418	0.10130052915809096	
1.0	0.06882297516884894	0.40160790608977165	0.354697744081365	0.15019670091234016	0.13265298402008932	0.8998999733707878	0.1606722767325343	0.03292669653652213	0.30375956342799737	0.28139786487962415	0.11359688477925892	0.10523447146691586	0.9023709332008855	0.03459158742802818	0.11647361431490877	
2.0	0.06830472290762188	0.38470811138755395	0.3410839739368875	0.14373174703217867	0.12743324046766433	0.9014280545566397	0.15690132177734503	0.05008372986673293	0.33740905905269225	0.30385518603500905	0.1260551289898511	0.1135195120460472	0.9023787165680044	0.06244241977303404	0.1350996087183532	
4.0	0.07172083641837035	0.37361646436980933	0.3323115876917281	0.13949027825454485	0.12406902973627168	0.9023433677352987	0.1607295241800996	0.06606617789760136	0.3590869398330063	0.3198432634212393	0.1340607312002442	0.11940958117460773	0.9025131370942192	0.11198823732885728	0.154027497683154	
8.0	0.0700217009494573	0.37100282539523344	0.32934282983878094	0.13845100344844385	0.12290431060306543	0.90272997159147	0.161324729117267	0.06960474690109078	0.3700528679883309	0.3284133858463412	0.1380917798397383	0.12255327207911762	0.90277742669607	0.15472079666175628	0.16083228745587183	
16.0	0.07089383510586798	0.36947893335252574	0.32821361864691606	0.1378738562999081	0.12247539726097642	0.9024741055791623	0.1591444843144288	0.07089383510586798	0.36947893335252574	0.32821361864691606	0.1378738562999081	0.12247539726097642	0.9024741055791623	0.1591444843144288	0.1591444843144288	
