0.03125	0.16503722925051878	0.540864463090526	0.5027680416882645	0.23316276570037728	0.2168702360750138	0.8611568051748014	0.2923976767521225	0.0007240421352175207	0.09104334469570355	0.07018830752828184	0.03898951019020308	0.029975809451435364	0.9018862944615142	-0.0021085054762113543	0.0616973096532105	
0.0625	0.1330012903905614	0.5105390320271889	0.4662599175722642	0.2032053743552173	0.18559013394400847	0.8786092113788777	0.26374876124796176	0.0018535863506656983	0.12446844479650805	0.11298837094891408	0.04947868140478199	0.044909780906485675	0.9019446757671659	0.0009132996534568511	0.07092472894275748	
0.125	0.12856134649405646	0.4792737689587586	0.43068457929517734	0.18411011557291174	0.1654500104750008	0.8889845420277525	0.2543287622604318	0.005373573420677883	0.16680015003201706	0.1645132877091125	0.06404809247980167	0.06316844369352657	0.9021179939146275	0.010839317669471448	0.08950645770852253	
0.25	0.12320613717896105	0.4571932989996087	0.4076504820333323	0.17290649065242222	0.15417113063791804	0.8979486625151057	0.2475781357628229	0.013353602913326656	0.21445311409356	0.21386207473373547	0.08109160767328225	0.08086829811797638	0.902442688396827	0.027260216705453456	0.11071811158789027	
0.5	0.10450817832046363	0.4301684326945631	0.381444399295024	0.16138762882017144	0.1431083698827059	0.8996028713298877	0.21333896404564104	0.02597367907808395	0.26263298315934425	0.2540694014583364	0.09852419329385484	0.09531228192338989	0.9026464522348048	0.03616224199059889	0.12260014735308522	
1.0	0.10472486801537446	0.4122981129699408	0.3668473434544786	0.15418041899474372	0.1371840271478758	0.9014378638171227	0.2091351634406644	0.05055561170773656	0.3109923649780185	0.2895280626507407	0.11629112266686122	0.10826499032726973	0.9030618653628861	0.06063532491335412	0.15105562333790248	
2.0	0.10632638988914658	0.3924904116617679	0.35142720224743385	0.1466330957285722	0.13129208435443032	0.9021009355288949	0.20163533008437087	0.07850057382207393	0.34348830857757556	0.31191837044617	0.1283208233530428	0.11652694723096106	0.9028627121792303	0.09940571020051682	0.173259771389699	
4.0	0.10017016612364393	0.3855785184842796	0.3452169061309611	0.1439255046354492	0.12885971004268512	0.9028412441458219	0.19508724749759626	0.0924016323438375	0.37037415591513745	0.3319749078331398	0.13824515874743726	0.1239123825425533	0.9029681908170624	0.14742363318332	0.1868626054779393	
8.0	0.10801582779445047	0.38235047319261506	0.343088408402399	0.14266449625094385	0.1280148613300252	0.903014776353238	0.2025226096325587	0.10739691239046048	0.38132349666372134	0.3420631610939534	0.142276546006319	0.12762804489409052	0.903062222103949	0.19731224748145837	0.20190474715921888	
16.0	0.10815393808498519	0.38571009305713	0.34621800775269734	0.14392386478334768	0.12918780231148116	0.9032074226732677	0.20364480600273965	0.10815393808498519	0.38571009305713	0.34621800775269734	0.14392386478334768	0.12918780231148116	0.9032074226732677	0.20364480600273965	0.20364480600273965	
