0.03125	0.15922410432207554	0.5383650534551658	0.5001025550552192	0.2319018761078408	0.21556072751523017	0.8603527283990056	0.2839912943814366	0.0006994651777605573	0.09080205771641477	0.07005260882599156	0.038859626410471575	0.029896546499795874	0.901884163592021	-0.0031078859673626413	0.06017435171486864	
0.0625	0.1462651185036926	0.5130336029352428	0.46930290140609665	0.20428166853307497	0.18687573750761596	0.8797126746534458	0.27940722494160264	0.002031806538701317	0.12482730240388913	0.11321259506884832	0.049640841746445216	0.04501694545499655	0.9019558950509843	0.0037917801859580587	0.07478867949541937	
0.125	0.12490765498467704	0.4797849388929244	0.4307063716369123	0.18427511274830402	0.16543046227113528	0.889018236203946	0.2527994927083828	0.005194950865418257	0.1670928271344508	0.16483848444327126	0.06414956366635678	0.06328254036079799	0.9021187101338792	0.009753877438715008	0.0889330859563269	
0.25	0.12031946134372022	0.4590421687184791	0.4088354287000864	0.17357892663375382	0.1545953719904247	0.8978776308799116	0.24499350761991065	0.013003008761907747	0.2154413907681226	0.21482024938536481	0.08145289285381709	0.08121823415010782	0.9024350953980036	0.026143215184504354	0.10957299183865984	
0.5	0.10673789346040301	0.43177119512901696	0.38290223994997935	0.16199278524976085	0.14365899654559533	0.8998427116401174	0.21679524706092992	0.026469565381509824	0.2635482009078583	0.2549526469767093	0.09886965852587691	0.09564577225666959	0.9026960839194714	0.03741488842053545	0.12447344981949719	
1.0	0.10728947611297143	0.41025757192558754	0.36540635865971105	0.1534242639595902	0.13665142066639735	0.9010900657529264	0.20858644596652676	0.05195235312348229	0.30935984360258273	0.2881975502992321	0.11568571590740133	0.10777224168815355	0.9029092542733501	0.062046945411602925	0.15063745432932835	
2.0	0.10816915241929985	0.39202099011311614	0.3509841478028838	0.146449481119347	0.13111917924709418	0.9024035015286384	0.2057558416285068	0.07985615585068064	0.34308906818682566	0.31153927703159934	0.12816450534164203	0.11637881087520466	0.9030773736855371	0.10171722273841696	0.176795741365786	
4.0	0.10350731363806942	0.383166274878216	0.34358591141157807	0.1430294297379354	0.1282548548263002	0.9024136760610922	0.1949716004987203	0.09553228185648008	0.3680114864301617	0.33033756985495755	0.13736736889610018	0.1233049599611598	0.9025823569906407	0.1493277437870581	0.18675341613543586	
8.0	0.10954860491344745	0.38133010014248137	0.34245829187267285	0.14229809199362004	0.12779259407989044	0.9030938065585092	0.20455572628153723	0.10891844105986759	0.3803075707785083	0.3414357409029841	0.14191170637488643	0.12740669145925398	0.9031397183597857	0.19932158932744912	0.20392655996962322	
16.0	0.11078862787942947	0.3815247503395429	0.34318266525177227	0.14237172174604232	0.12806381271054756	0.9028079289271224	0.20328535428872638	0.11078862787942947	0.3815247503395429	0.34318266525177227	0.14237172174604232	0.12806381271054756	0.9028079289271224	0.20328535428872638	0.20328535428872638	
