0.03125	0.0	0.5400938411234366	0.4517154425734843	0.20560049235662312	0.1719449210341021	0.8443614262561419	0.0	0.0	0.0988792294825506	0.08175696404521632	0.037631410177689104	0.03111240026392833	0.9018408216330851	-0.0335919818532721	0.0	
0.0625	0.0	0.5243089003201111	0.43125477912015275	0.1963971038023404	0.16154009415629714	0.8684300062381297	0.0	0.0	0.13710445247772798	0.13034429838338396	0.05135330800211788	0.04882099628727769	0.9018408216330851	-0.02935121363844593	0.0	
0.125	0.0	0.5077388106426122	0.40992460028945105	0.18865556930897492	0.1523114486594074	0.8805224914605002	0.0	0.0	0.18699432261593874	0.18687463854478922	0.06947765196804884	0.0694331552642244	0.9018408216330851	-0.0272441438466061	0.0	
0.25	0.0	0.49541759381858463	0.39414077015079607	0.18334312745678444	0.14586280709918292	0.8915259424774211	0.0	0.0	0.244168863554291	0.23795902774038424	0.09036063955838296	0.08806261607653057	0.9018408216330851	-0.019018391126889238	0.0	
0.5	0.0	0.4834345498660701	0.3788726027343857	0.17853202783660316	0.13991739220620406	0.896011334570263	0.0	0.0	0.30707576749610577	0.27963549124120507	0.11340215072772475	0.1032686952029479	0.9018408216330851	-0.01597708590322892	0.0	
1.0	0.0	0.4742257607770006	0.3672005790415974	0.1749344193217537	0.13545452077673895	0.89875367248814	0.0	0.0	0.36882640264079886	0.310896695021993	0.1360539918362472	0.11468471272232642	0.9018408216330851	-0.0131556104671031	0.0	
2.0	0.0	0.4688139621567441	0.36036886916265276	0.17284228393510898	0.13286075832740069	0.9006920031417163	0.0	0.0	0.41856103457848015	0.33288958267492763	0.15431491094856709	0.12272959705647982	0.9018408216330851	-0.00809057954713992	0.0	
4.0	0.0	0.46595703174357916	0.3567711991485329	0.17174573500612886	0.13150124961094856	0.9016098606568516	0.0	0.0	0.4510398719986445	0.3478215621187285	0.16624735235330923	0.1282024458515579	0.9018408216330851	-0.003355366659234498	0.0	
8.0	0.0	0.46491969092525337	0.3554664529570701	0.17135015236024087	0.13101021976741842	0.9017870114644628	0.0	0.0	0.46389559207217257	0.3547768657547731	0.17097261460329705	0.13075599208188468	0.9018408216330851	-0.0030823077316580356	0.0	
16.0	0.0	0.46487078283040406	0.35540495651499954	0.17133106131258985	0.1309867400672598	0.9018408216330851	0.0	0.0	0.46487078283040406	0.35540495651499954	0.17133106131258985	0.1309867400672598	0.9018408216330851	0.0	0.0	
