0.03125	0.1609028795073372	0.5396835176288606	0.5013012224162777	0.2324850429247805	0.21608765728126533	0.8605367630147199	0.2869667161219931	0.0007061874620062843	0.09093331042008959	0.0701426585491781	0.038912708833396134	0.029932176194078626	0.9018845095998669	-0.0029014153702740858	0.06067070992973467	
0.0625	0.1114824182807959	0.5073549318680995	0.4610991416065292	0.20164030561276713	0.1832666744622157	0.8770977133940253	0.2400204644814615	0.001535477520753757	0.12431465259554426	0.11315267172761947	0.0493455857131601	0.044909343274618985	0.9019290881610917	-0.004093870306974857	0.06474001689889934	
0.125	0.07482359403159612	0.47386554798499053	0.42192161499231684	0.1818687212353654	0.1619357557745888	0.8849334414954498	0.1892849445990346	0.003115981621554214	0.16615391645434388	0.16422214234929897	0.06374396943428079	0.0630015903435442	0.9019921519447026	-0.005587563969124377	0.06740790358544531	
0.25	0.08574673547412796	0.4550210067537056	0.40348084612027985	0.17205826219850007	0.15257021649804228	0.8955987490277897	0.20186884464287508	0.009225935812917783	0.21420436292205172	0.21349243490979636	0.08098519431291942	0.08071622595433704	0.9022314208677173	0.012680785113550575	0.09082954066202824	
0.5	0.10553469837935034	0.4324793074770808	0.38335452867273184	0.16223578623125667	0.14380800302941404	0.8996132346796688	0.21600977089512802	0.026421414164597763	0.26408577275753	0.2554632368168771	0.0990578625388338	0.09582413737366971	0.9026602233952362	0.03675819485405642	0.1242902984565328	
1.0	0.10718406634608449	0.4095771791323009	0.36505648608656316	0.1531528054649734	0.13650543546355126	0.900974344043966	0.20719172746043882	0.051971822929528955	0.3087855906725781	0.28779634986231656	0.1154581909940465	0.10761031837975196	0.9028575366136765	0.061877835844911466	0.1496716039987864	
2.0	0.11173387399942039	0.3938565073749819	0.35257665496665935	0.14709750838469238	0.1316803724498759	0.90213569549015	0.20706278802920566	0.08262538877627502	0.3446905244454501	0.3129579866523988	0.12872997325397814	0.11687902908644796	0.90288569020948	0.10448000046649855	0.17788366413239995	
4.0	0.11043779218129171	0.38664411430469114	0.3468950103604501	0.14429996434530368	0.1294651530353924	0.9028761817246529	0.20489758556086196	0.1019589774030583	0.3713252980907185	0.3334967944903429	0.13857796298177102	0.1244604407900007	0.9030019647659809	0.1586082043940813	0.1962409664505895	
8.0	0.12323143351224257	0.38438671166618377	0.34625998974505234	0.143427005225979	0.12920070933894962	0.9029853759076543	0.21671975700932888	0.12253984034160428	0.38334147924293005	0.3452100287013316	0.14303220583909806	0.12880462133637996	0.9030318886407128	0.21182947546435002	0.21605408119855607	
16.0	0.12625895393360828	0.38735262179235525	0.349347609575429	0.14454060262350785	0.13035904676295587	0.9031868904855708	0.22067127806743386	0.12625895393360828	0.38735262179235525	0.349347609575429	0.14454060262350785	0.13035904676295587	0.9031868904855708	0.22067127806743386	0.22067127806743386	
