0.03125	0.09858906892692668	0.5268823699105606	0.4837714179235615	0.22379542725808516	0.20548536770733716	0.8523572424077006	0.21362933993778505	0.0004287281374933642	0.09031926748012417	0.070292175492188	0.038198744535564925	0.029677855108963737	0.9018644910825365	-0.01560187529300788	0.045928680675714456	
0.0625	0.09617951226385546	0.5057522388703808	0.45874035548936637	0.20095982691651698	0.18228560596573215	0.8751874060146021	0.21813169063143337	0.0013221392746185408	0.1241826006997098	0.11315648919636127	0.049284247287265666	0.044903729335166696	0.9019111379662472	-0.007904173283246796	0.059074249450753416	
0.125	0.08299565128929018	0.47368914632632625	0.4228680419091872	0.18188598807975578	0.16237362445387027	0.8854674238525939	0.20198876570935614	0.003465390155617994	0.16579541791630134	0.16378901460142567	0.06363662699753346	0.06286543235888563	0.9020107796018891	-0.0032255819149439708	0.07173735134342676	
0.25	0.11023836398302471	0.45602922103399673	0.40544105420502063	0.1724376756649839	0.15330971957162048	0.8973913425333988	0.23406435408723478	0.011865152589082769	0.21428878304444465	0.21364180802559213	0.08101650113930974	0.08077205890472713	0.902388828403959	0.022243427640838104	0.1047968280763637	
0.5	0.10895604012426459	0.4315914724582964	0.3827900024351284	0.16192558143793806	0.14361654247796798	0.9001534976643673	0.22290556217402427	0.027149960405003403	0.26345133467316717	0.25491400450043694	0.09883380779084754	0.09563158391170543	0.9027663726650241	0.038702663314716564	0.1280475622263079	
1.0	0.10646011240292412	0.41129222656054704	0.36606368962656854	0.15380261382666144	0.13688958076364433	0.901733617997529	0.2130201179750278	0.05137741135805415	0.3101928565167416	0.28883729105313616	0.115990775561771	0.10800546121287095	0.9032006995390756	0.06213162172634068	0.15382970151261058	
2.0	0.11547534698793516	0.39492518081506695	0.353909302502054	0.1475331453538949	0.1322107569144871	0.9028454023186103	0.21548791602883793	0.08534998147506304	0.3455440138528595	0.31401888893074803	0.12908055036775937	0.11730411807370374	0.9033929498587885	0.10921920304658941	0.18511209703552978	
4.0	0.12075346119143796	0.38495533534680415	0.3469177711639802	0.1437071829559819	0.12950748691307842	0.9028180191617355	0.21434135570971677	0.11154229946838075	0.369571367094248	0.33332755057947205	0.13795914779871812	0.12442957585452827	0.9029542482174561	0.1693862027077321	0.20524758154849793	
8.0	0.1322042089777345	0.3834810638148696	0.34734902657723665	0.1431235056846802	0.12963826130229114	0.9021786054707233	0.22004191775086196	0.1314615728185092	0.3824181718806538	0.34626836126574656	0.14272185285879857	0.1292304418443744	0.9022315007252427	0.21563089300954918	0.2193573394288681	
16.0	0.1357320875973088	0.3824631716350252	0.34718800092415103	0.14275330721424825	0.129586953868234	0.9014590571204962	0.21893443663832307	0.1357320875973088	0.3824631716350252	0.34718800092415103	0.14275330721424825	0.129586953868234	0.9014590571204962	0.21893443663832307	0.21893443663832307	
