0.03125	0.1421200497863414	0.5362086581724067	0.4965347658391865	0.23003585202965468	0.2130900720576136	0.8575292528050559	0.2672539709033693	0.000623222187204553	0.09077669766608679	0.0701837047311576	0.03871821151329387	0.029862823292011904	0.901877954932265	-0.0070589660424908735	0.0566882749394982	
0.0625	0.11724805546963965	0.5074391859981844	0.4621713845045371	0.20181505137266315	0.18381962183173325	0.8771588700620285	0.2439293819074762	0.0016221242026016047	0.12408910993781677	0.11281670881911528	0.0492901275609458	0.044807319972651125	0.9019302707706582	-0.0028750891481534166	0.06583977000999683	
0.125	0.07778831494498917	0.47304255200472384	0.4220802330190415	0.18160572153783597	0.16204236953051665	0.8845021775692249	0.18865074749363578	0.003270237722161516	0.16566089245581114	0.1636767142452643	0.0635738650087859	0.06281132338447962	0.901981277333961	-0.004984561175880214	0.06727762742083034	
0.25	0.09681018520869758	0.4570877333859782	0.40637782491906743	0.1728649673820027	0.15368872610548334	0.8961805067310709	0.21422772350534197	0.01040264336307845	0.21479176789748705	0.21412485746251164	0.0812186342021329	0.08096668234609916	0.9022806621151526	0.016932549792452293	0.09619183078164407	
0.5	0.11898952475226794	0.43160570009189103	0.38462483308514994	0.16194838885693652	0.14432070030586094	0.8996019913595961	0.22632182724218303	0.030000923140815657	0.2628767988443355	0.25483637160389255	0.09862858874423476	0.09561252249173176	0.9026595938886182	0.043450020990374726	0.13001461660543887	
1.0	0.12374496637501642	0.4097600053226157	0.3674143205454282	0.15326530638537705	0.13742662682333168	0.9006503137306222	0.2199123410441116	0.06059841874713684	0.30826412152804106	0.28845566766309455	0.11529623230946073	0.10788771762876484	0.9027223340836483	0.07303739177927981	0.15868584178172715	
2.0	0.12155073650643464	0.39328115701553534	0.3542435223785284	0.14694666554744004	0.13236056391366854	0.9014764895662519	0.21154177227013937	0.09026894821841278	0.343735433321286	0.31372356965798515	0.12842896189726793	0.11721574364649809	0.9024208779472719	0.11225686601675125	0.18165830656679327	
4.0	0.11616668860154862	0.3816223733241454	0.34395913177031423	0.142475230220019	0.1284140751231964	0.9023078904567798	0.20658987344910895	0.10730911658182381	0.36638359322759756	0.33049316498090164	0.13678086692554864	0.1233820818927583	0.9024828905864328	0.1624656565166483	0.1978219773700552	
8.0	0.10850870637923302	0.3812624353438073	0.3425139914526924	0.14227390733117595	0.12781432848469237	0.902873918665389	0.2016209648770096	0.10789940678295265	0.38023925990533947	0.3414906033308643	0.1418872739488609	0.12742810574995858	0.9029221912250278	0.1964459320107776	0.2010129147155478	
16.0	0.10540066086988749	0.381835098514215	0.34235412492238193	0.14245052377806983	0.12772144059803092	0.9029398001497564	0.19878803972633038	0.10540066086988749	0.381835098514215	0.34235412492238193	0.14245052377806983	0.12772144059803092	0.9029398001497564	0.19878803972633038	0.19878803972633038	
