0.03125	0.10098555767863455	0.5273895110387316	0.4845401886641648	0.22438917826468593	0.2061813142335828	0.8526823124433551	0.21612659065295223	0.00043943954517328045	0.09034259572766722	0.07028262993119179	0.03826091883760717	0.02970806376222037	0.9018651226061694	-0.01504091287299616	0.04649834307692989	
0.0625	0.09579181504522521	0.5047261707952923	0.45769993378808965	0.20053123355383887	0.18185081868557704	0.875259677472646	0.2191375154757594	0.001314181832979017	0.1239765686368858	0.11298548307206806	0.049198408343644126	0.044832641842314384	0.9019120617395362	-0.008056257490807536	0.059231324670913264	
0.125	0.07549422525548816	0.4721843129202754	0.4205942883845525	0.18125158834371183	0.1614503532463732	0.8850103994972958	0.19148674657011716	0.0031392410804433495	0.16555542388894828	0.1636251196622315	0.06352502164002251	0.06278328123603906	0.9019948275640693	-0.005418735095573417	0.06809472521302869	
0.25	0.09911736963690135	0.453067031740626	0.4021573689194895	0.17131445196437975	0.1520653132250555	0.8964166819262204	0.21997805634554868	0.010695298187917989	0.2131793616553434	0.21249727764365764	0.08059541154040371	0.08033772325411823	0.9023087888222008	0.01781813359658766	0.09875377297644505	
0.5	0.10121410180042908	0.4313130781751884	0.38187549665896137	0.1618125169527766	0.14326609044243613	0.8999679372788736	0.21492715651695304	0.025069138413707205	0.263504931988638	0.25475832839802004	0.0988483715222537	0.09556794573575897	0.9027318028769675	0.03477881753642247	0.12356580937774778	
1.0	0.10116993427362408	0.4097990710865484	0.3638137040710617	0.15322771172362679	0.13603353819583333	0.9018040703371188	0.20927945726225236	0.048699861145410486	0.30936344484873113	0.28757777023332326	0.11566822175508942	0.10752296073653929	0.9032301161922625	0.058631518793434555	0.15121991935318285	
2.0	0.10716547646725386	0.3930656808573153	0.35134834575928353	0.1468352628975922	0.13125118487694837	0.9029910039576352	0.20947367263474356	0.07897780352983355	0.3441080591847886	0.31203783683936565	0.128541277099952	0.11656150255581765	0.9034920238447348	0.10190270227493861	0.1799804221107431	
4.0	0.1053250539218524	0.3838894659214974	0.3444019978784897	0.1433040898647956	0.1285636290470314	0.902851987975305	0.19997159911398704	0.09722803814222933	0.3687037097617927	0.3311195398021146	0.13763029668096266	0.12360084902448336	0.902981124204828	0.1531232818229376	0.1915572864732102	
8.0	0.11179886296026502	0.3809970386504199	0.34267130883614966	0.14217564444297298	0.1278737423214384	0.9023991072701003	0.20170555734333848	0.11116004998280407	0.3799677434085595	0.34163980773572983	0.14178674079829187	0.1274844999189337	0.9024492485972392	0.19677949558230776	0.20108324205464764	
16.0	0.10821508170863414	0.3812717962170224	0.34268603211242593	0.1422782232778764	0.12787927801739657	0.9029061807903401	0.20137442345714002	0.10821508170863414	0.3812717962170224	0.34268603211242593	0.1422782232778764	0.12787927801739657	0.9029061807903401	0.20137442345714002	0.20137442345714002	
