0.03125	0.0	0.4905973747391917	0.3887496663636405	0.18578439246040077	0.14722028140036073	0.7600739287994607	0.0	0.0	0.11073310804764853	0.09667231828037684	0.04188890329829107	0.036555737761522336	0.9018408216330851	-0.09386806298948204	0.0	
0.0625	0.0	0.49037553675138607	0.3880365336108559	0.18385993979423376	0.14548084685881307	0.7967525827116854	0.0	0.0	0.1345490780216459	0.12693123352528393	0.05044066339713271	0.04758238755543699	0.9018408216330851	-0.08714748786858714	0.0	
0.125	0.0	0.4881354911283755	0.38489849618266037	0.18157511585348723	0.14317205235398825	0.8353834964716691	0.0	0.0	0.17818128723249932	0.17747393169556308	0.06627532073372314	0.06601195807903708	0.9018408216330851	-0.08213746844911571	0.0	
0.25	0.0	0.4869656076162829	0.3833752861954175	0.18038369650650274	0.14201129690557182	0.866715299177304	0.0	0.0	0.22847083806810192	0.22572665710526718	0.08463036423299675	0.08361388371300489	0.9018408216330851	-0.06388713598199537	0.0	
0.5	0.0	0.4824316795104269	0.3776003499286012	0.17834928899755031	0.13959433320127118	0.8802955523748427	0.0	0.0	0.2735249696083152	0.2598137515701027	0.10111799263436275	0.0960493479372028	0.9018408216330851	-0.05253390229020718	0.0	
1.0	0.0	0.47885681559524096	0.37306319741680516	0.17678967995910363	0.1377316334118074	0.8923479429192411	0.0	0.0	0.3229493561224677	0.2894295946691271	0.11922949801645719	0.10685444750472632	0.9018408216330851	-0.03265181435867943	0.0	
2.0	0.0	0.47336807359790833	0.36611641900519787	0.17461529784380686	0.13505247561099437	0.8975838896406071	0.0	0.0	0.3715793800555501	0.31274856349243674	0.1370673257403611	0.11536600731233097	0.9018408216330851	-0.02001677850450042	0.0	
4.0	0.0	0.4694699144070367	0.3611958447027342	0.17309556546690472	0.13317445804023853	0.9003418797523443	0.0	0.0	0.41241178806264234	0.33050848240997716	0.15205771347637048	0.12185971976092898	0.9018408216330851	-0.010255204160478582	0.0	
8.0	0.0	0.46676251750516984	0.3577849541410655	0.17205427805487258	0.13188383922911218	0.9013825517325484	0.0	0.0	0.4416960308190873	0.34344659443931985	0.16281432287132877	0.12659844335008377	0.9018408216330851	-0.0052315682435440354	0.0	
16.0	0.0	0.4652563700027209	0.3558898439714221	0.17147798269073475	0.13116912862638772	0.9017790662504629	0.0	0.0	0.46003484520390553	0.3525367653613647	0.1695533998204806	0.1299332173617547	0.9018408216330851	-0.0019465234076750377	0.0	
