0.03125	0.1027423544866474	0.4304123714874312	0.39084314688345645	0.19034928276811736	0.1726514563514725	0.7677050705188682	0.17578266650688193	0.0010500397919114331	0.09710160496862016	0.07871591036050764	0.04287381427589413	0.03461659006020808	0.9018908096751904	-0.06459379841070102	0.06019081205241059	
0.0625	0.09544578940037889	0.41627646730872475	0.3775778209113532	0.17265012705407118	0.1565466298518175	0.8025367428646735	0.1706551032725256	0.0017330847263553803	0.11340574277935307	0.10087748794253167	0.04708350338676257	0.04183971856645145	0.9019151911107558	-0.05723409088522015	0.06471034073861359	
0.125	0.1003907147491103	0.41530221732214123	0.3776838432625051	0.16511942157003193	0.15018051579049288	0.8401982679674529	0.188153099510806	0.00447622034783012	0.14771742106286176	0.14303898268246656	0.05869951679850015	0.05681942448176598	0.9020079187338365	-0.04643829162826091	0.08099837176599471	
0.25	0.1106576290668158	0.4212801452873592	0.38368638324829984	0.16379870773105684	0.1492340621462673	0.871351778279962	0.21076199966711112	0.010848826535143899	0.1900251279555681	0.1897597940718306	0.07388307987641474	0.07377540818419111	0.9022143937954942	-0.018646888232685257	0.10191403682950792	
0.5	0.09822087649926689	0.40571830076755877	0.36843853327688303	0.15479584120553974	0.14057711373402487	0.882843532296047	0.1922779723685772	0.017427746679013905	0.22188712908216549	0.22043432227270093	0.0846352227049629	0.08408242366721522	0.9022552879465071	-0.006466108275507048	0.10674734602349276	
1.0	0.0930541904267313	0.3959803862287405	0.35881249070121785	0.14956531211829655	0.13552799107572355	0.8936165423969996	0.1831025243422754	0.028391902813515668	0.25743049974941845	0.24975493364059234	0.09722221512581572	0.09432376340856269	0.9022210495657127	0.01853115625908909	0.11559548875184844	
2.0	0.08279314076122982	0.38215914458721467	0.343605449901649	0.14344134614645984	0.12897107042326	0.8985169380028747	0.17256122770432403	0.040757192726718044	0.2914304261289865	0.2731004138171806	0.10937787974637143	0.10249904550285964	0.9022830032612539	0.03854013069277897	0.12697354932238697	
4.0	0.07778840207972565	0.37403106235026307	0.33509878076438715	0.14003061827837687	0.12545540349713327	0.9010128817466233	0.1663664614803589	0.05406805948855921	0.3219228245884375	0.2935346694544508	0.12051404621616332	0.1098873297973644	0.9023002610433399	0.06421327666079424	0.1399376683099006	
8.0	0.07629363284201793	0.37190411948022173	0.3322081829804041	0.1390043237005915	0.12416754185039355	0.902003190793389	0.16482986241300665	0.06593070661199009	0.34807670287346837	0.31226668549912684	0.1300923858900874	0.1167087109851594	0.9023707155835627	0.09773070934366332	0.15303039970159604	
16.0	0.07374907896374672	0.37255138572863283	0.3313435784909008	0.13906601612211142	0.12368398737492514	0.9026946648975149	0.16509544103931634	0.07170495321041324	0.36738765581125304	0.32665563385795454	0.13713351781919234	0.12192964234110168	0.9027299532265627	0.1427995856109075	0.16266207502513172	
