0.03125	0.13811055321679852	0.40108441345227225	0.3719275955272059	0.18493780672008658	0.171535498044404	0.7637272645822077	0.17572072857314688	0.001361078338788236	0.09238464639452446	0.07389898085913167	0.04255487908958613	0.0337788480025485	0.9018833074581819	-0.05598066811580589	0.0637827226684416	
0.0625	0.12194693709168938	0.3991755639583554	0.3682739906698262	0.16775212474897244	0.1547465678717114	0.7998026706276047	0.17814831445110704	0.002253653173207826	0.10988769433114669	0.09690860335424986	0.04634690735707455	0.04080974999158432	0.9019120878118322	-0.049724866460655506	0.0698570293486268	
0.125	0.12372113536120348	0.401436639892632	0.3697189396639766	0.16022504695060005	0.14759792019214185	0.8384780278688716	0.1938716506436035	0.0056615316821881315	0.1429465199717451	0.13780008127871216	0.05705469315896998	0.0549747692079204	0.9019783520273792	-0.038112377470343496	0.085348147469925	
0.25	0.14777900470282648	0.3923209380039305	0.3618738912810107	0.15250947951014182	0.14074201982941104	0.8692820286730673	0.2293258162796094	0.01505541325707922	0.17795299071339427	0.17746989524487428	0.069270029019374	0.06907314700753472	0.9021188272645994	-0.0032001335348569395	0.11181100248532805	
0.5	0.16836484676947713	0.38364363299674603	0.35668325836079284	0.1465570921530322	0.13626572008344304	0.8804000856272255	0.24117071491298345	0.031730135811642315	0.20859385645877845	0.20791503600301803	0.07966745548427104	0.07940926709091238	0.9020361283265228	0.027603852157610815	0.13363909248719671	
1.0	0.17730067910994857	0.38586148459193137	0.359134211744552	0.14588268106377847	0.1357791776091247	0.8908007649138213	0.2472804089656	0.05842124854052712	0.24777184907398248	0.24308576294896272	0.09366375063961958	0.09189255149493306	0.9015492159275089	0.06735215224453872	0.1548983661519347	
2.0	0.17249655738879976	0.383654219750946	0.3541371192992317	0.1440398422514113	0.13295893106336334	0.8953131597210033	0.2431188362438596	0.08978427285203723	0.28966985261329875	0.2760618939655185	0.10874454700810143	0.1036368590371134	0.9009113337108813	0.10111289480859384	0.1774824080111145	
4.0	0.15601349172733406	0.3790200394014591	0.34779262913013553	0.14191344385989485	0.13022169633351277	0.8984888790882749	0.2305288666274007	0.11145162601793834	0.3241560220623535	0.3013916955739076	0.12136297402435323	0.11284066825317915	0.9006509163946863	0.13026028294741404	0.1928977569752865	
8.0	0.13929734322424864	0.3746253598393518	0.3415171152352444	0.14004174713359036	0.12766551341276913	0.9003212816936816	0.21857517878692034	0.12160885736274518	0.3497369566414442	0.31968957773321655	0.1307316343502734	0.11950019957338302	0.9009661686317821	0.160134816013148	0.20264498555206992	
16.0	0.12864602458976032	0.3784188027511951	0.34255160217063246	0.14125913359377415	0.12787036923104117	0.9018017842399774	0.21427391170494098	0.12526283326572485	0.37292260781724584	0.3373854948714087	0.139202435234075	0.1259373667092716	0.9018657863513834	0.19766607928539964	0.21103869127209007	
