0.03125	0.30338702262165657	0.426261207106858	0.4102038143617851	0.2119089045446681	0.20510812148279065	0.7282619976818806	0.22782377899407774	0.004585487754261572	0.0940100829917263	0.07244453042511362	0.046068796229920064	0.03496925280558989	0.9018740522739808	0.01680090416746076	0.09965105058990188	
0.0625	0.29931991851475015	0.42874151184186315	0.4100676035590595	0.18342396132310607	0.17570921809755963	0.7815062867595369	0.2742114419422844	0.00694232276645595	0.1128618979399137	0.09673254504353637	0.04851536795026763	0.041429117737502644	0.9019532689491527	0.02333470580230005	0.11229018498339045	
0.125	0.2574305740887096	0.41874527998882616	0.39596794132878	0.1675996866653579	0.1585420586777257	0.8350566942114483	0.2868738600586325	0.013406327885512909	0.14512806008698728	0.13831642822062498	0.05808374764540071	0.05531954228746638	0.9019990378152644	0.016081591582540515	0.12369607736471992	
0.25	0.25558558080986954	0.4007559578886991	0.37574175329636256	0.15582797185120484	0.1462189867591812	0.854525267033108	0.29022340480010916	0.02934939783525343	0.17926743987171065	0.17815696496782513	0.06981443572823712	0.06935639189920148	0.9014712257897806	0.04555519428621337	0.14171867201100924	
0.5	0.23075991619230277	0.3918609177172364	0.36740609676849023	0.14956135506122548	0.14024102078085932	0.8718695019895923	0.2772785871167331	0.046914169924676764	0.21120123530665763	0.21062957787308925	0.08058835407822185	0.08037118266669756	0.9011003364811169	0.06162843466360892	0.15286371163758009	
1.0	0.20996637750118657	0.3906485209968638	0.36402289669293897	0.14759053817841564	0.1375331823328744	0.8878237619732736	0.27024831146514583	0.0710076879763204	0.25039615285155115	0.24577035469498476	0.09459097477981562	0.09284393577185743	0.9008121868337504	0.08706726107477068	0.16821056639917376	
2.0	0.18464494443035118	0.3826330859367692	0.3539726102038468	0.14364392059319203	0.13288537865472638	0.8931763504753197	0.24798383085813622	0.09752208373935849	0.28866840024748136	0.2755078995892387	0.1083595572419694	0.10342012739041093	0.8999902734938212	0.10928092820759765	0.1808613217826664	
4.0	0.16659423824382508	0.37697872456529524	0.3471479395620909	0.14115307206755726	0.1299842149479707	0.8963416472654723	0.23249255304292524	0.12013253107468062	0.3221723971106666	0.300370242572376	0.12062307798483025	0.11246108572530249	0.8992777558388368	0.13746488505061558	0.1945385557607891	
8.0	0.16104092130820802	0.38130455328780444	0.35014362283900036	0.14255639871501818	0.1309066100828182	0.8977697615707602	0.2285634871294803	0.14133027013294996	0.35554681318012143	0.32718748824941446	0.13291996601380235	0.12231815516416052	0.8988196990661818	0.17614252753477938	0.2117042124935598	
16.0	0.1502800208644295	0.37971931172318707	0.34693577087400657	0.14178050176827894	0.12953970358107075	0.8984677562494088	0.21880409673370868	0.14652216076126884	0.3740710929860333	0.34153669166022416	0.1396663204677527	0.12751900051297302	0.8986327859368	0.2054840464166226	0.21545343148873147	
