0.03125	0.36911196159428733	0.4507690944658913	0.43197798826562017	0.23685977868531777	0.22741419912216868	0.7126025321508151	0.2975886768177447	0.006210460949623535	0.09477857279850459	0.07218907734964664	0.04744087938356087	0.03537476172221064	0.9018970348068315	0.059451770645152925	0.11489713107277769	
0.0625	0.3189412213861934	0.43093809578368913	0.412840238421422	0.18498412981237006	0.17752437874889676	0.769238319476355	0.2882005939455606	0.008064007460683819	0.11262835197113404	0.09609837471009865	0.048523036009546425	0.0412300482973844	0.9019572754378743	0.041295995018671726	0.11826389615554182	
0.125	0.2612340013862561	0.4189633761926924	0.39737819953772047	0.1681609936394366	0.15960166234247047	0.8353670299108993	0.2896403914430349	0.01362121140419038	0.14490783027112183	0.13778546755695628	0.05816658322918752	0.05525680318189816	0.9020205500528886	0.02047668435578117	0.12593492818242882	
0.25	0.20608686765360162	0.3909415952822788	0.3654172918245272	0.15225450203881377	0.1424571865874459	0.8485382833425495	0.2438436222251144	0.024250163057430517	0.17572124619347412	0.17450163323572657	0.06855365001208011	0.06804187185131153	0.9011387196451139	0.024989336443144685	0.12282681592484546	
0.5	0.20930768392321847	0.37824527170513617	0.35641729371497244	0.14451052977509357	0.1361942597072102	0.8618730041402769	0.24752457983276416	0.04491679648183891	0.20375801626205522	0.203053930604207	0.07782348287528973	0.07755533860678428	0.9000292600775864	0.05359359489393147	0.13798374980326816	
1.0	0.20086345663330238	0.3688051418341739	0.34616079386261006	0.1393375144202654	0.13078450803157277	0.8788853261199543	0.24149408445840667	0.07090128194450594	0.2360722616102203	0.23233744081989444	0.08917931987725145	0.08776889527401623	0.8985845275339586	0.08022733959930708	0.1511165125763856	
2.0	0.20207853654549388	0.3622119371951844	0.3382415136986932	0.13593270611716454	0.12693804096489783	0.8824402268659691	0.23513144739257102	0.11196185595370237	0.27258960926835796	0.26169019255114473	0.10229010706908759	0.09820091268201687	0.8952714664242475	0.11834102505769808	0.17104265169147922	
4.0	0.1794594131043529	0.34062400039168506	0.3177888178642053	0.12751489689534676	0.11896694993298891	0.8805902623339186	0.20102719821229034	0.13391048101729772	0.29022431162777035	0.27346412417823357	0.10863965502100152	0.10236645273109482	0.888871641951425	0.13342157364031917	0.16749706198397712	
8.0	0.17354405880409102	0.33930825212531823	0.31583051433440495	0.12681450018408325	0.1180401989775615	0.8822061680172105	0.19549302394009693	0.15467380740389897	0.31585985370366376	0.29430702953219795	0.11804497167690933	0.10999050264942167	0.885682797140411	0.16171325654921312	0.1807115123382566	
16.0	0.16698989722924001	0.3285352868436783	0.3066834898419112	0.12264374390354815	0.11448635178288909	0.8710301802799776	0.16646024748239066	0.16362025253981988	0.323432984047537	0.30160915367102203	0.12073465446389306	0.11258799501385519	0.8721125660036885	0.16071526615905196	0.1637925865101552	
