0.03125	0.08879252918084449	0.39464753615202214	0.3587803082338808	0.1742350626565809	0.15819568611122822	0.7621497834359593	0.13948120497724084	0.0008377073964659931	0.0918020024981911	0.07437805341296341	0.04057907084980212	0.03275012735588252	0.9018642789125153	-0.07070003678025824	0.05023885402580293	
0.0625	0.07386095504952316	0.39507140624028986	0.35680737884831115	0.16332325222515848	0.1474388860619148	0.7988039948299986	0.13568437957115456	0.0013062145150358898	0.1098590629524195	0.09809107710300338	0.04548518082554094	0.0405742306076566	0.9018820166132377	-0.06535900175744784	0.05317226612457926	
0.125	0.08179884464989501	0.39533512980464763	0.3582814624109164	0.15692018874507366	0.14222641941242598	0.8375805275528455	0.15407394365365296	0.0036195406994267267	0.1424067847120014	0.13807676082319792	0.056517480890147756	0.054780619651830655	0.9019317412153832	-0.05373929662115151	0.0682574513317944	
0.25	0.0882657901011078	0.3753936171270068	0.34073767383503906	0.1453446855162351	0.13196354227376914	0.8673077911739895	0.16487550011653135	0.008634159339595915	0.17290008272838073	0.17271495263832215	0.06703398204730512	0.06695863472482849	0.9019438127027761	-0.02957494517365781	0.08162175674164243	
0.5	0.11336582051931295	0.36975432705524947	0.3390991835503348	0.14113305604754406	0.12943699782966867	0.87986383026004	0.18821952011890083	0.020689839039852463	0.20346953244478225	0.20241453029417386	0.07764716771507761	0.07724567066740858	0.9019175305776731	-0.00041388237808235445	0.10575066769633476	
1.0	0.15709450367204106	0.373296883168709	0.3454119345887898	0.14109402726675505	0.13055567255120867	0.8906938159152992	0.22665722680593042	0.051359395056656675	0.24097307767028742	0.235860039269221	0.09106909652679625	0.08913703818925173	0.9015111859537877	0.054960341372359736	0.14254245094303747	
2.0	0.17269287521033644	0.38080958561718653	0.35164047199145365	0.14295540713352858	0.13200658159398465	0.8937550142588411	0.2380898876473228	0.0905512785025454	0.28753962672309463	0.27409125076880547	0.10793258141756801	0.10288544095998353	0.90025353720332	0.10055746826857977	0.17393915203480456	
4.0	0.165809950814297	0.3754200569401555	0.34638781759019543	0.14059994226370714	0.12972777273373765	0.8959550640965755	0.22988796792824678	0.11955098600652972	0.3206151759542912	0.29939318097986717	0.1200659396572411	0.11211945974274717	0.8990139044135258	0.13613954381550303	0.19226350330459036	
8.0	0.15941099617653998	0.3740338042025287	0.3442287928504489	0.13984964440878409	0.1287060215927635	0.8963202605033642	0.22126535508781536	0.1400329450642007	0.348672649050939	0.3215024278573616	0.1303606535871828	0.1202026971425378	0.89760280263291	0.1714060701598008	0.2048983922832796	
16.0	0.15376671707019196	0.37163427149184247	0.3414039538751866	0.1387893437903574	0.1274996756238619	0.8958425449382365	0.21165488727433363	0.15002180853518277	0.3660562349221619	0.3360139620421366	0.13670089675018054	0.12548188576086294	0.8960953035719248	0.1999168692179606	0.20840598119467227	
