0.03125	0.24760521724365656	0.41920917801591634	0.40069712242320976	0.20269931148884482	0.19442361996635946	0.7370127275953651	0.19146062605422315	0.0033409227742679203	0.09374521853296224	0.07294807909521245	0.04506553809755104	0.03467327564627372	0.9018499769420256	-0.014436674258306609	0.08468838952400823	
0.0625	0.23611750456422423	0.413887692238269	0.39317854378430683	0.1766204682615446	0.16794742748600094	0.7943032984559097	0.23750741554098656	0.005120266443648387	0.11084741563152219	0.09569471093323692	0.047565845045267875	0.04094643697333502	0.9019478115692143	-0.005852656094730036	0.09675232188694198	
0.125	0.2533022859827321	0.42426544885882445	0.40061066987384314	0.1699354981711239	0.16051855275321278	0.8413882537524433	0.29865118915377253	0.012573052759414085	0.14688898723351723	0.14011053698860382	0.058832325645055764	0.05608032167541479	0.9021302299997463	0.012922274519123844	0.12624764154180138	
0.25	0.26227282504791216	0.41022448800618305	0.384772632693371	0.1599046807332131	0.15011244166983667	0.8636309309843156	0.3120081991641933	0.02934474789718406	0.18268131424686912	0.18159296754984036	0.0712906164135608	0.07084108199673352	0.9019530061760441	0.0491116987835545	0.14970535399746715	
0.5	0.21857584663680568	0.4032177661139264	0.37796649419790784	0.15398715905985363	0.1443559456408031	0.8778717553600393	0.2792300105784836	0.04312040095291316	0.216703517828671	0.216139652943163	0.08273491874259392	0.08252065005055201	0.9018089407478318	0.05509329376465337	0.15351763929449744	
1.0	0.21554952463186766	0.4007211945072884	0.3743690290113535	0.15141962395812802	0.14146348838866205	0.8902568757199443	0.2819319437126903	0.07295076508813293	0.2562074516997533	0.25171737767619823	0.09680051757247427	0.09510443110898284	0.901442838264142	0.09187877486841724	0.17527684678503644	
2.0	0.18924599231555753	0.3898840837351241	0.3610478802007176	0.14637818201769767	0.1355527050059096	0.8946970789291895	0.25749406639572076	0.09953920923748152	0.29383602373118534	0.2806281601697854	0.1103085113483113	0.10535085237843884	0.900641285494002	0.11354922631751285	0.18757372309440298	
4.0	0.1712295481252682	0.3849113269624319	0.35488944933847033	0.1441369783048404	0.1328953018466339	0.8967290748912526	0.2386448992885007	0.12350539618168224	0.3287682873086019	0.30683629141801755	0.12310448404443468	0.11489292379312532	0.8995284301655448	0.1420913270519917	0.19957796284744553	
8.0	0.15897616682410717	0.37865908593697484	0.34797313386743467	0.14157330256655454	0.13010059833406676	0.8968035805374545	0.22259418430903719	0.1396689654406394	0.35305923182143284	0.3251232941343217	0.13199552083009794	0.12155154321484904	0.8980114815294875	0.17205332559068146	0.2062277606766679	
16.0	0.1523387336054056	0.3795591272103848	0.3470769505829244	0.14172565572458629	0.12959698781518675	0.8982064479197177	0.2198645619382637	0.14853971162535815	0.3739085106687243	0.34166469119983517	0.13961047884857303	0.12757126322048185	0.898383516055878	0.206776378107762	0.21649245888418772	
