0.03125	0.0880047531605265	0.39818796815142793	0.36139876049582587	0.1747286735681114	0.15836618574866687	0.7625081262136708	0.14235459199395553	0.0008419570206790464	0.092473573081131	0.07504037569888802	0.040658530121120036	0.03288388126211021	0.9018691359535204	-0.07091340706631452	0.05081430597586166	
0.0625	0.08038753606119878	0.39287096649357317	0.35594593446113487	0.1626534958455062	0.14730277178979492	0.7991998009870172	0.14262315895451025	0.001457685276954904	0.10924621381117654	0.09737046659554591	0.045313194091281414	0.04035149119708484	0.9018898547058974	-0.06318664367585694	0.05585841899653545	
0.125	0.08152549172891228	0.392665823219585	0.355982421125318	0.155902266939394	0.1413501934878592	0.8372716605390546	0.15399258316713577	0.0036893438969101675	0.14171046056036127	0.1374015550247853	0.056263977037052396	0.05453470950412441	0.9019300840689111	-0.053720713192449865	0.06860333457170927	
0.25	0.08786960224064658	0.37125341008137397	0.33713924516587523	0.14372783601895794	0.1305557869362099	0.867059985070647	0.16289151452546852	0.008595477111418833	0.1712284681017065	0.17104131907859954	0.066384380076297	0.06630843083841233	0.9019294267202567	-0.029872222673645126	0.080785499628656	
0.5	0.13005862847969263	0.36902165231071427	0.33940597025892727	0.1408597987663791	0.12956246595715376	0.8804300341413522	0.20608786520528416	0.02378520766902706	0.20274088281689823	0.20175441754560414	0.07737205574205383	0.07699692373458372	0.9019885374226622	0.007968808038768947	0.11485941550552278	
1.0	0.17593995924229902	0.37852319355216857	0.3512759818087623	0.14307692191193563	0.13277899319714406	0.8916598664533961	0.24850599394568648	0.05766066053438963	0.2437365355046479	0.23884545920228972	0.09211856112858893	0.09027023543375849	0.9017791958999135	0.06674374540083725	0.15562170432977832	
2.0	0.1765160467727608	0.37945082712371564	0.35084193433777167	0.14244009825063847	0.13170222996413722	0.893417464694888	0.2402430441093967	0.09275342996067514	0.28638338206344616	0.2732012041039096	0.10749450557952138	0.10254761823485539	0.9000988592091665	0.10318154274454197	0.17537404482161842	
4.0	0.17018366627141557	0.37093227194224976	0.34349813124780737	0.13892579358630935	0.1286512765116769	0.8937504253784876	0.2261702831520318	0.12362481311430203	0.31655505817008434	0.29649794346657493	0.11855159461977602	0.11104063039592982	0.8975638883550878	0.13772254914935775	0.189154280300542	
8.0	0.1619781557192233	0.36501962348478106	0.33748416557245015	0.1364843846071569	0.126188905216418	0.893069116875702	0.21291622920294664	0.14283956436685669	0.3400601542480899	0.3148951928009863	0.1271454953433364	0.11773684418578131	0.8948861855968323	0.16794531267921897	0.1971749330175666	
16.0	0.15961546398584486	0.3582269920293236	0.33162081167804314	0.13380526056412795	0.12386728673991532	0.8906678193127672	0.20031950923617692	0.15586945804366037	0.3527241419747112	0.3262357787358453	0.1317446533599234	0.12185107352304955	0.8910645903427561	0.19050725816079978	0.19717078899023766	
