0.03125	0.1617286169319375	0.40434913729196664	0.3772647934926801	0.18773811275447277	0.17523388155382782	0.7647941945249185	0.19423968441993575	0.0018248666666008423	0.09281553508215146	0.07382535110007782	0.043083444218181347	0.03401216674415738	0.9018979687838499	-0.04594475413461588	0.07215722273827598	
0.0625	0.156039714325027	0.40176803274384304	0.37431496360842853	0.1698285130674849	0.15827209218039068	0.8003256902433158	0.2001157236038969	0.0029971541314020864	0.10995139170838089	0.09636260600777201	0.046644445811606663	0.040797362453396435	0.9019334229871957	-0.036847723995019954	0.07966733410450479	
0.125	0.17470242291420252	0.41233757710609076	0.3832404189997538	0.1646586058006004	0.15305372446534585	0.8419102544973794	0.24839138365965643	0.008344547674923769	0.14515501050222415	0.1394847694979372	0.05796665397572305	0.05567863859932063	0.9020919231352096	-0.018704399242731505	0.10605784862018297	
0.25	0.20991272555121893	0.4072204957161804	0.3792391854749993	0.15839226684147462	0.1475853316712175	0.8709523542188841	0.2857618085402399	0.022011906006606814	0.18262334090802915	0.1819191386528581	0.07112242485622701	0.07083652432986608	0.9022923440826152	0.023966683947878896	0.13702130894021114	
0.5	0.20097374278440672	0.39594691760104367	0.37072732616774073	0.1513129806817494	0.14168907546834736	0.877171955697192	0.26444218252585766	0.039263812963447275	0.21345344136109218	0.21283270466905796	0.08154875958708592	0.0813127320291044	0.9017622735287517	0.04551838605701645	0.1462147525096261	
1.0	0.19723796533114368	0.398407179875062	0.37112381177333864	0.1505656162332065	0.14025579385513415	0.8917265756749702	0.26929328846847317	0.06534893956455196	0.2552802871943514	0.25053054990693224	0.09646405034473995	0.09466944369074723	0.9018032659179676	0.08010074309606387	0.16792020322999834	
2.0	0.1834180341444139	0.3880512302318978	0.359310944884245	0.1456800169394161	0.13489169590810718	0.8937527285050187	0.24846355010440835	0.09651907629995995	0.2924968197246788	0.27930611574205944	0.10979795368195702	0.10484731060788999	0.9002433344262007	0.10858952466510294	0.18118372417075246	
4.0	0.1719527890252514	0.3801836715934518	0.3512072398528881	0.14238284545904226	0.1315313853557089	0.8960366696968574	0.23614007846002	0.1242137642072672	0.3245034986562106	0.3033471828599834	0.12152138900876105	0.11359932522786616	0.8990364991396268	0.14170131800383257	0.19737545043042204	
8.0	0.1574855707432567	0.37285002273326334	0.3431899703755552	0.13940942495303807	0.12831967439680586	0.8956346639450817	0.21614112399477053	0.13839933456733583	0.34754287395752437	0.32052044980317573	0.12994057310620993	0.1198375700252183	0.8969965017032427	0.16763584914899576	0.20012717679109518	
16.0	0.1522650848562142	0.3720733278047958	0.3413216446799726	0.13895447983614337	0.12746998421672648	0.8969460700693042	0.21442363945938775	0.14852347911980185	0.36650100833215365	0.3359523522977755	0.13686817023354747	0.1254599334274293	0.8971685246521286	0.20215796565145502	0.211148196404544	
