3.125000000000000000e-02 2.777777777777777679e+00 1.266666666666666607e+01 1.211111111111111072e+01 1.277777777777777857e+01 1.277777777777777857e+01 1.122222222222222143e+01 3.222222222222222321e+00 2.555555555555555358e+00 1.255555555555555536e+01 1.255555555555555536e+01 1.244444444444444464e+01 1.244444444444444464e+01 1.144444444444444464e+01 3.000000000000000000e+00 2.333333333333333481e+00
6.250000000000000000e-02 1.888888888888888840e+00 1.222222222222222143e+01 1.177777777777777857e+01 1.155555555555555536e+01 1.133333333333333393e+01 1.100000000000000000e+01 2.333333333333333481e+00 2.222222222222222321e+00 1.244444444444444464e+01 1.200000000000000000e+01 1.144444444444444464e+01 1.144444444444444464e+01 1.122222222222222143e+01 2.444444444444444642e+00 2.000000000000000000e+00
1.250000000000000000e-01 6.666666666666666297e-01 1.188888888888888928e+01 1.122222222222222143e+01 1.044444444444444464e+01 9.555555555555555358e+00 9.888888888888889284e+00 7.777777777777777901e-01 1.222222222222222321e+00 1.255555555555555536e+01 1.244444444444444464e+01 1.144444444444444464e+01 1.022222222222222143e+01 1.122222222222222143e+01 1.444444444444444420e+00 6.666666666666666297e-01
2.500000000000000000e-01 1.111111111111111160e+00 1.144444444444444464e+01 1.033333333333333393e+01 9.666666666666666075e+00 8.888888888888889284e+00 9.444444444444444642e+00 8.888888888888888395e-01 1.111111111111111160e+00 1.211111111111111072e+01 1.100000000000000000e+01 9.888888888888889284e+00 9.333333333333333925e+00 9.333333333333333925e+00 1.111111111111111160e+00 5.555555555555555802e-01
5.000000000000000000e-01 3.777777777777777679e+00 9.777777777777778567e+00 8.888888888888889284e+00 8.000000000000000000e+00 7.888888888888889284e+00 8.888888888888889284e+00 4.333333333333333037e+00 3.777777777777777679e+00 1.000000000000000000e+01 8.888888888888889284e+00 8.111111111111110716e+00 7.777777777777777679e+00 8.777777777777778567e+00 4.111111111111110716e+00 4.111111111111110716e+00
1.000000000000000000e+00 6.777777777777777679e+00 1.155555555555555536e+01 1.055555555555555536e+01 9.555555555555555358e+00 9.444444444444444642e+00 1.033333333333333393e+01 7.444444444444444642e+00 6.777777777777777679e+00 1.155555555555555536e+01 1.044444444444444464e+01 9.777777777777778567e+00 9.444444444444444642e+00 1.033333333333333393e+01 7.111111111111110716e+00 7.333333333333333037e+00
2.000000000000000000e+00 8.444444444444444642e+00 1.155555555555555536e+01 1.177777777777777857e+01 1.088888888888888928e+01 1.066666666666666607e+01 1.111111111111111072e+01 9.000000000000000000e+00 8.333333333333333925e+00 1.155555555555555536e+01 1.177777777777777857e+01 1.088888888888888928e+01 1.055555555555555536e+01 1.111111111111111072e+01 9.000000000000000000e+00 9.000000000000000000e+00
4.000000000000000000e+00 9.888888888888889284e+00 1.166666666666666607e+01 1.144444444444444464e+01 1.088888888888888928e+01 1.088888888888888928e+01 1.188888888888888928e+01 1.022222222222222143e+01 9.888888888888889284e+00 1.166666666666666607e+01 1.144444444444444464e+01 1.088888888888888928e+01 1.088888888888888928e+01 1.188888888888888928e+01 1.011111111111111072e+01 1.011111111111111072e+01
8.000000000000000000e+00 1.244444444444444464e+01 1.188888888888888928e+01 1.188888888888888928e+01 1.122222222222222143e+01 1.122222222222222143e+01 1.244444444444444464e+01 1.233333333333333393e+01 1.244444444444444464e+01 1.188888888888888928e+01 1.188888888888888928e+01 1.122222222222222143e+01 1.122222222222222143e+01 1.244444444444444464e+01 1.233333333333333393e+01 1.233333333333333393e+01
1.600000000000000000e+01 1.188888888888888928e+01 1.233333333333333393e+01 1.233333333333333393e+01 1.100000000000000000e+01 1.100000000000000000e+01 1.222222222222222143e+01 1.188888888888888928e+01 1.188888888888888928e+01 1.233333333333333393e+01 1.233333333333333393e+01 1.100000000000000000e+01 1.100000000000000000e+01 1.222222222222222143e+01 1.188888888888888928e+01 1.188888888888888928e+01
