3.125000000000000000e-02 8.666666666666666075e+00 6.333333333333333037e+00 6.666666666666666963e+00 6.333333333333333037e+00 6.333333333333333037e+00 6.000000000000000000e+00 9.222222222222221433e+00 8.555555555555555358e+00 5.666666666666666963e+00 5.666666666666666963e+00 5.222222222222222321e+00 4.888888888888889284e+00 5.777777777777777679e+00 8.666666666666666075e+00 9.222222222222221433e+00
6.250000000000000000e-02 8.555555555555555358e+00 5.111111111111110716e+00 5.222222222222222321e+00 5.111111111111110716e+00 5.555555555555555358e+00 4.333333333333333037e+00 7.444444444444444642e+00 9.000000000000000000e+00 4.111111111111110716e+00 4.222222222222222321e+00 4.111111111111110716e+00 4.000000000000000000e+00 4.666666666666666963e+00 8.444444444444444642e+00 7.777777777777777679e+00
1.250000000000000000e-01 8.444444444444444642e+00 4.666666666666666963e+00 4.888888888888889284e+00 5.111111111111110716e+00 6.222222222222222321e+00 5.777777777777777679e+00 9.777777777777778567e+00 8.222222222222221433e+00 4.555555555555555358e+00 4.666666666666666963e+00 4.777777777777777679e+00 4.777777777777777679e+00 5.444444444444444642e+00 8.777777777777778567e+00 9.000000000000000000e+00
2.500000000000000000e-01 8.888888888888889284e+00 5.555555555555555358e+00 5.888888888888889284e+00 6.333333333333333037e+00 6.777777777777777679e+00 7.000000000000000000e+00 9.000000000000000000e+00 9.000000000000000000e+00 5.444444444444444642e+00 6.000000000000000000e+00 6.777777777777777679e+00 6.777777777777777679e+00 7.111111111111110716e+00 9.555555555555555358e+00 9.444444444444444642e+00
5.000000000000000000e-01 9.111111111111110716e+00 6.888888888888889284e+00 7.555555555555555358e+00 7.777777777777777679e+00 8.000000000000000000e+00 8.111111111111110716e+00 9.444444444444444642e+00 9.333333333333333925e+00 6.888888888888889284e+00 7.777777777777777679e+00 7.666666666666666963e+00 8.000000000000000000e+00 8.111111111111110716e+00 9.222222222222221433e+00 9.555555555555555358e+00
1.000000000000000000e+00 8.777777777777778567e+00 7.888888888888889284e+00 8.333333333333333925e+00 8.555555555555555358e+00 8.555555555555555358e+00 8.777777777777778567e+00 9.444444444444444642e+00 8.777777777777778567e+00 8.000000000000000000e+00 8.333333333333333925e+00 8.555555555555555358e+00 8.777777777777778567e+00 8.777777777777778567e+00 9.222222222222221433e+00 9.222222222222221433e+00
2.000000000000000000e+00 8.111111111111110716e+00 7.888888888888889284e+00 8.000000000000000000e+00 8.666666666666666075e+00 8.666666666666666075e+00 8.111111111111110716e+00 9.111111111111110716e+00 8.111111111111110716e+00 7.888888888888889284e+00 8.000000000000000000e+00 8.777777777777778567e+00 8.777777777777778567e+00 8.111111111111110716e+00 9.111111111111110716e+00 9.111111111111110716e+00
4.000000000000000000e+00 9.666666666666666075e+00 8.888888888888889284e+00 9.555555555555555358e+00 9.444444444444444642e+00 9.444444444444444642e+00 9.333333333333333925e+00 9.666666666666666075e+00 9.666666666666666075e+00 8.888888888888889284e+00 9.555555555555555358e+00 9.444444444444444642e+00 9.444444444444444642e+00 9.333333333333333925e+00 9.666666666666666075e+00 9.666666666666666075e+00
8.000000000000000000e+00 9.333333333333333925e+00 9.888888888888889284e+00 1.000000000000000000e+01 9.444444444444444642e+00 9.555555555555555358e+00 9.222222222222221433e+00 9.555555555555555358e+00 9.333333333333333925e+00 9.888888888888889284e+00 1.000000000000000000e+01 9.444444444444444642e+00 9.555555555555555358e+00 9.222222222222221433e+00 9.555555555555555358e+00 9.555555555555555358e+00
1.600000000000000000e+01 9.777777777777778567e+00 9.555555555555555358e+00 9.555555555555555358e+00 9.888888888888889284e+00 9.888888888888889284e+00 9.555555555555555358e+00 9.777777777777778567e+00 9.777777777777778567e+00 9.555555555555555358e+00 9.555555555555555358e+00 9.888888888888889284e+00 9.888888888888889284e+00 9.555555555555555358e+00 9.777777777777778567e+00 9.777777777777778567e+00
