3.125000000000000000e-02 1.333333333333333259e+00 1.233333333333333393e+01 1.188888888888888928e+01 1.100000000000000000e+01 1.088888888888888928e+01 9.666666666666666075e+00 1.333333333333333259e+00 8.888888888888888395e-01 1.277777777777777857e+01 1.244444444444444464e+01 1.077777777777777857e+01 1.077777777777777857e+01 1.011111111111111072e+01 1.333333333333333259e+00 1.222222222222222321e+00
6.250000000000000000e-02 1.333333333333333259e+00 1.266666666666666607e+01 1.188888888888888928e+01 1.055555555555555536e+01 1.044444444444444464e+01 9.666666666666666075e+00 1.111111111111111160e+00 7.777777777777777901e-01 1.255555555555555536e+01 1.255555555555555536e+01 1.011111111111111072e+01 1.022222222222222143e+01 1.033333333333333393e+01 1.444444444444444420e+00 1.444444444444444420e+00
1.250000000000000000e-01 7.777777777777777901e-01 1.266666666666666607e+01 1.177777777777777857e+01 1.077777777777777857e+01 9.666666666666666075e+00 1.022222222222222143e+01 1.333333333333333259e+00 7.777777777777777901e-01 1.300000000000000000e+01 1.266666666666666607e+01 1.088888888888888928e+01 1.011111111111111072e+01 9.888888888888889284e+00 7.777777777777777901e-01 8.888888888888888395e-01
2.500000000000000000e-01 1.000000000000000000e+00 1.255555555555555536e+01 1.111111111111111072e+01 1.022222222222222143e+01 9.000000000000000000e+00 1.055555555555555536e+01 1.888888888888888840e+00 1.000000000000000000e+00 1.311111111111111072e+01 1.155555555555555536e+01 1.044444444444444464e+01 9.111111111111110716e+00 1.044444444444444464e+01 1.444444444444444420e+00 1.333333333333333259e+00
5.000000000000000000e-01 3.888888888888888840e+00 1.011111111111111072e+01 9.222222222222221433e+00 9.222222222222221433e+00 9.000000000000000000e+00 9.666666666666666075e+00 4.444444444444444642e+00 3.777777777777777679e+00 1.022222222222222143e+01 9.222222222222221433e+00 9.333333333333333925e+00 8.888888888888889284e+00 9.555555555555555358e+00 4.111111111111110716e+00 4.222222222222222321e+00
1.000000000000000000e+00 6.222222222222222321e+00 1.088888888888888928e+01 9.888888888888889284e+00 9.555555555555555358e+00 9.333333333333333925e+00 1.000000000000000000e+01 6.555555555555555358e+00 6.222222222222222321e+00 1.088888888888888928e+01 9.777777777777778567e+00 9.666666666666666075e+00 9.444444444444444642e+00 1.000000000000000000e+01 6.444444444444444642e+00 6.444444444444444642e+00
2.000000000000000000e+00 7.666666666666666963e+00 1.077777777777777857e+01 1.077777777777777857e+01 1.011111111111111072e+01 1.011111111111111072e+01 1.066666666666666607e+01 8.222222222222221433e+00 7.666666666666666963e+00 1.088888888888888928e+01 1.077777777777777857e+01 1.022222222222222143e+01 1.022222222222222143e+01 1.066666666666666607e+01 8.222222222222221433e+00 8.222222222222221433e+00
4.000000000000000000e+00 9.888888888888889284e+00 1.144444444444444464e+01 1.144444444444444464e+01 1.088888888888888928e+01 1.088888888888888928e+01 1.244444444444444464e+01 1.022222222222222143e+01 9.888888888888889284e+00 1.144444444444444464e+01 1.144444444444444464e+01 1.088888888888888928e+01 1.088888888888888928e+01 1.244444444444444464e+01 1.011111111111111072e+01 1.011111111111111072e+01
8.000000000000000000e+00 1.144444444444444464e+01 1.155555555555555536e+01 1.155555555555555536e+01 1.011111111111111072e+01 1.000000000000000000e+01 1.155555555555555536e+01 1.155555555555555536e+01 1.144444444444444464e+01 1.155555555555555536e+01 1.155555555555555536e+01 1.011111111111111072e+01 1.000000000000000000e+01 1.155555555555555536e+01 1.155555555555555536e+01 1.155555555555555536e+01
1.600000000000000000e+01 1.188888888888888928e+01 1.166666666666666607e+01 1.166666666666666607e+01 1.055555555555555536e+01 1.055555555555555536e+01 1.188888888888888928e+01 1.200000000000000000e+01 1.188888888888888928e+01 1.166666666666666607e+01 1.166666666666666607e+01 1.055555555555555536e+01 1.055555555555555536e+01 1.188888888888888928e+01 1.200000000000000000e+01 1.200000000000000000e+01
