3.125000000000000000e-02 1.144444444444444464e+01 5.000000000000000000e+00 5.444444444444444642e+00 6.555555555555555358e+00 6.777777777777777679e+00 5.444444444444444642e+00 1.177777777777777857e+01 1.144444444444444464e+01 6.000000000000000000e+00 5.777777777777777679e+00 8.111111111111110716e+00 8.000000000000000000e+00 6.333333333333333037e+00 1.244444444444444464e+01 1.211111111111111072e+01
6.250000000000000000e-02 1.122222222222222143e+01 5.333333333333333037e+00 5.666666666666666963e+00 5.666666666666666963e+00 5.666666666666666963e+00 6.666666666666666963e+00 1.111111111111111072e+01 1.100000000000000000e+01 6.777777777777777679e+00 6.777777777777777679e+00 7.555555555555555358e+00 7.444444444444444642e+00 6.333333333333333037e+00 1.200000000000000000e+01 1.155555555555555536e+01
1.250000000000000000e-01 1.055555555555555536e+01 6.000000000000000000e+00 6.222222222222222321e+00 7.111111111111110716e+00 7.444444444444444642e+00 6.444444444444444642e+00 1.177777777777777857e+01 1.022222222222222143e+01 5.888888888888889284e+00 5.888888888888889284e+00 6.444444444444444642e+00 6.888888888888889284e+00 6.777777777777777679e+00 1.100000000000000000e+01 1.177777777777777857e+01
2.500000000000000000e-01 1.000000000000000000e+01 6.666666666666666963e+00 7.222222222222222321e+00 7.555555555555555358e+00 8.111111111111110716e+00 7.000000000000000000e+00 1.100000000000000000e+01 9.888888888888889284e+00 6.777777777777777679e+00 7.000000000000000000e+00 7.777777777777777679e+00 8.444444444444444642e+00 7.111111111111110716e+00 1.088888888888888928e+01 1.111111111111111072e+01
5.000000000000000000e-01 9.222222222222221433e+00 7.555555555555555358e+00 7.444444444444444642e+00 7.333333333333333037e+00 7.333333333333333037e+00 7.000000000000000000e+00 9.222222222222221433e+00 9.111111111111110716e+00 7.444444444444444642e+00 7.444444444444444642e+00 7.555555555555555358e+00 7.555555555555555358e+00 7.000000000000000000e+00 9.111111111111110716e+00 9.555555555555555358e+00
1.000000000000000000e+00 8.000000000000000000e+00 5.222222222222222321e+00 5.666666666666666963e+00 5.333333333333333037e+00 5.444444444444444642e+00 6.444444444444444642e+00 7.666666666666666963e+00 8.111111111111110716e+00 5.222222222222222321e+00 5.666666666666666963e+00 5.444444444444444642e+00 5.444444444444444642e+00 6.444444444444444642e+00 7.666666666666666963e+00 7.666666666666666963e+00
2.000000000000000000e+00 7.000000000000000000e+00 6.000000000000000000e+00 6.111111111111110716e+00 6.777777777777777679e+00 6.555555555555555358e+00 6.333333333333333037e+00 7.777777777777777679e+00 7.000000000000000000e+00 5.888888888888889284e+00 6.000000000000000000e+00 6.777777777777777679e+00 6.555555555555555358e+00 6.333333333333333037e+00 7.666666666666666963e+00 7.666666666666666963e+00
4.000000000000000000e+00 8.111111111111110716e+00 8.000000000000000000e+00 8.000000000000000000e+00 7.555555555555555358e+00 7.555555555555555358e+00 7.888888888888889284e+00 8.777777777777778567e+00 8.111111111111110716e+00 8.000000000000000000e+00 8.000000000000000000e+00 7.555555555555555358e+00 7.555555555555555358e+00 7.888888888888889284e+00 8.777777777777778567e+00 8.777777777777778567e+00
8.000000000000000000e+00 9.444444444444444642e+00 9.333333333333333925e+00 9.333333333333333925e+00 8.666666666666666075e+00 8.777777777777778567e+00 9.222222222222221433e+00 9.666666666666666075e+00 9.444444444444444642e+00 9.333333333333333925e+00 9.333333333333333925e+00 8.666666666666666075e+00 8.777777777777778567e+00 9.222222222222221433e+00 9.666666666666666075e+00 9.666666666666666075e+00
1.600000000000000000e+01 8.777777777777778567e+00 8.555555555555555358e+00 8.555555555555555358e+00 8.333333333333333925e+00 8.333333333333333925e+00 8.666666666666666075e+00 8.777777777777778567e+00 8.777777777777778567e+00 8.555555555555555358e+00 8.555555555555555358e+00 8.333333333333333925e+00 8.333333333333333925e+00 8.666666666666666075e+00 8.777777777777778567e+00 8.777777777777778567e+00
