3.125000000000000000e-02 1.033333333333333393e+01 3.222222222222222321e+00 3.777777777777777679e+00 4.333333333333333037e+00 4.666666666666666963e+00 5.111111111111110716e+00 1.033333333333333393e+01 1.033333333333333393e+01 3.888888888888888840e+00 3.888888888888888840e+00 6.111111111111110716e+00 5.888888888888889284e+00 4.777777777777777679e+00 1.122222222222222143e+01 1.000000000000000000e+01
6.250000000000000000e-02 1.144444444444444464e+01 4.111111111111110716e+00 4.666666666666666963e+00 5.000000000000000000e+00 5.888888888888889284e+00 4.666666666666666963e+00 1.100000000000000000e+01 1.111111111111111072e+01 4.666666666666666963e+00 4.666666666666666963e+00 6.333333333333333037e+00 6.444444444444444642e+00 5.666666666666666963e+00 1.144444444444444464e+01 1.111111111111111072e+01
1.250000000000000000e-01 1.111111111111111072e+01 5.333333333333333037e+00 6.222222222222222321e+00 6.666666666666666963e+00 6.777777777777777679e+00 6.222222222222222321e+00 1.022222222222222143e+01 1.100000000000000000e+01 4.777777777777777679e+00 5.333333333333333037e+00 5.777777777777777679e+00 6.333333333333333037e+00 6.444444444444444642e+00 1.111111111111111072e+01 1.011111111111111072e+01
2.500000000000000000e-01 9.555555555555555358e+00 5.333333333333333037e+00 5.777777777777777679e+00 6.000000000000000000e+00 6.111111111111110716e+00 6.222222222222222321e+00 9.555555555555555358e+00 9.444444444444444642e+00 3.666666666666666519e+00 4.777777777777777679e+00 5.777777777777777679e+00 5.888888888888889284e+00 6.222222222222222321e+00 1.011111111111111072e+01 9.666666666666666075e+00
5.000000000000000000e-01 8.000000000000000000e+00 4.222222222222222321e+00 5.000000000000000000e+00 5.666666666666666963e+00 6.000000000000000000e+00 4.777777777777777679e+00 7.222222222222222321e+00 7.888888888888889284e+00 4.111111111111110716e+00 4.777777777777777679e+00 5.111111111111110716e+00 5.555555555555555358e+00 4.888888888888889284e+00 8.000000000000000000e+00 7.333333333333333037e+00
1.000000000000000000e+00 6.000000000000000000e+00 4.222222222222222321e+00 4.333333333333333037e+00 5.777777777777777679e+00 5.888888888888889284e+00 5.333333333333333037e+00 6.111111111111110716e+00 6.000000000000000000e+00 4.222222222222222321e+00 4.666666666666666963e+00 5.666666666666666963e+00 5.777777777777777679e+00 5.111111111111110716e+00 6.111111111111110716e+00 6.111111111111110716e+00
2.000000000000000000e+00 4.888888888888889284e+00 4.222222222222222321e+00 4.333333333333333037e+00 5.555555555555555358e+00 5.555555555555555358e+00 4.444444444444444642e+00 5.888888888888889284e+00 4.888888888888889284e+00 4.222222222222222321e+00 4.333333333333333037e+00 5.555555555555555358e+00 5.555555555555555358e+00 4.444444444444444642e+00 5.777777777777777679e+00 5.888888888888889284e+00
4.000000000000000000e+00 4.000000000000000000e+00 3.333333333333333481e+00 3.333333333333333481e+00 4.888888888888889284e+00 4.777777777777777679e+00 3.777777777777777679e+00 4.666666666666666963e+00 4.000000000000000000e+00 3.333333333333333481e+00 3.333333333333333481e+00 4.888888888888889284e+00 4.777777777777777679e+00 3.777777777777777679e+00 4.666666666666666963e+00 4.666666666666666963e+00
8.000000000000000000e+00 3.666666666666666519e+00 3.111111111111111160e+00 3.111111111111111160e+00 5.000000000000000000e+00 5.000000000000000000e+00 3.777777777777777679e+00 3.888888888888888840e+00 3.666666666666666519e+00 3.111111111111111160e+00 3.111111111111111160e+00 5.000000000000000000e+00 5.000000000000000000e+00 3.777777777777777679e+00 3.888888888888888840e+00 3.888888888888888840e+00
1.600000000000000000e+01 5.666666666666666963e+00 4.555555555555555358e+00 4.888888888888889284e+00 5.555555555555555358e+00 5.666666666666666963e+00 5.555555555555555358e+00 5.777777777777777679e+00 5.666666666666666963e+00 4.555555555555555358e+00 4.888888888888889284e+00 5.555555555555555358e+00 5.666666666666666963e+00 5.555555555555555358e+00 5.777777777777777679e+00 5.777777777777777679e+00
