3.125000000000000000e-02 2.222222222222222099e-01 1.033333333333333393e+01 6.555555555555555358e+00 5.111111111111110716e+00 4.222222222222222321e+00 5.222222222222222321e+00 3.333333333333333148e-01 2.222222222222222099e-01 1.188888888888888928e+01 1.188888888888888928e+01 7.111111111111110716e+00 8.222222222222221433e+00 5.111111111111110716e+00 2.222222222222222099e-01 2.222222222222222099e-01
6.250000000000000000e-02 0.000000000000000000e+00 1.055555555555555536e+01 6.888888888888889284e+00 6.333333333333333037e+00 5.111111111111110716e+00 5.555555555555555358e+00 0.000000000000000000e+00 0.000000000000000000e+00 1.133333333333333393e+01 1.088888888888888928e+01 7.888888888888889284e+00 7.666666666666666963e+00 5.555555555555555358e+00 0.000000000000000000e+00 0.000000000000000000e+00
1.250000000000000000e-01 0.000000000000000000e+00 1.066666666666666607e+01 6.555555555555555358e+00 7.555555555555555358e+00 4.888888888888889284e+00 6.111111111111110716e+00 6.666666666666666297e-01 0.000000000000000000e+00 1.166666666666666607e+01 1.100000000000000000e+01 8.000000000000000000e+00 7.333333333333333037e+00 6.111111111111110716e+00 3.333333333333333148e-01 3.333333333333333148e-01
2.500000000000000000e-01 0.000000000000000000e+00 9.666666666666666075e+00 6.666666666666666963e+00 7.222222222222222321e+00 4.000000000000000000e+00 5.888888888888889284e+00 4.444444444444444198e-01 0.000000000000000000e+00 1.033333333333333393e+01 9.111111111111110716e+00 7.444444444444444642e+00 6.555555555555555358e+00 5.888888888888889284e+00 0.000000000000000000e+00 0.000000000000000000e+00
5.000000000000000000e-01 0.000000000000000000e+00 9.666666666666666075e+00 5.888888888888889284e+00 6.222222222222222321e+00 3.666666666666666519e+00 5.777777777777777679e+00 1.111111111111111049e-01 0.000000000000000000e+00 1.033333333333333393e+01 8.111111111111110716e+00 6.222222222222222321e+00 5.888888888888889284e+00 5.777777777777777679e+00 1.111111111111111049e-01 1.111111111111111049e-01
1.000000000000000000e+00 2.222222222222222099e-01 7.444444444444444642e+00 4.222222222222222321e+00 6.000000000000000000e+00 3.222222222222222321e+00 4.333333333333333037e+00 2.222222222222222099e-01 2.222222222222222099e-01 7.555555555555555358e+00 5.000000000000000000e+00 6.111111111111110716e+00 4.222222222222222321e+00 4.444444444444444642e+00 2.222222222222222099e-01 3.333333333333333148e-01
2.000000000000000000e+00 8.888888888888888395e-01 7.666666666666666963e+00 4.888888888888889284e+00 5.777777777777777679e+00 4.555555555555555358e+00 4.333333333333333037e+00 1.222222222222222321e+00 8.888888888888888395e-01 7.666666666666666963e+00 4.888888888888889284e+00 6.111111111111110716e+00 4.444444444444444642e+00 4.333333333333333037e+00 1.222222222222222321e+00 1.222222222222222321e+00
4.000000000000000000e+00 1.555555555555555580e+00 7.111111111111110716e+00 5.222222222222222321e+00 5.888888888888889284e+00 5.222222222222222321e+00 4.777777777777777679e+00 1.555555555555555580e+00 1.555555555555555580e+00 7.111111111111110716e+00 5.222222222222222321e+00 5.888888888888889284e+00 5.222222222222222321e+00 4.777777777777777679e+00 1.555555555555555580e+00 1.555555555555555580e+00
8.000000000000000000e+00 3.555555555555555358e+00 8.555555555555555358e+00 7.000000000000000000e+00 7.777777777777777679e+00 7.333333333333333037e+00 6.333333333333333037e+00 3.333333333333333481e+00 3.555555555555555358e+00 8.555555555555555358e+00 7.000000000000000000e+00 7.777777777777777679e+00 7.333333333333333037e+00 6.333333333333333037e+00 3.333333333333333481e+00 3.333333333333333481e+00
1.600000000000000000e+01 4.333333333333333037e+00 8.333333333333333925e+00 7.222222222222222321e+00 8.555555555555555358e+00 8.222222222222221433e+00 7.000000000000000000e+00 4.333333333333333037e+00 4.333333333333333037e+00 8.333333333333333925e+00 7.222222222222222321e+00 8.555555555555555358e+00 8.222222222222221433e+00 7.000000000000000000e+00 4.333333333333333037e+00 4.333333333333333037e+00
