3.125000000000000000e-02 1.888888888888888840e+00 1.233333333333333393e+01 8.555555555555555358e+00 7.111111111111110716e+00 6.222222222222222321e+00 6.666666666666666963e+00 2.000000000000000000e+00 1.888888888888888840e+00 1.311111111111111072e+01 1.333333333333333393e+01 8.555555555555555358e+00 9.666666666666666075e+00 6.777777777777777679e+00 1.888888888888888840e+00 1.888888888888888840e+00
6.250000000000000000e-02 2.000000000000000000e+00 1.255555555555555536e+01 8.888888888888889284e+00 8.333333333333333925e+00 7.111111111111110716e+00 7.555555555555555358e+00 2.000000000000000000e+00 2.000000000000000000e+00 1.333333333333333393e+01 1.288888888888888928e+01 9.888888888888889284e+00 9.666666666666666075e+00 7.555555555555555358e+00 2.000000000000000000e+00 2.000000000000000000e+00
1.250000000000000000e-01 2.000000000000000000e+00 1.266666666666666607e+01 8.555555555555555358e+00 9.555555555555555358e+00 6.888888888888889284e+00 8.111111111111110716e+00 2.666666666666666519e+00 2.000000000000000000e+00 1.366666666666666607e+01 1.300000000000000000e+01 1.000000000000000000e+01 9.333333333333333925e+00 8.111111111111110716e+00 2.333333333333333481e+00 2.333333333333333481e+00
2.500000000000000000e-01 2.000000000000000000e+00 1.166666666666666607e+01 8.666666666666666075e+00 9.222222222222221433e+00 6.000000000000000000e+00 7.888888888888889284e+00 2.444444444444444642e+00 2.000000000000000000e+00 1.233333333333333393e+01 1.111111111111111072e+01 9.444444444444444642e+00 8.555555555555555358e+00 7.888888888888889284e+00 2.000000000000000000e+00 2.000000000000000000e+00
5.000000000000000000e-01 2.000000000000000000e+00 1.166666666666666607e+01 7.888888888888889284e+00 8.222222222222221433e+00 5.666666666666666963e+00 7.777777777777777679e+00 2.111111111111111160e+00 2.000000000000000000e+00 1.233333333333333393e+01 1.011111111111111072e+01 8.222222222222221433e+00 7.888888888888889284e+00 7.777777777777777679e+00 2.111111111111111160e+00 2.111111111111111160e+00
1.000000000000000000e+00 2.222222222222222321e+00 9.555555555555555358e+00 6.333333333333333037e+00 8.111111111111110716e+00 5.333333333333333037e+00 6.333333333333333037e+00 2.222222222222222321e+00 2.222222222222222321e+00 9.666666666666666075e+00 7.111111111111110716e+00 8.222222222222221433e+00 6.333333333333333037e+00 6.444444444444444642e+00 2.222222222222222321e+00 2.333333333333333481e+00
2.000000000000000000e+00 2.777777777777777679e+00 9.444444444444444642e+00 6.666666666666666963e+00 7.555555555555555358e+00 6.333333333333333037e+00 6.111111111111110716e+00 3.000000000000000000e+00 2.777777777777777679e+00 9.444444444444444642e+00 6.666666666666666963e+00 7.888888888888889284e+00 6.222222222222222321e+00 6.111111111111110716e+00 3.000000000000000000e+00 3.000000000000000000e+00
4.000000000000000000e+00 2.666666666666666519e+00 8.111111111111110716e+00 6.555555555555555358e+00 6.888888888888889284e+00 6.333333333333333037e+00 5.777777777777777679e+00 2.666666666666666519e+00 2.666666666666666519e+00 8.111111111111110716e+00 6.555555555555555358e+00 6.888888888888889284e+00 6.333333333333333037e+00 5.777777777777777679e+00 2.666666666666666519e+00 2.666666666666666519e+00
8.000000000000000000e+00 5.000000000000000000e+00 9.666666666666666075e+00 8.111111111111110716e+00 9.111111111111110716e+00 8.555555555555555358e+00 7.888888888888889284e+00 4.888888888888889284e+00 5.000000000000000000e+00 9.666666666666666075e+00 8.111111111111110716e+00 9.111111111111110716e+00 8.555555555555555358e+00 7.888888888888889284e+00 4.888888888888889284e+00 4.888888888888889284e+00
1.600000000000000000e+01 5.333333333333333037e+00 9.555555555555555358e+00 8.666666666666666075e+00 9.444444444444444642e+00 9.222222222222221433e+00 8.333333333333333925e+00 5.666666666666666963e+00 5.333333333333333037e+00 9.555555555555555358e+00 8.666666666666666075e+00 9.444444444444444642e+00 9.222222222222221433e+00 8.333333333333333925e+00 5.666666666666666963e+00 5.666666666666666963e+00
