3.125000000000000000e-02 8.555555555555555358e+00 1.100000000000000000e+01 1.166666666666666607e+01 1.144444444444444464e+01 1.155555555555555536e+01 1.244444444444444464e+01 1.200000000000000000e+01 6.333333333333333037e+00 1.044444444444444464e+01 1.000000000000000000e+01 1.122222222222222143e+01 1.077777777777777857e+01 1.133333333333333393e+01 9.444444444444444642e+00 1.133333333333333393e+01
6.250000000000000000e-02 9.888888888888889284e+00 1.155555555555555536e+01 1.211111111111111072e+01 1.166666666666666607e+01 1.177777777777777857e+01 1.300000000000000000e+01 1.255555555555555536e+01 8.666666666666666075e+00 1.155555555555555536e+01 1.177777777777777857e+01 1.122222222222222143e+01 1.177777777777777857e+01 1.166666666666666607e+01 1.133333333333333393e+01 1.211111111111111072e+01
1.250000000000000000e-01 1.033333333333333393e+01 1.211111111111111072e+01 1.200000000000000000e+01 1.166666666666666607e+01 1.222222222222222143e+01 1.266666666666666607e+01 1.277777777777777857e+01 1.000000000000000000e+01 1.133333333333333393e+01 1.200000000000000000e+01 1.222222222222222143e+01 1.211111111111111072e+01 1.233333333333333393e+01 1.111111111111111072e+01 1.244444444444444464e+01
2.500000000000000000e-01 1.088888888888888928e+01 1.211111111111111072e+01 1.277777777777777857e+01 1.144444444444444464e+01 1.200000000000000000e+01 1.266666666666666607e+01 1.266666666666666607e+01 1.033333333333333393e+01 1.177777777777777857e+01 1.211111111111111072e+01 1.144444444444444464e+01 1.188888888888888928e+01 1.277777777777777857e+01 1.200000000000000000e+01 1.288888888888888928e+01
5.000000000000000000e-01 1.088888888888888928e+01 1.277777777777777857e+01 1.311111111111111072e+01 1.188888888888888928e+01 1.222222222222222143e+01 1.222222222222222143e+01 1.277777777777777857e+01 1.044444444444444464e+01 1.288888888888888928e+01 1.277777777777777857e+01 1.222222222222222143e+01 1.200000000000000000e+01 1.233333333333333393e+01 1.211111111111111072e+01 1.288888888888888928e+01
1.000000000000000000e+00 1.155555555555555536e+01 1.288888888888888928e+01 1.344444444444444464e+01 1.200000000000000000e+01 1.211111111111111072e+01 1.355555555555555536e+01 1.288888888888888928e+01 1.122222222222222143e+01 1.311111111111111072e+01 1.366666666666666607e+01 1.266666666666666607e+01 1.244444444444444464e+01 1.366666666666666607e+01 1.255555555555555536e+01 1.300000000000000000e+01
2.000000000000000000e+00 1.055555555555555536e+01 1.311111111111111072e+01 1.300000000000000000e+01 1.144444444444444464e+01 1.111111111111111072e+01 1.288888888888888928e+01 1.255555555555555536e+01 1.011111111111111072e+01 1.333333333333333393e+01 1.300000000000000000e+01 1.177777777777777857e+01 1.111111111111111072e+01 1.288888888888888928e+01 1.244444444444444464e+01 1.255555555555555536e+01
4.000000000000000000e+00 1.011111111111111072e+01 1.200000000000000000e+01 1.200000000000000000e+01 1.011111111111111072e+01 1.011111111111111072e+01 1.255555555555555536e+01 1.177777777777777857e+01 1.011111111111111072e+01 1.211111111111111072e+01 1.200000000000000000e+01 1.022222222222222143e+01 1.011111111111111072e+01 1.244444444444444464e+01 1.166666666666666607e+01 1.177777777777777857e+01
8.000000000000000000e+00 9.444444444444444642e+00 1.000000000000000000e+01 9.888888888888889284e+00 8.666666666666666075e+00 8.444444444444444642e+00 1.133333333333333393e+01 1.044444444444444464e+01 9.333333333333333925e+00 1.011111111111111072e+01 9.888888888888889284e+00 8.777777777777778567e+00 8.444444444444444642e+00 1.133333333333333393e+01 1.000000000000000000e+01 1.044444444444444464e+01
1.600000000000000000e+01 8.444444444444444642e+00 9.444444444444444642e+00 9.111111111111110716e+00 8.000000000000000000e+00 7.555555555555555358e+00 1.077777777777777857e+01 9.777777777777778567e+00 8.444444444444444642e+00 9.444444444444444642e+00 9.222222222222221433e+00 8.111111111111110716e+00 7.666666666666666963e+00 1.077777777777777857e+01 9.666666666666666075e+00 9.777777777777778567e+00
