3.125000000000000000e-02 2.111111111111111160e+00 1.222222222222222143e+01 1.000000000000000000e+01 8.333333333333333925e+00 7.444444444444444642e+00 9.888888888888889284e+00 2.222222222222222321e+00 2.444444444444444642e+00 1.344444444444444464e+01 1.377777777777777857e+01 8.888888888888889284e+00 1.077777777777777857e+01 9.777777777777778567e+00 2.222222222222222321e+00 1.777777777777777679e+00
6.250000000000000000e-02 1.888888888888888840e+00 1.322222222222222143e+01 9.666666666666666075e+00 8.666666666666666075e+00 7.111111111111110716e+00 9.555555555555555358e+00 2.444444444444444642e+00 2.222222222222222321e+00 1.433333333333333393e+01 1.388888888888888928e+01 9.666666666666666075e+00 9.444444444444444642e+00 9.555555555555555358e+00 2.111111111111111160e+00 2.000000000000000000e+00
1.250000000000000000e-01 1.888888888888888840e+00 1.255555555555555536e+01 1.066666666666666607e+01 9.777777777777778567e+00 8.111111111111110716e+00 1.011111111111111072e+01 2.333333333333333481e+00 1.888888888888888840e+00 1.444444444444444464e+01 1.300000000000000000e+01 1.022222222222222143e+01 9.666666666666666075e+00 9.777777777777778567e+00 1.888888888888888840e+00 1.888888888888888840e+00
2.500000000000000000e-01 2.222222222222222321e+00 1.266666666666666607e+01 1.044444444444444464e+01 1.066666666666666607e+01 9.000000000000000000e+00 1.000000000000000000e+01 2.444444444444444642e+00 2.444444444444444642e+00 1.355555555555555536e+01 1.244444444444444464e+01 1.111111111111111072e+01 1.000000000000000000e+01 9.888888888888889284e+00 2.222222222222222321e+00 2.444444444444444642e+00
5.000000000000000000e-01 2.666666666666666519e+00 1.166666666666666607e+01 1.011111111111111072e+01 1.011111111111111072e+01 8.888888888888889284e+00 9.666666666666666075e+00 3.111111111111111160e+00 2.555555555555555358e+00 1.200000000000000000e+01 1.077777777777777857e+01 1.022222222222222143e+01 9.888888888888889284e+00 9.444444444444444642e+00 2.888888888888888840e+00 2.777777777777777679e+00
1.000000000000000000e+00 3.222222222222222321e+00 1.100000000000000000e+01 9.666666666666666075e+00 9.333333333333333925e+00 8.555555555555555358e+00 9.111111111111110716e+00 3.444444444444444642e+00 3.222222222222222321e+00 1.122222222222222143e+01 9.777777777777778567e+00 9.666666666666666075e+00 8.666666666666666075e+00 9.111111111111110716e+00 3.444444444444444642e+00 3.444444444444444642e+00
2.000000000000000000e+00 3.333333333333333481e+00 9.666666666666666075e+00 8.888888888888889284e+00 8.777777777777778567e+00 7.555555555555555358e+00 8.555555555555555358e+00 3.555555555555555358e+00 3.333333333333333481e+00 9.666666666666666075e+00 8.888888888888889284e+00 9.222222222222221433e+00 8.111111111111110716e+00 8.555555555555555358e+00 3.555555555555555358e+00 3.555555555555555358e+00
4.000000000000000000e+00 3.888888888888888840e+00 9.333333333333333925e+00 7.888888888888889284e+00 8.777777777777778567e+00 8.000000000000000000e+00 9.000000000000000000e+00 4.111111111111110716e+00 3.888888888888888840e+00 9.333333333333333925e+00 8.000000000000000000e+00 9.000000000000000000e+00 8.000000000000000000e+00 9.000000000000000000e+00 4.333333333333333037e+00 4.222222222222222321e+00
8.000000000000000000e+00 4.444444444444444642e+00 8.777777777777778567e+00 8.000000000000000000e+00 9.444444444444444642e+00 9.000000000000000000e+00 8.333333333333333925e+00 4.666666666666666963e+00 4.444444444444444642e+00 8.777777777777778567e+00 8.000000000000000000e+00 9.444444444444444642e+00 9.000000000000000000e+00 8.333333333333333925e+00 4.666666666666666963e+00 4.666666666666666963e+00
1.600000000000000000e+01 4.666666666666666963e+00 8.555555555555555358e+00 7.666666666666666963e+00 1.000000000000000000e+01 9.777777777777778567e+00 8.333333333333333925e+00 5.000000000000000000e+00 4.666666666666666963e+00 8.555555555555555358e+00 7.666666666666666963e+00 1.000000000000000000e+01 9.777777777777778567e+00 8.333333333333333925e+00 5.000000000000000000e+00 5.000000000000000000e+00
