0.03125	0.2510476097576262	0.4875324975553846	0.442001022234523	0.3001329230207526	0.2736030714562351	0.6426677639695231	0.2630006571429738	0.012938026108345397	0.1701317913631107	0.16873707140323171	0.10570901661711603	0.10483954578805436	0.7553843204502259	-0.007961515256070882	0.1213251460370326	
0.0625	0.23699428370521672	0.48486486639285775	0.44808284833985795	0.2724258733434524	0.25181263279894767	0.7343031729685012	0.2835916445447706	0.027099128399325646	0.20782940227408875	0.2068618512129997	0.11388266490685957	0.113357588716641	0.7569754804400903	0.05128867053514542	0.1334555720522347	
0.125	0.20716982794669137	0.3790289894441435	0.34819882267754515	0.20049768539302654	0.18436035381619914	0.7353874901191112	0.23289810372785175	0.06583219691760403	0.22696972346622873	0.21828150992892303	0.11846860229041631	0.11395269482990164	0.7588803686719	0.07070258696472902	0.14840175213524825	
0.25	0.22929632085526755	0.3938502581747293	0.3675854907949897	0.21572854821692028	0.20134751911475957	0.7528301240663771	0.2641387745867414	0.13358234471308822	0.29591491795534136	0.27808677127481374	0.1545473572862896	0.14525185909014032	0.7660758677217985	0.13162793691256028	0.20995205474176037	
0.5	0.29960826950366826	0.4515129554472095	0.42851953911019613	0.2636519620294323	0.25028900998447756	0.7770645636248248	0.3500940589052298	0.2648757671889507	0.4253328026902274	0.40205450929935826	0.23341762432309535	0.220679807059542	0.7885233379542725	0.26894484137423524	0.336253271915702	
1.0	0.6558679585492968	0.649451063766261	0.6450360356172181	0.5254622650201713	0.5221930544648218	0.8830110560932016	0.6825635862679893	0.6431809670888723	0.6345353443217074	0.6291533200924357	0.45758486465632087	0.453922050949296	0.8805618190011193	0.6706182629460765	0.6732872511838229	
2.0	0.9289155573867726	0.9138189590328057	0.9130521980486375	0.9138189590328057	0.9130521980486375	0.9724911091502921	0.9369025121641661	0.9289155573867726	0.9138189590328057	0.9130521980486375	0.9138189590328057	0.9130521980486375	0.9724911091502921	0.9369025121641661	0.9369025121641661	
4.0	0.9949999999999999	0.9918893217729412	0.9918857538191812	0.9918893217729412	0.9918857538191812	0.9983269961977186	0.9958092383928678	0.9949999999999999	0.9918893217729412	0.9918857538191812	0.9918893217729412	0.9918857538191812	0.9983269961977186	0.9958092383928678	0.9958092383928678	
8.0	1.0	1.0	1.0	1.0	1.0	1.0	1.0	1.0	1.0	1.0	1.0	1.0	1.0	1.0	1.0	
16.0	1.0	1.0	1.0	1.0	1.0	1.0	1.0	1.0	1.0	1.0	1.0	1.0	1.0	1.0	1.0	
32.0	1.0	1.0	1.0	1.0	1.0	1.0	1.0	1.0	1.0	1.0	1.0	1.0	1.0	1.0	1.0	
64.0	1.0	1.0	1.0	1.0	1.0	1.0	1.0	1.0	1.0	1.0	1.0	1.0	1.0	1.0	1.0	
128.0	0.2918956704476909	0.11813460782827408	0.1172961803799935	0.10074863430147699	0.10019638286235946	0.6650751318296597	0.1205069506679359	0.2918956704476909	0.11813460782827408	0.1172961803799935	0.10074863430147699	0.10019638286235946	0.6650751318296597	0.1205069506679359	0.1205069506679359	
256.0	0.39505494505494504	0.0	0.0	0.0	0.0	0.0	0.0	0.39505494505494504	0.0	0.0	0.0	0.0	0.0	0.0	0.0	
