0.03125	0.20967007789437697	0.2828422059390302	0.2580631004149781	0.17701031923948937	0.16235899834969642	0.5947281415565264	0.11242360608517225	0.011064740701191714	0.1265444326165412	0.12545283465702925	0.07873663966745671	0.0780406666654791	0.7541818300207982	-0.04120642411814943	0.07991076723472681	
0.0625	0.18892742200759444	0.30552327357313463	0.2868577162683734	0.1755322193309315	0.16480829851811885	0.6923634367521636	0.13740035372885234	0.022237862385569126	0.1494169542123349	0.14872682257492958	0.08285460474870428	0.08247993900388305	0.7539103510145025	0.006244961776315226	0.07585887035833459	
0.125	0.14449863743621832	0.2535337416281669	0.2313663880081333	0.130620677293514	0.11932672573521227	0.7083982855312158	0.11014412557610302	0.04627244451489257	0.16216313464514268	0.15554141735999447	0.0823635304534629	0.07900527230013912	0.7518339799729936	0.009937671156593289	0.0770967159460483	
0.25	0.13780857435167254	0.2110059090047851	0.19350148968527442	0.10822494254433686	0.09925887394430091	0.7186999456957566	0.10216869035334138	0.08177073140406041	0.1710932962594682	0.15884192155922072	0.08488747374074913	0.07881991136459424	0.7493030137434316	0.02321217207624598	0.0907323385779517	
0.5	0.16800105172122276	0.23932757910774183	0.22334308877322168	0.13042005179264515	0.12174768561083724	0.7281388231751361	0.13592937192860438	0.14858221388470308	0.2431451708840738	0.2263478074149623	0.12641258487060036	0.1177007633333137	0.7486404776187662	0.07399197918688892	0.1396140559396309	
1.0	0.29403751961324204	0.3443264681089343	0.3317233886568719	0.2105673067045522	0.2029602123952711	0.7723136852324007	0.297094906300361	0.2897345991416552	0.3421064270281202	0.32899474158363395	0.19982896160509062	0.1922417068784032	0.7743523333874366	0.2879494099537835	0.29593569256285346	
2.0	0.6695009174342147	0.639791925809141	0.6363599597049083	0.547895525707413	0.5454713000129295	0.8824631990755499	0.6830065692338458	0.6695009174342147	0.639791925809141	0.6363599597049083	0.547895525707413	0.5454713000129295	0.8824631990755499	0.6830065692338458	0.6830065692338458	
4.0	0.9250453994408246	0.9085846983391027	0.9063503292710925	0.8502981171692637	0.8489292141914504	0.9692838766912069	0.9323195057546391	0.9250453994408246	0.9085846983391027	0.9063503292710925	0.8502981171692637	0.8489292141914504	0.9692838766912069	0.9323195057546391	0.9323195057546391	
8.0	0.9944696282864914	0.991758540228598	0.9917541921681018	0.991758540228598	0.9917541921681018	0.9981427919013548	0.9953585809034567	0.9944696282864914	0.991758540228598	0.9917541921681018	0.991758540228598	0.9917541921681018	0.9981427919013548	0.9953585809034567	0.9953585809034567	
16.0	1.0	1.0	1.0	1.0	1.0	1.0	1.0	1.0	1.0	1.0	1.0	1.0	1.0	1.0	1.0	
32.0	1.0	1.0	1.0	1.0	1.0	1.0	1.0	1.0	1.0	1.0	1.0	1.0	1.0	1.0	1.0	
64.0	1.0	1.0	1.0	1.0	1.0	1.0	1.0	1.0	1.0	1.0	1.0	1.0	1.0	1.0	1.0	
128.0	1.0	1.0	1.0	1.0	1.0	1.0	1.0	1.0	1.0	1.0	1.0	1.0	1.0	1.0	1.0	
256.0	1.0	1.0	1.0	1.0	1.0	1.0	1.0	1.0	1.0	1.0	1.0	1.0	1.0	1.0	1.0	
