0.03125	0.5133430308338459	0.34397976065160335	0.34107442067248245	0.323536970386198	0.3211544255590951	0.5368546063263706	0.27155837901209007	0.0322254931248461	0.13010535631462297	0.12668542250884082	0.1090729917232485	0.10619149588477277	0.7553348290989554	0.08656269304126425	0.13646290247112153	
0.0625	0.37269507376775285	0.3836357116899631	0.3769279286550823	0.3069933267832402	0.30237255832103066	0.7157742195472536	0.2757983555017043	0.05124681397467288	0.1633469233285359	0.16328601855679387	0.11500676685238256	0.11496492916390291	0.7566351713539555	0.09783178534512274	0.13152670730360122	
0.125	0.28079841317072496	0.33179035775370314	0.315302778292723	0.19752045327982712	0.1881594504007505	0.729350897706323	0.24566743751736123	0.09481088888174907	0.195578459281015	0.19107662213744248	0.11215988088651543	0.10958234071272985	0.7571431394973478	0.1001605036475443	0.15422246469157497	
0.25	0.29457123768913956	0.2792201752352588	0.27276487032350244	0.19635860944321948	0.19233916317232908	0.7199606623803894	0.2146249546657127	0.1824031638938461	0.20965637071074675	0.20317211979061672	0.12980684616664823	0.12599829686587	0.7518403654545665	0.132389356315578	0.1741754656031161	
0.5	0.2970393975416858	0.31522496075129325	0.3062276686080723	0.21130161020238947	0.20527054491874952	0.7461039382219096	0.2621800373328238	0.2623910203805265	0.3058557242381301	0.29501949441676156	0.18551087419903833	0.17893836857668594	0.7631693676654356	0.20444823443862795	0.25596865949939784	
1.0	0.5205641910249534	0.4620104107072171	0.45871638699756134	0.3487604808962167	0.34631569030524456	0.8247158351613795	0.5195592641440824	0.5112312509138475	0.4535915982496176	0.4495220204205837	0.31198078158064574	0.3091924847119959	0.8245667391572231	0.5101154807932187	0.5132690080857645	
2.0	0.8225775292316513	0.7546787654795559	0.7539645105465917	0.7546787654795559	0.7539645105465917	0.9297219298456006	0.8332501910128627	0.8225775292316513	0.7546787654795559	0.7539645105465917	0.7546787654795559	0.7539645105465917	0.9297219298456006	0.8332501910128627	0.8332501910128627	
4.0	0.9597830974800795	0.94006756992071	0.9400006731347494	0.94006756992071	0.9400006731347494	0.9861695068481829	0.9658173564164991	0.9597830974800795	0.94006756992071	0.9400006731347494	0.94006756992071	0.9400006731347494	0.9861695068481829	0.9658173564164991	0.9658173564164991	
8.0	1.0	1.0	1.0	1.0	1.0	1.0	1.0	1.0	1.0	1.0	1.0	1.0	1.0	1.0	1.0	
16.0	1.0	1.0	1.0	1.0	1.0	1.0	1.0	1.0	1.0	1.0	1.0	1.0	1.0	1.0	1.0	
32.0	1.0	1.0	1.0	1.0	1.0	1.0	1.0	1.0	1.0	1.0	1.0	1.0	1.0	1.0	1.0	
64.0	1.0	1.0	1.0	1.0	1.0	1.0	1.0	1.0	1.0	1.0	1.0	1.0	1.0	1.0	1.0	
128.0	1.0	1.0	1.0	1.0	1.0	1.0	1.0	1.0	1.0	1.0	1.0	1.0	1.0	1.0	1.0	
256.0	1.0	1.0	1.0	1.0	1.0	1.0	1.0	1.0	1.0	1.0	1.0	1.0	1.0	1.0	1.0	
