0.03125	0.1549885347262987	0.4035253746689139	0.35179970512572456	0.22091300835389677	0.19444156692197945	0.6176096643740647	0.12354215172839171	0.008415819368160361	0.15429336738131688	0.15351100253465963	0.08621010981766486	0.08572734410729786	0.754623955883433	-0.05054442500690608	0.07388047504359564	
0.0625	0.15260332380732927	0.3235276059777875	0.2969025824082306	0.17439118335048368	0.16024274624382648	0.6951413267184214	0.12526722715693578	0.017725100361473185	0.1570117238583395	0.15581132502745626	0.08235008236215939	0.08173856233632941	0.7540167657851993	-0.005092161865255991	0.07002298112122178	
0.125	0.10600370628669639	0.2863307599149098	0.2531664682394598	0.13474475923888132	0.11926937201054613	0.7159653313256569	0.10851401135086643	0.03286505417253784	0.18318792567522385	0.17306664175994974	0.08545055869249026	0.08073509173173353	0.7535600939536369	-0.002135906835877023	0.07352842548761096	
0.25	0.07120147979668327	0.26418811678578724	0.22898907927394122	0.11700019034283764	0.10141156445154405	0.7264520394025291	0.07585930339557169	0.0412121722934838	0.2123268454044184	0.18965418420563723	0.0930122529034044	0.08308322359526811	0.7523781089860898	-0.012938572897615186	0.066949129927123	
0.5	0.08023161060857106	0.30935673283449505	0.26764805422925825	0.13487053959259918	0.11670165434108774	0.7376904321908769	0.11318965305952937	0.07037202982264386	0.30447093741520054	0.26537551618733685	0.13153695346216773	0.11466144710894717	0.7556308298516351	0.01866709854766206	0.1139477293645899	
1.0	0.08070682119516075	0.3427465870532501	0.29630383692981377	0.14648216873885844	0.12664925018091433	0.7569458113809652	0.14107823595775817	0.07920264734835583	0.3410370827745746	0.2947687877642315	0.14517619311563232	0.12549773403615538	0.758984401439121	0.12260830278657668	0.1404425917152331	
2.0	0.09272814306123689	0.41911554974352727	0.3636285079573836	0.18016823805232646	0.1563245412865363	0.7645461661564547	0.1833562796153995	0.09272814306123689	0.41911554974352727	0.3636285079573836	0.18016823805232646	0.1563245412865363	0.7645461661564547	0.1833562796153995	0.1833562796153995	
4.0	0.0859724205689778	0.4450357089730252	0.38292038222195823	0.1888154510484189	0.16247111106207957	0.7651085041363294	0.1867739776977663	0.0859724205689778	0.4450357089730252	0.38292038222195823	0.1888154510484189	0.16247111106207957	0.7651085041363294	0.1867739776977663	0.1867739776977663	
8.0	0.5691511075729194	0.7542107182400496	0.7237146809017728	0.6034975366528548	0.590153807870998	0.8874180322001859	0.6311691540693084	0.5691511075729194	0.7542107182400496	0.7237146809017728	0.6034975366528548	0.590153807870998	0.8874180322001859	0.6311691540693084	0.6311691540693084	
16.0	0.6225240766226949	0.5893446028514003	0.5862140003543068	0.523265762450323	0.5211310476346769	0.7062943274094319	0.5600239334576533	0.6225240766226949	0.5893446028514003	0.5862140003543068	0.523265762450323	0.5211310476346769	0.7062943274094319	0.5600239334576533	0.5600239334576533	
32.0	0.6901985864003345	0.7257454920789177	0.7178473130107701	0.5363400778287939	0.5313936912063041	0.8751363240518849	0.7022930008785213	0.6901985864003345	0.7257454920789177	0.7178473130107701	0.5363400778287939	0.5313936912063041	0.8751363240518849	0.7022930008785213	0.7022930008785213	
64.0	0.6096582947262701	0.5168840338620887	0.5092319756004358	0.3135060140532998	0.30886480610769995	0.8038290146888926	0.575460337386365	0.6096582947262701	0.5168840338620887	0.5092319756004358	0.3135060140532998	0.30886480610769995	0.8038290146888926	0.575460337386365	0.575460337386365	
128.0	0.39334909764629733	0.18087203421513	0.178194367169823	0.10970443423606882	0.10808034707658798	0.6485558673048357	0.22297776754637438	0.39334909764629733	0.18087203421513	0.178194367169823	0.10970443423606882	0.10808034707658798	0.6485558673048357	0.22297776754637438	0.22297776754637438	
256.0	0.5118310850670519	0.33879518309161794	0.33377958905128013	0.20548966590802148	0.20244755434588463	0.740320184848985	0.4312901706405876	0.5118310850670519	0.33879518309161794	0.33377958905128013	0.20548966590802148	0.20244755434588463	0.740320184848985	0.4312901706405876	0.4312901706405876	
