0.03125	0.267795947740752	0.270787180754143	0.2521888314771397	0.18850311764913827	0.1763742638190982	0.5871560094048005	0.13060821113538756	0.015347200810298143	0.12399977524234869	0.1225629459691913	0.08651908365292699	0.08551552961386762	0.7542797793316744	-0.018977642389400612	0.09225898006250677	
0.0625	0.24702833197071125	0.345575684143713	0.3293556354993362	0.21801168643997104	0.20776122366082425	0.6993299397445802	0.19196729478666624	0.030309260588512528	0.15998783009198866	0.15952761618875305	0.09517036973839481	0.09490696737956154	0.7547693002193541	0.03593020691418002	0.10012562151195595	
0.125	0.17782214480885655	0.24803104975960508	0.22974859571666464	0.1353609829405718	0.12570097289583831	0.7045454328844987	0.12545197543623948	0.058778004157247946	0.15729411085133943	0.15189568218574515	0.08350166708361063	0.08064972122389771	0.7512183901552343	0.024623436040794183	0.08748413132531024	
0.25	0.17760085536518228	0.22697915641407662	0.21241288062770955	0.12606680325169944	0.11800952920761607	0.7198119414069507	0.13423031007945296	0.10583773180053775	0.18073839478128112	0.17004906446855433	0.09531007740861398	0.08969913847100812	0.7501183877039639	0.05191011760776636	0.11512728308771444	
0.5	0.23235579622668134	0.2924992603851052	0.2778060082994057	0.17512597321788184	0.16652002465244004	0.741881329844961	0.21595768684180655	0.2068355974334109	0.28884822511888897	0.2732373059204696	0.161077397175837	0.15246916296889337	0.7604830748104365	0.15295992220613064	0.214753361114174	
1.0	0.5643357598612649	0.522545359475186	0.5184064066736631	0.38668029475163446	0.38375022531839453	0.8423248055140171	0.571059224404485	0.5566187782995279	0.5159621001287397	0.5110605261401691	0.35611523909352766	0.3529276208809213	0.8428530838908568	0.5622105281993484	0.5665455980293748	
2.0	0.8610559089095382	0.8114343441735536	0.8106641651394806	0.8114343441735536	0.8106641651394806	0.9472209756909417	0.8745976225127275	0.8610559089095382	0.8114343441735536	0.8106641651394806	0.8114343441735536	0.8106641651394806	0.9472209756909417	0.8745976225127275	0.8745976225127275	
4.0	0.9343323800485173	0.9171999012487208	0.9168036501148447	0.9171999012487208	0.9168036501148447	0.9755359431408339	0.9421994210550764	0.9343323800485173	0.9171999012487208	0.9168036501148447	0.9171999012487208	0.9168036501148447	0.9755359431408339	0.9421994210550764	0.9421994210550764	
8.0	1.0	1.0	1.0	1.0	1.0	1.0	1.0	1.0	1.0	1.0	1.0	1.0	1.0	1.0	1.0	
16.0	1.0	1.0	1.0	1.0	1.0	1.0	1.0	1.0	1.0	1.0	1.0	1.0	1.0	1.0	1.0	
32.0	1.0	1.0	1.0	1.0	1.0	1.0	1.0	1.0	1.0	1.0	1.0	1.0	1.0	1.0	1.0	
64.0	1.0	1.0	1.0	1.0	1.0	1.0	1.0	1.0	1.0	1.0	1.0	1.0	1.0	1.0	1.0	
128.0	1.0	1.0	1.0	1.0	1.0	1.0	1.0	1.0	1.0	1.0	1.0	1.0	1.0	1.0	1.0	
256.0	1.0	1.0	1.0	1.0	1.0	1.0	1.0	1.0	1.0	1.0	1.0	1.0	1.0	1.0	1.0	
