0.03125	0.26577666733850774	0.37278960085963175	0.33882984884517564	0.2460347047802916	0.2275637945685253	0.6130149676792765	0.16342966099327544	0.01554674928928794	0.14561574661020274	0.14413161521852458	0.09803573361676385	0.09692093057765433	0.7548035560255618	-0.01180041912119133	0.09104919311658381	
0.0625	0.19508667254277126	0.39548952649206304	0.3531788087945852	0.21990653400653973	0.2009015415832116	0.7070712198579626	0.1390017437134679	0.028298935785705255	0.18720653634429935	0.1844805967734894	0.09950703158655197	0.09837786236932837	0.7555733675214842	0.026630693615371098	0.07816081694280334	
0.125	0.038778625954198474	0.45328324995229874	0.35842501253655057	0.1822209803997493	0.1446014590082116	0.7230153722822169	0.047784083364335164	0.011614083219021491	0.29034807505724286	0.25796848950848084	0.11861357759439231	0.1058553893809148	0.7552075600225728	-0.026605745961838446	0.03231336708940559	
0.25	0.04808414725770098	0.43085765018730304	0.3398963018242475	0.18279593522144616	0.1472857825444437	0.7291939882248692	0.03734520837503606	0.027176220806794056	0.34016601728289036	0.2824104354242093	0.14040826938449597	0.11793259558297284	0.7537178861422346	-0.029934010146839662	0.03048572987228339	
0.5	0.118118553108877	0.40326219153277965	0.3305670009408331	0.18727866455149073	0.15835386563899462	0.7470441450544397	0.1194598304623844	0.1005101788295053	0.38867575522074094	0.3218972904248915	0.1739659432946638	0.1474389973332213	0.7627593096114349	0.03018703340741986	0.11479424657586727	
1.0	0.5367295314709722	0.6270772571183728	0.5994292452285714	0.4611842104899127	0.449077956596405	0.8662766358518909	0.5691788684783788	0.5260381602913038	0.616523895177084	0.5880870801386319	0.43975992586763335	0.42745334685445274	0.8650598590151499	0.5431769509065136	0.5614081687052019	
2.0	0.9734560535126855	0.9592915117412391	0.959279844247148	0.9592915117412391	0.959279844247148	0.9911988916729413	0.9777411968474488	0.9734560535126855	0.9592915117412391	0.959279844247148	0.9592915117412391	0.959279844247148	0.9911988916729413	0.9777411968474488	0.9777411968474488	
4.0	1.0	1.0	1.0	1.0	1.0	1.0	1.0	1.0	1.0	1.0	1.0	1.0	1.0	1.0	1.0	
8.0	1.0	1.0	1.0	1.0	1.0	1.0	1.0	1.0	1.0	1.0	1.0	1.0	1.0	1.0	1.0	
16.0	1.0	1.0	1.0	1.0	1.0	1.0	1.0	1.0	1.0	1.0	1.0	1.0	1.0	1.0	1.0	
32.0	1.0	1.0	1.0	1.0	1.0	1.0	1.0	1.0	1.0	1.0	1.0	1.0	1.0	1.0	1.0	
64.0	1.0	1.0	1.0	1.0	1.0	1.0	1.0	1.0	1.0	1.0	1.0	1.0	1.0	1.0	1.0	
128.0	1.0	1.0	1.0	1.0	1.0	1.0	1.0	1.0	1.0	1.0	1.0	1.0	1.0	1.0	1.0	
256.0	1.0	1.0	1.0	1.0	1.0	1.0	1.0	1.0	1.0	1.0	1.0	1.0	1.0	1.0	1.0	
