0.03125	0.33044851929661173	0.2806615956471784	0.26846052366286854	0.21650760258886387	0.20746628604109815	0.571640449057226	0.13664849666835263	0.019008918294819037	0.1245255346420225	0.1225483020945557	0.09489329983436087	0.09330748287873837	0.7543433256680884	0.0020282162779098577	0.10050511605197983	
0.0625	0.315039289717626	0.33824476204244974	0.3300580797662329	0.2442903721213611	0.23838390929172643	0.7000340265288243	0.22366412222148407	0.040864427698488755	0.1538850383313004	0.15375060459121212	0.1014360870616983	0.10134543000772425	0.7553355222438931	0.06290792024447547	0.11233019383967573	
0.125	0.25586397219709645	0.3238831980641149	0.30640029298019383	0.1869467547847052	0.1771415352455919	0.7283685680363752	0.22255022102652963	0.08379681087056443	0.19190366763052175	0.18701866258472116	0.10733172163595295	0.10459982350100061	0.7565800306180561	0.08383937059079909	0.14007512342251424	
0.25	0.18820789582950737	0.22017110849989008	0.2083724007395619	0.1294233991241579	0.12249857951286618	0.713997419266389	0.12578423094434904	0.11301542680335075	0.1745015385798263	0.16554720919493426	0.09622459405584669	0.09129785837596502	0.7471509557640277	0.05048036604667653	0.10906580618049991	
0.5	0.25327175790081646	0.26865292173582167	0.25749807296815275	0.17078752801232971	0.16400860546457136	0.7400957058418232	0.22470391015076796	0.2246611967058937	0.2689180885862036	0.25643964759925936	0.15672228122913087	0.149615097339285	0.7592380497303642	0.16581712973997967	0.22284649044085275	
1.0	0.46166969220146037	0.472274385426341	0.46588743012887346	0.3570266491679074	0.35265475927705525	0.8106436703889399	0.4678668896522217	0.45312987547718764	0.46442849212761333	0.4573343429722098	0.31890768731319263	0.3143838433674482	0.8107320606493555	0.4583335318078376	0.4620985163099138	
2.0	0.5895435063072375	0.6155981287307057	0.6093950481504986	0.45652334541802525	0.45233667118581355	0.8586299911854992	0.6147488660274444	0.5895435063072375	0.6155981287307057	0.6093950481504986	0.45652334541802525	0.45233667118581355	0.8586299911854992	0.6147488660274444	0.6147488660274444	
4.0	0.7854716342614781	0.7439807108127492	0.7424115382145142	0.5065195508119943	0.5054720746788365	0.9208842771789311	0.8050073564494884	0.7854716342614781	0.7439807108127492	0.7424115382145142	0.5065195508119943	0.5054720746788365	0.9208842771789311	0.8050073564494884	0.8050073564494884	
8.0	0.9106755353213062	0.8439995478958707	0.8435481193506383	0.5014004066863765	0.5011494142662578	0.9683102713717305	0.92204677833452	0.9106755353213062	0.8439995478958707	0.8435481193506383	0.5014004066863765	0.5011494142662578	0.9683102713717305	0.92204677833452	0.92204677833452	
16.0	0.9330074757411477	0.8507392747523206	0.8470250702893951	0.4173547918617704	0.4155620402795668	0.9771751620033562	0.9425494117171048	0.9330074757411477	0.8507392747523206	0.8470250702893951	0.4173547918617704	0.4155620402795668	0.9771751620033562	0.9425494117171048	0.9425494117171048	
32.0	0.955974589048034	0.8605435031853436	0.8531658173275511	0.3913134793874847	0.3879615556090695	0.9855851550246933	0.9633424505034306	0.955974589048034	0.8605435031853436	0.8531658173275511	0.3913134793874847	0.3879615556090695	0.9855851550246933	0.9633424505034306	0.9633424505034306	
64.0	0.9638386648122392	0.869047759434215	0.8605572839547891	0.3904883295149682	0.3866733129629351	0.9883303411131059	0.9703622069826618	0.9638386648122392	0.869047759434215	0.8605572839547891	0.3904883295149682	0.3866733129629351	0.9883303411131059	0.9703622069826618	0.9703622069826618	
128.0	0.9638386648122392	0.869047759434215	0.8605572839547891	0.3904883295149682	0.3866733129629351	0.9883303411131059	0.9703622069826618	0.9638386648122392	0.869047759434215	0.8605572839547891	0.3904883295149682	0.3866733129629351	0.9883303411131059	0.9703622069826618	0.9703622069826618	
256.0	0.9638386648122392	0.869047759434215	0.8605572839547891	0.3904883295149682	0.3866733129629351	0.9883303411131059	0.9703622069826618	0.9638386648122392	0.869047759434215	0.8605572839547891	0.3904883295149682	0.3866733129629351	0.9883303411131059	0.9703622069826618	0.9703622069826618	
