0.03125	0.21645356136834612	0.30270828462420213	0.27851870554367003	0.1933691888872932	0.1784124392825123	0.607227662029594	0.13110308253400116	0.011172435447815699	0.12984308099891692	0.12866770010854436	0.08131638181134512	0.08055894534576007	0.7544570126901632	-0.03479629776115386	0.08411011062792903	
0.0625	0.2064918969892214	0.3158552557027724	0.29837668722301125	0.19060102059755266	0.18016783973214234	0.6962270798721756	0.15801786775647259	0.02498211703020969	0.1522259247081645	0.15167096729043958	0.08705807503599834	0.08674218230198867	0.754347960249451	0.017098640332644667	0.08513775318225586	
0.125	0.1409370683483959	0.2356148902908654	0.21498878048204745	0.12168248688839252	0.1112103572755383	0.7033980070678141	0.09473334220085343	0.0456827855471277	0.15313182002218473	0.14683563505304664	0.07801228490952683	0.0748244702634507	0.7507086567178554	0.0036662696430548036	0.0688060274420619	
0.25	0.13450851073130238	0.181138852256612	0.16737837240520342	0.09567174705936601	0.0884238269815722	0.7094566284141015	0.07106061347248785	0.08076285193002598	0.15012547934516635	0.14007409097786158	0.0762843782620795	0.07118445320316458	0.7448518658162301	0.006951236515009188	0.06821057527087566	
0.5	0.18671570785872674	0.23445903560860826	0.21915221233217688	0.1298835083510272	0.12158054105156064	0.7316483155637165	0.1626886079661761	0.16564776420333813	0.2399636819240854	0.22380840141285194	0.12634168868880064	0.11794195306705442	0.751893884228027	0.09987348995087772	0.16512663114554693	
1.0	0.2902938530235172	0.36133403071684955	0.34621489388218185	0.21283155177645083	0.20397436271514663	0.7766590162340551	0.3081149353342308	0.2852240455445439	0.3589024633658665	0.34321396032395485	0.20267872509593077	0.19381914312098938	0.7782830479113327	0.2984057389543329	0.3061128159278549	
2.0	0.6719186538392009	0.6222957968540429	0.6209493250039859	0.5470045189563205	0.5459471968363326	0.8820611936373967	0.6816214789302848	0.6719186538392009	0.6222957968540429	0.6209493250039859	0.5470045189563205	0.5459471968363326	0.8820611936373967	0.6816214789302848	0.6816214789302848	
4.0	0.9461401843743825	0.9256109424237376	0.9253880893862941	0.9256109424237376	0.9253880893862941	0.9807296335316661	0.9533309929612817	0.9461401843743825	0.9256109424237376	0.9253880893862941	0.9256109424237376	0.9253880893862941	0.9807296335316661	0.9533309929612817	0.9533309929612817	
8.0	0.9842428608342904	0.9753846033509627	0.9753639377331351	0.9753846033509627	0.9753639377331351	0.9946243583691535	0.9866601962267035	0.9842428608342904	0.9753846033509627	0.9753639377331351	0.9753846033509627	0.9753639377331351	0.9946243583691535	0.9866601962267035	0.9866601962267035	
16.0	0.9943778801843319	0.9918089455854175	0.9918052858686203	0.9918089455854175	0.9918052858686203	0.9981629272699895	0.9953296624076522	0.9943778801843319	0.9918089455854175	0.9918052858686203	0.9918089455854175	0.9918052858686203	0.9981629272699895	0.9953296624076522	0.9953296624076522	
32.0	0.9534867002156723	0.9539665132413677	0.9514906047927483	0.8933854108499407	0.8918836964652114	0.9784441112776945	0.956558618070693	0.9534867002156723	0.9539665132413677	0.9514906047927483	0.8933854108499407	0.8918836964652114	0.9784441112776945	0.956558618070693	0.956558618070693	
64.0	0.32911938227966214	0.18889998683965853	0.18868359176570815	0.18889998683965853	0.18868359176570815	0.7065474458053558	0.2014872249696224	0.32911938227966214	0.18889998683965853	0.18868359176570815	0.18889998683965853	0.18868359176570815	0.7065474458053558	0.2014872249696224	0.2014872249696224	
128.0	0.2911624560505331	0.009439026155254857	0.009257448029410286	0.00572505876099153	0.00561492606053364	0.5375188256695603	0.004379528476792354	0.2911624560505331	0.009439026155254857	0.009257448029410286	0.00572505876099153	0.00561492606053364	0.5375188256695603	0.004379528476792354	0.004379528476792354	
256.0	0.39505494505494504	0.0	0.0	0.0	0.0	0.0	0.0	0.39505494505494504	0.0	0.0	0.0	0.0	0.0	0.0	0.0	
