0.03125	0.3856182480496537	0.42743905455244846	0.4020236490660588	0.34206725268210353	0.32971852592014034	0.6525804170221157	0.25690116149791453	0.02199684307405474	0.14840765150847213	0.1459955355979165	0.11146096433011828	0.10919904824072543	0.7555684633723918	0.03770719227528923	0.11023889708776533	
0.0625	0.25386835573088096	0.42401322470566394	0.38406119442703773	0.2513990914283541	0.23379291293474727	0.7172257489699339	0.1912086466468744	0.037216477710155876	0.19402312278625383	0.1912995738222884	0.11004940573799533	0.10891820708532607	0.7565188460361401	0.060039769880547676	0.09949104428530736	
0.125	0.049147727272727273	0.4374372001502591	0.3468887186143467	0.17710746219992363	0.14131553627324833	0.7192650984359548	0.03898095552585189	0.01547406082289803	0.2829845315179666	0.25137229167004466	0.11690705629593864	0.10449720242376473	0.7546026969307416	-0.02424929540732911	0.028610351712792952	
0.25	0.04682779456193353	0.4294409818156385	0.3384509157419108	0.18184631401333476	0.14631691127919244	0.7292915887260444	0.03677658685345454	0.026405451448040886	0.33931212186910875	0.2815493626222819	0.13989035563584937	0.11741032852835923	0.7537468349751724	-0.03065439796601126	0.030061242452958804	
0.5	0.09293725889192103	0.39097748726588355	0.3169374114268486	0.17338684886615385	0.1439110745228197	0.742629590547342	0.09701566145258955	0.07879340631115193	0.37871728876554905	0.3109189807464795	0.16409493711272002	0.13719194281077923	0.7593246830502806	0.005767431466248188	0.09441912400102148	
1.0	0.5460169988000051	0.6413764657213242	0.6153615958461564	0.4982038262061782	0.4868583600813398	0.8672400441521109	0.5755517664081797	0.5365204162342413	0.6304277459630491	0.6036454787010117	0.46406419412616023	0.452508255798192	0.8667692010712914	0.5498461101611863	0.568807939690238	
2.0	0.9734560535126855	0.9592915117412391	0.959279844247148	0.9592915117412391	0.959279844247148	0.9911988916729413	0.9777411968474488	0.9734560535126855	0.9592915117412391	0.959279844247148	0.9592915117412391	0.959279844247148	0.9911988916729413	0.9777411968474488	0.9777411968474488	
4.0	1.0	1.0	1.0	1.0	1.0	1.0	1.0	1.0	1.0	1.0	1.0	1.0	1.0	1.0	1.0	
8.0	1.0	1.0	1.0	1.0	1.0	1.0	1.0	1.0	1.0	1.0	1.0	1.0	1.0	1.0	1.0	
16.0	1.0	1.0	1.0	1.0	1.0	1.0	1.0	1.0	1.0	1.0	1.0	1.0	1.0	1.0	1.0	
32.0	1.0	1.0	1.0	1.0	1.0	1.0	1.0	1.0	1.0	1.0	1.0	1.0	1.0	1.0	1.0	
64.0	1.0	1.0	1.0	1.0	1.0	1.0	1.0	1.0	1.0	1.0	1.0	1.0	1.0	1.0	1.0	
128.0	1.0	1.0	1.0	1.0	1.0	1.0	1.0	1.0	1.0	1.0	1.0	1.0	1.0	1.0	1.0	
256.0	1.0	1.0	1.0	1.0	1.0	1.0	1.0	1.0	1.0	1.0	1.0	1.0	1.0	1.0	1.0	
