0.03125	0.21358950288658018	0.34521374725904347	0.3056516490660688	0.2095651892561027	0.18880916941112447	0.5979830356877989	0.1255160895289976	0.01205927452578292	0.14174518048761003	0.14063373928183437	0.08851091456125057	0.08773643338760037	0.7543152494847718	-0.036889403377407474	0.07729559375419552	
0.0625	0.15488886175674893	0.40127145587445484	0.3540428622087153	0.20299088016319225	0.18142035729142222	0.7039709289696401	0.11770800008100372	0.021469530079362798	0.19209859770556198	0.18904307231342793	0.09652550219582176	0.0952177075049194	0.7550383022788864	0.008556822307734606	0.06914442381078935	
0.125	0.032840236686390537	0.44148121475221414	0.34818742792886237	0.17664609371695728	0.1397655664586835	0.7186485869538353	0.029762113483268425	0.010054347826086957	0.28504789790529517	0.252866436872034	0.11589237591067691	0.1032359082151576	0.7543193647100658	-0.03375070350119881	0.0225608565621208	
0.25	0.0410373760488177	0.42279717015446555	0.331414443286036	0.17392030746456744	0.13831325176465942	0.7285906972449553	0.03120226133454283	0.0230406852248394	0.33540329559461884	0.27747501391105167	0.1357867323962468	0.11328744296204558	0.753393786909706	-0.035360380969605074	0.026044166620478974	
0.5	0.0839669314692544	0.40819818397592006	0.33211653556728926	0.1808815060070113	0.1504360928104047	0.7410176353061129	0.0888277199893693	0.07069004834943153	0.39329471941650007	0.3238283197905567	0.17049045013194147	0.1427971285501448	0.7580052176641191	-0.003881420860439011	0.08659000033235856	
1.0	0.4700587439488541	0.5915249343833283	0.5620356000609623	0.4005916814923989	0.38713888233810145	0.8457708470648061	0.508568970038529	0.4622115639655317	0.5832197242312533	0.553114211046589	0.38160973796775255	0.36810688982761947	0.8459967250453048	0.4826847913253517	0.503211644152185	
2.0	0.9323584339281521	0.9147017061218159	0.9124763766716729	0.8567953212042173	0.8554427106920363	0.9717893559316659	0.9385415679358304	0.9323584339281521	0.9147017061218159	0.9124763766716729	0.8567953212042173	0.8554427106920363	0.9717893559316659	0.9385415679358304	0.9385415679358304	
4.0	1.0	1.0	1.0	1.0	1.0	1.0	1.0	1.0	1.0	1.0	1.0	1.0	1.0	1.0	1.0	
8.0	1.0	1.0	1.0	1.0	1.0	1.0	1.0	1.0	1.0	1.0	1.0	1.0	1.0	1.0	1.0	
16.0	1.0	1.0	1.0	1.0	1.0	1.0	1.0	1.0	1.0	1.0	1.0	1.0	1.0	1.0	1.0	
32.0	1.0	1.0	1.0	1.0	1.0	1.0	1.0	1.0	1.0	1.0	1.0	1.0	1.0	1.0	1.0	
64.0	1.0	1.0	1.0	1.0	1.0	1.0	1.0	1.0	1.0	1.0	1.0	1.0	1.0	1.0	1.0	
128.0	1.0	1.0	1.0	1.0	1.0	1.0	1.0	1.0	1.0	1.0	1.0	1.0	1.0	1.0	1.0	
256.0	1.0	1.0	1.0	1.0	1.0	1.0	1.0	1.0	1.0	1.0	1.0	1.0	1.0	1.0	1.0	
