0.03125	0.46400184904195035	0.359296901849159	0.355599592792793	0.3310520152929654	0.32805960535519746	0.6329632732858539	0.26245397974892837	0.027170618082378757	0.13158694023883039	0.12868314563400393	0.10944729652644931	0.10680143703902792	0.7555247699666273	0.0651236048496309	0.12873965969994866	
0.0625	0.3435639083908205	0.3695921624264128	0.36093689674184	0.2659187858114135	0.2599333486704078	0.7117632499680161	0.2615517944101485	0.04599597992435141	0.16238754233096553	0.1622566578790646	0.10900889579841078	0.1089221996742143	0.7560765547467112	0.08579831546480197	0.12826593043532986	
0.125	0.26692182153055505	0.3121338925212847	0.29766350833552707	0.18816894883201546	0.1797819133251874	0.7194938128528707	0.21254057907152407	0.09129078962479907	0.187759518294962	0.1834374313724801	0.10811437876721461	0.10562868726684056	0.7552609532783215	0.08626895653448471	0.13751994847657936	
0.25	0.2413364722462959	0.28317529299139926	0.27140019144627914	0.1738777374609112	0.16667263084231723	0.7284250967029725	0.19603877235092956	0.1459429590970483	0.21679828586747574	0.2073315627945162	0.12324105020787597	0.11787848732484588	0.7549335696325434	0.10519856784731636	0.1614718327851768	
0.5	0.3366086931854907	0.35417760032472534	0.3429496486161697	0.2324993630644602	0.22553478411739758	0.7575980156827338	0.3154659413736175	0.30026699258272904	0.34134804770843646	0.3287361009743219	0.2038206514123074	0.1965327403115432	0.7735579874936536	0.25562556178592666	0.30700160538858984	
1.0	0.7144290661659025	0.6554496096490448	0.6539616435101412	0.5766956767798969	0.575506549997084	0.8941646949908829	0.727090754414857	0.704126639892956	0.6431916956030874	0.6410041916477991	0.5089205301524901	0.5074116070942074	0.8928633534796859	0.7167945992612508	0.7194047844773175	
2.0	0.8835164333649882	0.8411026007461271	0.8406584793206839	0.8411026007461271	0.8406584793206839	0.9564159448902962	0.8956686320079742	0.8835164333649882	0.8411026007461271	0.8406584793206839	0.8411026007461271	0.8406584793206839	0.9564159448902962	0.8956686320079742	0.8956686320079742	
4.0	0.9559620163630876	0.9381362892024449	0.937987785080191	0.9381362892024449	0.937987785080191	0.9842908983903593	0.961922771330304	0.9559620163630876	0.9381362892024449	0.937987785080191	0.9381362892024449	0.937987785080191	0.9842908983903593	0.961922771330304	0.961922771330304	
8.0	1.0	1.0	1.0	1.0	1.0	1.0	1.0	1.0	1.0	1.0	1.0	1.0	1.0	1.0	1.0	
16.0	1.0	1.0	1.0	1.0	1.0	1.0	1.0	1.0	1.0	1.0	1.0	1.0	1.0	1.0	1.0	
32.0	1.0	1.0	1.0	1.0	1.0	1.0	1.0	1.0	1.0	1.0	1.0	1.0	1.0	1.0	1.0	
64.0	1.0	1.0	1.0	1.0	1.0	1.0	1.0	1.0	1.0	1.0	1.0	1.0	1.0	1.0	1.0	
128.0	1.0	1.0	1.0	1.0	1.0	1.0	1.0	1.0	1.0	1.0	1.0	1.0	1.0	1.0	1.0	
256.0	1.0	1.0	1.0	1.0	1.0	1.0	1.0	1.0	1.0	1.0	1.0	1.0	1.0	1.0	1.0	
