0.03125	0.3329797390415438	0.29993462212001526	0.2880179176313761	0.23023724848429797	0.2213997297720492	0.5887122781468791	0.14939737952832843	0.019285252086938678	0.1276144802680319	0.12567046676873872	0.09510264859815036	0.09362866536759874	0.7545393030387394	0.007031975494318632	0.10291589099048655	
0.0625	0.2992251282185737	0.3542027636796294	0.34344213263681456	0.24509833711276202	0.2378226450447231	0.7032541731374545	0.2197175777797935	0.038813244170221375	0.1612793016781427	0.16113312639946126	0.10198443113499316	0.10189123109376083	0.7555958010380713	0.058895607181797184	0.11237857929677468	
0.125	0.23521374233865192	0.29502700173226293	0.2783431037637716	0.17228313796944034	0.16318874658479315	0.7139894070989455	0.18170090127060537	0.0807966488807928	0.17951828056732724	0.1747137992690375	0.10018247822113362	0.09753012594874857	0.7536278338549991	0.06405339976355559	0.11935650923167287	
0.25	0.2012373562878858	0.25414056396211737	0.23972402491640002	0.14384527256129193	0.13572521881805652	0.7217418646836528	0.15550459597524435	0.1207390132671187	0.19825889075442982	0.18766792016478762	0.10621499665729821	0.10055557004659459	0.7511912953607458	0.07033261480663008	0.1311708866214051	
0.5	0.3231941376043087	0.3576521275852863	0.34412917259709136	0.21509143033114672	0.20700851131041062	0.7627760702618969	0.31797933460230243	0.28611480996427857	0.34391623780033975	0.3290379771402636	0.19325336069363494	0.18491793917733035	0.7773256325472462	0.25379408566083156	0.3080156041219678	
1.0	0.602806893735691	0.5627482616499625	0.5589153246780075	0.45508966881362667	0.45232588594231327	0.8599967068512846	0.6212135025272867	0.5938885817703564	0.5537745223755308	0.5491878117882265	0.4056707016039608	0.40267496549198134	0.859600554386845	0.6113576053253661	0.6153486616822017	
2.0	0.8602376591904086	0.814349007557999	0.8119039683101239	0.7602127961209458	0.7586206345140162	0.9427339437751865	0.8705293591068	0.8602376591904086	0.814349007557999	0.8119039683101239	0.7602127961209458	0.7586206345140162	0.9427339437751865	0.8705293591068	0.8705293591068	
4.0	0.9794130573552469	0.9698213086314016	0.9697768238146878	0.9698213086314016	0.9697768238146878	0.9928172570391107	0.9823761033764871	0.9794130573552469	0.9698213086314016	0.9697768238146878	0.9698213086314016	0.9697768238146878	0.9928172570391107	0.9823761033764871	0.9823761033764871	
8.0	1.0	1.0	1.0	1.0	1.0	1.0	1.0	1.0	1.0	1.0	1.0	1.0	1.0	1.0	1.0	
16.0	1.0	1.0	1.0	1.0	1.0	1.0	1.0	1.0	1.0	1.0	1.0	1.0	1.0	1.0	1.0	
32.0	1.0	1.0	1.0	1.0	1.0	1.0	1.0	1.0	1.0	1.0	1.0	1.0	1.0	1.0	1.0	
64.0	1.0	1.0	1.0	1.0	1.0	1.0	1.0	1.0	1.0	1.0	1.0	1.0	1.0	1.0	1.0	
128.0	1.0	1.0	1.0	1.0	1.0	1.0	1.0	1.0	1.0	1.0	1.0	1.0	1.0	1.0	1.0	
256.0	1.0	1.0	1.0	1.0	1.0	1.0	1.0	1.0	1.0	1.0	1.0	1.0	1.0	1.0	1.0	
