0.03125	0.27968628755126923	0.5004016610106463	0.4693893535684813	0.29827788580351344	0.2804332554502018	0.7196426019162517	0.29703313907286694	0.013400336083433426	0.15922985736876433	0.1584585188039854	0.0908469042952165	0.09036382441029506	0.7553282943118484	0.04687336076586977	0.11236748628124907	
0.0625	0.24244330036408854	0.4914788199471844	0.4567879666895216	0.2749042612945762	0.25640517644972116	0.7411078961616429	0.27229351564501575	0.027293359914828313	0.20993632456084535	0.20812905009630284	0.10985026375942646	0.10895907418493125	0.7563393571520397	0.055231915716709476	0.1252025608086179	
0.125	0.22011720326693798	0.44890131131486044	0.41337089153726153	0.22036552050130434	0.2029703622463015	0.7737025875127546	0.2895147788635999	0.06898183272867471	0.2716476624034715	0.2577909362359322	0.12962727715687863	0.12306645278783428	0.7612839827958007	0.12380490839344971	0.17240259487397203	
0.25	0.27672302484313593	0.43686097819190806	0.41048905645743705	0.2266795043854871	0.2132060521905988	0.7794454906847458	0.32847891274821145	0.16935206583032264	0.33696002423837307	0.315477262198527	0.16814898298054487	0.15753966366332295	0.7722831123970627	0.20968300271232518	0.2544936369916622	
0.5	0.40483532502989716	0.46445849242545273	0.4492030210294803	0.2674436639443572	0.25880571207428177	0.8089863781997517	0.43895706077157576	0.34567302207742734	0.4221138137525714	0.4038728339253693	0.2290107103663439	0.21919782361630152	0.8003699447694617	0.38505899982238834	0.3960504707192764	
1.0	0.4702762102612111	0.47303189599538176	0.46432592481868956	0.3048753388281634	0.2992937852263687	0.8234004603829062	0.4946676242276233	0.45978493387679775	0.4669807590380823	0.4569726618775726	0.28136442748179635	0.2753987355302357	0.8207219999376741	0.48805002092595107	0.48571301432121655	
2.0	0.6090303225440933	0.5441072278869606	0.5399757780015149	0.41946358772014297	0.41669601061620243	0.8629798043162367	0.630418403948776	0.6090303225440933	0.5441072278869606	0.5399757780015149	0.41946358772014297	0.41669601061620243	0.8629798043162367	0.630418403948776	0.630418403948776	
4.0	0.6155006212998438	0.5354687336322709	0.5321728474682239	0.406504398110468	0.40422415346626545	0.8641981796515372	0.6341477404690472	0.6155006212998438	0.5354687336322709	0.5321728474682239	0.406504398110468	0.40422415346626545	0.8641981796515372	0.6341477404690472	0.6341477404690472	
8.0	0.6338902552931425	0.5501490427132726	0.5461631450451476	0.3925308150794385	0.38975592235378154	0.8737802649613824	0.6592385213012322	0.6338902552931425	0.5501490427132726	0.5461631450451476	0.3925308150794385	0.38975592235378154	0.8737802649613824	0.6592385213012322	0.6592385213012322	
16.0	0.6447168609837886	0.5575255836500725	0.5546312823537243	0.42219446970422914	0.4200633481715532	0.875318647187132	0.6660279593985616	0.6447168609837886	0.5575255836500725	0.5546312823537243	0.42219446970422914	0.4200633481715532	0.875318647187132	0.6660279593985616	0.6660279593985616	
32.0	0.6409113184901623	0.549093840579229	0.5467879770205769	0.42763471302278877	0.4258389046776546	0.8729064104903836	0.6598980106190725	0.6409113184901623	0.549093840579229	0.5467879770205769	0.42763471302278877	0.4258389046776546	0.8729064104903836	0.6598980106190725	0.6598980106190725	
64.0	0.6503227513372186	0.5596745102617027	0.5573481318111722	0.4358749468569191	0.4340631614979255	0.8766583352698634	0.6703755494235357	0.6503227513372186	0.5596745102617027	0.5573481318111722	0.4358749468569191	0.4340631614979255	0.8766583352698634	0.6703755494235357	0.6703755494235357	
128.0	0.6482349049754277	0.5555968980225235	0.5538700415244782	0.45797158812775346	0.4566126523736404	0.8738968576241277	0.6647231641948042	0.6482349049754277	0.5555968980225235	0.5538700415244782	0.45797158812775346	0.4566126523736404	0.8738968576241277	0.6647231641948042	0.6647231641948042	
256.0	0.6531724122350479	0.5597336375876811	0.5576258405864045	0.435920995264692	0.43427944130954216	0.8766169584834387	0.6714779937872762	0.6531724122350479	0.5597336375876811	0.5576258405864045	0.435920995264692	0.43427944130954216	0.8766169584834387	0.6714779937872762	0.6714779937872762	
