0.03125	0.2013151364764268	0.49847729204898006	0.45829835175324735	0.28592029969563926	0.2641298075558362	0.7034759373685032	0.23375234480785564	0.009432422458287544	0.16183462498512313	0.1612610692486499	0.08891616432561704	0.08854709019479232	0.7548125802318009	0.018019433984423593	0.09277965446789836	
0.0625	0.23659066858729288	0.5067056886491533	0.4674121277165105	0.27600743408048756	0.25495785376860924	0.7509784689400499	0.31203875550186316	0.026474200735827364	0.2176980269400765	0.21591826102847894	0.11278764674130878	0.11189662113047509	0.7572805383854653	0.06052761070143388	0.14274940471017	
0.125	0.2076527159732237	0.4544074448823762	0.4157973304938808	0.22069943278297063	0.20201911592156113	0.7738884037895979	0.28868914805058077	0.06452893734217117	0.2763077349016584	0.2614128841782104	0.13073002207485748	0.12373149486368758	0.7614210401195249	0.11858138348490052	0.1722552618353284	
0.25	0.2061260057279016	0.40411178169638545	0.3732627234229007	0.20197936523699522	0.18663096614182398	0.7678947617154142	0.2640917951868299	0.12489263970727531	0.3163740489480128	0.29238780462295644	0.15344663543690978	0.14186117512541868	0.7660097564291639	0.15397171491023975	0.2071933432210144	
0.5	0.34102307201594106	0.4269798150031513	0.41015723086313977	0.2436152462461937	0.234153660487798	0.7914601105376695	0.3716540277664458	0.28944160235815775	0.3902721971715326	0.3707833457380227	0.21005341731521154	0.19964553182088868	0.785638412510212	0.32039023019841284	0.33480543610638663	
1.0	0.46958552097868217	0.4765081173105451	0.4672040569153159	0.31364063575963963	0.3078196423740266	0.8240116402032243	0.495219659761193	0.4594437282694478	0.4705126522664297	0.459951179432095	0.2865187497713613	0.28035408952255275	0.8213739105092328	0.48851816054137753	0.4865720518274285	
2.0	0.5715423366652216	0.5134630063407573	0.5079757425703815	0.35904840648528513	0.35536087719471143	0.8528619952947073	0.5951316576062863	0.5715423366652216	0.5134630063407573	0.5079757425703815	0.35904840648528513	0.35536087719471143	0.8528619952947073	0.5951316576062863	0.5951316576062863	
4.0	0.5948775079761129	0.5329076359656164	0.5282015092490686	0.38081151929579604	0.3775803688576382	0.8600073271858406	0.6182830641345998	0.5948775079761129	0.5329076359656164	0.5282015092490686	0.38081151929579604	0.3775803688576382	0.8600073271858406	0.6182830641345998	0.6182830641345998	
8.0	0.6383697038463337	0.5528033327584913	0.5493676768045221	0.4061762914513948	0.403719857707026	0.8743670763768442	0.6619446165490789	0.6383697038463337	0.5528033327584913	0.5493676768045221	0.4061762914513948	0.403719857707026	0.8743670763768442	0.6619446165490789	0.6619446165490789	
16.0	0.6456742904295195	0.5551124257218507	0.5524598868747436	0.42057688157069223	0.41860781825412136	0.8750088506546589	0.665631798402241	0.6456742904295195	0.5551124257218507	0.5524598868747436	0.42057688157069223	0.41860781825412136	0.8750088506546589	0.665631798402241	0.665631798402241	
32.0	0.6378427741100957	0.5473415930969077	0.5449770230228408	0.426270061311422	0.42442853228611144	0.871935822292285	0.6569089932870975	0.6378427741100957	0.5473415930969077	0.5449770230228408	0.426270061311422	0.42442853228611144	0.871935822292285	0.6569089932870975	0.6569089932870975	
64.0	0.6466141372929238	0.5547748272796474	0.5525678200094496	0.4320590699136929	0.4303402509234185	0.8744617198548899	0.6649453363039954	0.6466141372929238	0.5547748272796474	0.5525678200094496	0.4320590699136929	0.4303402509234185	0.8744617198548899	0.6649453363039954	0.6649453363039954	
128.0	0.6373380326717465	0.5433212079379156	0.5411323686401801	0.42313898220135027	0.4214343124422565	0.8707389258698862	0.6545726877961442	0.6373380326717465	0.5433212079379156	0.5411323686401801	0.42313898220135027	0.4214343124422565	0.8707389258698862	0.6545726877961442	0.6545726877961442	
256.0	0.6479709990361584	0.5539380056650998	0.5518508033532357	0.4314073525849921	0.42978183779008383	0.8744297029227166	0.6654725699309737	0.6479709990361584	0.5539380056650998	0.5518508033532357	0.4314073525849921	0.42978183779008383	0.8744297029227166	0.6654725699309737	0.6654725699309737	
