0.03125	0.0	0.5159195242001476	0.42055949259157677	0.2175445577437621	0.17739195780653996	0.6857442431173209	0.0	0.0	0.18018894728772625	0.1797640798992576	0.07612589925739839	0.07594779348182071	0.7538514207463197	-0.050340546854188636	0.0	
0.0625	0.0	0.5006175625012246	0.40085132092934933	0.20187771077269248	0.1616520860796414	0.7144050432501572	0.0	0.0	0.2362716042998863	0.2270237426646803	0.09497430500518547	0.09126528645527299	0.7538514207463197	-0.04855447157912072	0.0	
0.125	0.0	0.48507375607996883	0.3810254913738812	0.188025902687538	0.14769037801836973	0.747165202730691	0.0	0.0	0.3187284452497102	0.27680058581166994	0.1234291062865555	0.1071936049176296	0.7538514207463197	-0.008897062600289487	0.0	
0.25	0.0	0.4678768937597173	0.3592151788554154	0.1787145529906749	0.13720935079389243	0.7467369944904474	0.0	0.0	0.3852407331949107	0.308956393115985	0.1470730967665778	0.11795237405264743	0.7538514207463197	-0.02179959538017896	0.0	
0.5	0.0	0.4620684027623986	0.35189639611721574	0.17538496410244334	0.13356774987058168	0.7520614050222075	0.0	0.0	0.4370277929137879	0.33582567296593546	0.165825357396524	0.12742579136579318	0.7538514207463197	-0.012804206688337524	0.0	
1.0	0.0	0.45982673643803124	0.34907315627177943	0.17412148567783564	0.13218271385195443	0.7545310722875214	0.0	0.0	0.45788462113410083	0.3472515467150572	0.17334749289456255	0.13146366119146496	0.7538514207463197	0.011216176067544057	0.0	
2.0	0.11508064516129032	0.4713467799927831	0.38193873983864957	0.2201543703835369	0.1860655667798569	0.7730511922080638	0.11811656531297043	0.11508064516129032	0.4713467799927831	0.38193873983864957	0.2201543703835369	0.1860655667798569	0.7730511922080638	0.11811656531297043	0.11811656531297043	
4.0	0.24511572392043926	0.48865180327997393	0.421157538074425	0.29426228853125613	0.268340922959111	0.7977279774203451	0.2531337304397658	0.24511572392043926	0.48865180327997393	0.421157538074425	0.29426228853125613	0.268340922959111	0.7977279774203451	0.2531337304397658	0.2531337304397658	
8.0	0.6178607850570591	0.5444161648454326	0.5404636967073023	0.4127021746658099	0.4097810208526205	0.8695725293213004	0.6453817066059659	0.6178607850570591	0.5444161648454326	0.5404636967073023	0.4127021746658099	0.4097810208526205	0.8695725293213004	0.6453817066059659	0.6453817066059659	
16.0	0.6453690177403967	0.5682335814132408	0.5652249192553824	0.45710773779985214	0.45487446366697315	0.8774468331701193	0.6703115359334176	0.6453690177403967	0.5682335814132408	0.5652249192553824	0.45710773779985214	0.45487446366697315	0.8774468331701193	0.6703115359334176	0.6703115359334176	
32.0	0.6392076881977554	0.5599891766629864	0.5573839638103603	0.4595754406646491	0.45754136526202194	0.8734359308496522	0.6611879883730055	0.6392076881977554	0.5599891766629864	0.5573839638103603	0.4595754406646491	0.45754136526202194	0.8734359308496522	0.6611879883730055	0.6611879883730055	
64.0	0.6347757778090151	0.5652095404871968	0.5617318094160126	0.4401856327308578	0.43747717304930783	0.8758232997150589	0.6635800054001435	0.6347757778090151	0.5652095404871968	0.5617318094160126	0.4401856327308578	0.43747717304930783	0.8758232997150589	0.6635800054001435	0.6635800054001435	
128.0	0.6335255423938876	0.5667257001311101	0.5631191576309863	0.4413664190487987	0.438557640925522	0.8758969914185766	0.6633151660086087	0.6335255423938876	0.5667257001311101	0.5631191576309863	0.4413664190487987	0.438557640925522	0.8758969914185766	0.6633151660086087	0.6633151660086087	
256.0	0.6416561961726506	0.5697521288452686	0.5669125855089184	0.4684527912520592	0.4662246431503399	0.8764945178343362	0.6674493987384419	0.6416561961726506	0.5697521288452686	0.5669125855089184	0.4684527912520592	0.4662246431503399	0.8764945178343362	0.6674493987384419	0.6674493987384419	
