0.03125	0.2108313065808322	0.5043483541067826	0.46394162016544344	0.2827799489448738	0.2604934872798395	0.7143837900212419	0.2637088667368904	0.00980912550157766	0.1633345089957276	0.1628551319020267	0.08872643188801717	0.08844612082338599	0.7550529863195731	0.023510653591458097	0.10015956880690795	
0.0625	0.22061088560317804	0.4972106627358121	0.4577547093731247	0.2731362893105125	0.2522227640551634	0.7450233799830425	0.28315593364312236	0.025228794375262813	0.21387794816891956	0.2120079287327788	0.11086443559498338	0.10994260817827314	0.7567416917132725	0.05030768109970239	0.13007469138385752	
0.125	0.20518491481218443	0.443665349862559	0.4071731984672587	0.2170909388778806	0.19938940213572487	0.7709195200250953	0.2718707663769435	0.06441088658997182	0.2692318708610978	0.2549573830296642	0.12804640633903774	0.12133935830416798	0.7605193942193902	0.11427614016743468	0.16254179054309068	
0.25	0.22232441977612843	0.4026744865731173	0.37420362387383493	0.20460806885523636	0.19020570448805424	0.7694685673095771	0.2749293336356008	0.13507449740342112	0.31446296133613555	0.29193426046610327	0.15459881664261474	0.1435652071023102	0.7668569025967491	0.16513044094821244	0.2150765374365954	
0.5	0.33844756092577555	0.4161027831787677	0.3996594233179652	0.23920149599443236	0.22984187741540377	0.7907617197625199	0.36789252129743677	0.28639332882545754	0.3805129325907133	0.3615850492168053	0.20618739929483323	0.1959807882487241	0.7848720870926126	0.3160311628776247	0.3308305264521792	
1.0	0.5041346047660431	0.45376891840981737	0.4474753108116033	0.3016423112221699	0.297523403469953	0.829591515283332	0.5199093181857798	0.4924267770663365	0.4470941429378488	0.4395754070382979	0.27358971791788184	0.26903443943361643	0.826440028258661	0.5128724838919212	0.5095905954052568	
2.0	0.6368874239149355	0.5456922329694219	0.5431140426430149	0.4124574419415793	0.4105264416494313	0.8712165960788429	0.6552571636286653	0.6368874239149355	0.5456922329694219	0.5431140426430149	0.4124574419415793	0.4105264416494313	0.8712165960788429	0.6552571636286653	0.6552571636286653	
4.0	0.6335120169103158	0.534521010528407	0.5328603785725348	0.4388282204611581	0.43752737002913733	0.8667564273718462	0.6463517988670043	0.6335120169103158	0.534521010528407	0.5328603785725348	0.4388282204611581	0.43752737002913733	0.8667564273718462	0.6463517988670043	0.6463517988670043	
8.0	0.6376521239690317	0.5283948876615219	0.5277101084283344	0.4591553473530259	0.45861831451621005	0.8622317951233415	0.6422440555744907	0.6376521239690317	0.5283948876615219	0.5277101084283344	0.4591553473530259	0.45861831451621005	0.8622317951233415	0.6422440555744907	0.6422440555744907	
16.0	0.6747672435249635	0.5712765399220935	0.5694454818368062	0.5235166748885509	0.5223926637342255	0.8659539300168959	0.6752166144533266	0.6747672435249635	0.5712765399220935	0.5694454818368062	0.5235166748885509	0.5223926637342255	0.8659539300168959	0.6752166144533266	0.6752166144533266	
32.0	0.671135179145385	0.592058792894399	0.5832367294955787	0.3591018102429052	0.3537509583095921	0.8418039091759514	0.6622694284491337	0.671135179145385	0.592058792894399	0.5832367294955787	0.3591018102429052	0.3537509583095921	0.8418039091759514	0.6622694284491337	0.6622694284491337	
64.0	0.6709962824856188	0.5902495629111268	0.5814852646592776	0.35800445678757925	0.352688641186967	0.8418689120026416	0.6620852981883852	0.6709962824856188	0.5902495629111268	0.5814852646592776	0.35800445678757925	0.352688641186967	0.8418689120026416	0.6620852981883852	0.6620852981883852	
128.0	0.6658360717430494	0.5835342272114278	0.5748647128161524	0.353931399795449	0.34867307350989446	0.8388853619218338	0.6553722522575237	0.6658360717430494	0.5835342272114278	0.5748647128161524	0.353931399795449	0.34867307350989446	0.8388853619218338	0.6553722522575237	0.6553722522575237	
256.0	0.6658360717430494	0.5835342272114278	0.5748647128161524	0.353931399795449	0.34867307350989446	0.8388853619218338	0.6553722522575237	0.6658360717430494	0.5835342272114278	0.5748647128161524	0.353931399795449	0.34867307350989446	0.8388853619218338	0.6553722522575237	0.6553722522575237	
