0.03125	0.2873785952435769	0.5016822081178107	0.47100904772472313	0.2989633132773801	0.2813002152580356	0.7213470173818204	0.3043639063153394	0.013770878000987849	0.15941574119553556	0.15864234449017234	0.09094234023403212	0.09045820366450134	0.7553975473147054	0.049589157542160846	0.1145649130799868	
0.0625	0.26357673143228544	0.5054766722594224	0.47126719174886855	0.28682823845107647	0.26814081974194365	0.7518177229666758	0.3152144048072516	0.029377812972044365	0.2147125809352109	0.21304605770409238	0.11391715232142963	0.11308300392891017	0.7572950759779249	0.06959288712934972	0.14317929273299249	
0.125	0.22340133432688783	0.4619634596109485	0.4243945479267306	0.22652676925830856	0.2084050891794463	0.7772542306149683	0.302658291518464	0.07033008091597703	0.2796906266704817	0.2648048655571283	0.13292183464629304	0.12597754080818838	0.7623244006039885	0.13008300882222942	0.1808337771835416	
0.25	0.32384774017472234	0.43255795417871423	0.41262681442881083	0.23363623552902507	0.22302172867379375	0.7831177213476521	0.35318943440430595	0.19831652189228505	0.3305135459662113	0.3128614878052072	0.1703377096730665	0.16133485623188878	0.7741063742307186	0.23918246169628513	0.2711020281712758	
0.5	0.5008489959974263	0.44938354716542256	0.44444153088546584	0.290223848980425	0.2871081159838429	0.8160562005098594	0.4970150861945422	0.43040214648900177	0.40211940731498563	0.3937004196111612	0.23720020326956792	0.23227064749549756	0.8054274244043812	0.4465501217298596	0.4413601113373196	
1.0	0.5197949819196189	0.464672877954906	0.46008423130103066	0.32509170741138993	0.3219875876141414	0.8304840219620633	0.5290914503528005	0.5083174831689397	0.4577418546786894	0.45199891061333936	0.29401978885410274	0.2904481846885496	0.8274422207124206	0.5222278628040413	0.5188379043894598	
2.0	0.6050821493922954	0.5323459470438301	0.5285176049636151	0.40257472787544674	0.3997497402665326	0.863558263775832	0.6287079779554838	0.6050821493922954	0.5323459470438301	0.5285176049636151	0.40257472787544674	0.3997497402665326	0.863558263775832	0.6287079779554838	0.6287079779554838	
4.0	0.6143420431886387	0.5461066581442997	0.5421577140846188	0.40163666454731645	0.3988524167740552	0.8665043307884683	0.6378195556541222	0.6143420431886387	0.5461066581442997	0.5421577140846188	0.40163666454731645	0.3988524167740552	0.8665043307884683	0.6378195556541222	0.6378195556541222	
8.0	0.5430251636187137	0.5170670412479934	0.508008026858561	0.32840614302274723	0.3230409473806552	0.8492378596277437	0.5763695196159333	0.5430251636187137	0.5170670412479934	0.508008026858561	0.32840614302274723	0.3230409473806552	0.8492378596277437	0.5763695196159333	0.5763695196159333	
16.0	0.5386813612733586	0.5119344813951512	0.5039312477252775	0.3357927752776641	0.33082306010674273	0.8464861547353879	0.5699433787402964	0.5386813612733586	0.5119344813951512	0.5039312477252775	0.3357927752776641	0.33082306010674273	0.8464861547353879	0.5699433787402964	0.5699433787402964	
32.0	0.5677904679228213	0.5244292731473376	0.517302403675745	0.35070150472580736	0.34614204157956296	0.8559065734863964	0.5998180463198192	0.5677904679228213	0.5244292731473376	0.517302403675745	0.35070150472580736	0.34614204157956296	0.8559065734863964	0.5998180463198192	0.5998180463198192	
64.0	0.6285996843336303	0.5495765875411639	0.5456318794107247	0.40460635042760773	0.4017716489226865	0.872840387535257	0.6554692775742814	0.6285996843336303	0.5495765875411639	0.5456318794107247	0.40460635042760773	0.4017716489226865	0.872840387535257	0.6554692775742814	0.6554692775742814	
128.0	0.6124740681518794	0.5405059726245466	0.5352441454126554	0.36806829973216104	0.3646006515249277	0.8679284919334249	0.640118724279295	0.6124740681518794	0.5405059726245466	0.5352441454126554	0.36806829973216104	0.3646006515249277	0.8679284919334249	0.640118724279295	0.640118724279295	
256.0	0.6070839826292695	0.536270723438591	0.5320891118175843	0.3942562315174322	0.3912236090094818	0.8655469809926531	0.6326843898773973	0.6070839826292695	0.536270723438591	0.5320891118175843	0.3942562315174322	0.3912236090094818	0.8655469809926531	0.6326843898773973	0.6326843898773973	
