0.03125	0.2742533503696054	0.4938587127625862	0.46305733076045935	0.2931822325843286	0.2755018711288883	0.7153415266474346	0.2848999601191023	0.013213708641122136	0.15784865137592502	0.15709981878615853	0.08992105423051175	0.08945306055179673	0.7552366037674357	0.04360100814375416	0.10908512106418666	
0.0625	0.2541958728599057	0.5037187915966361	0.46838335559308797	0.2849233734714408	0.26575524079506363	0.7508440638083858	0.3080121753408278	0.028189990992945002	0.21443483031511335	0.21268233822206678	0.11338068691671696	0.1125103614778677	0.7571545976321674	0.06529242881778337	0.1400044618146036	
0.125	0.22103612625792973	0.465191581798269	0.42666971984843716	0.22631255860061472	0.20770125864390065	0.7777658361517477	0.3057795070880788	0.0692988179540441	0.2821590002819758	0.2670244545487235	0.13346089898645533	0.1263893905877646	0.7625208361783449	0.12975269620347177	0.1829318378159373	
0.25	0.2796978006323111	0.41548548523208123	0.391947762904994	0.21581082771007312	0.20365563765404943	0.7756741234508422	0.31559301335245926	0.17017511611126113	0.32087801263385407	0.30112401910649333	0.1604886736028201	0.1506808124647522	0.7700113188672895	0.20526207107265382	0.2439394550723442	
0.5	0.39712405208659063	0.4387244340543927	0.4242863177591831	0.24677350697695855	0.23874344340726578	0.8040998863286827	0.42493284860961245	0.33959669383991653	0.39999558334030866	0.3827279163199691	0.21333072007400716	0.20418499520166278	0.7962463785670117	0.3735038346174214	0.3837809660510832	
1.0	0.5301465356023142	0.4925236689856849	0.4857519327520432	0.3147078065285399	0.3104599034173277	0.8387644738347317	0.5490399952083459	0.5191821851870531	0.4862509389234139	0.4782435835751627	0.29178998651809046	0.28709183459082455	0.8359603361760959	0.5424674162912326	0.5394737880888922	
2.0	0.6112014698674118	0.5371561590883853	0.5327308551576524	0.37687981968149387	0.3739558754113369	0.8641412695242101	0.6326882889762524	0.6112014698674118	0.5371561590883853	0.5327308551576524	0.37687981968149387	0.3739558754113369	0.8641412695242101	0.6326882889762524	0.6326882889762524	
4.0	0.6402048895068211	0.5503188141299397	0.5475989494446816	0.4287696445605208	0.42681561582489796	0.8731119352794317	0.6602504369899588	0.6402048895068211	0.5503188141299397	0.5475989494446816	0.4287696445605208	0.42681561582489796	0.8731119352794317	0.6602504369899588	0.6602504369899588	
8.0	0.6439127865261258	0.5509216156530377	0.5475641774105421	0.39340647805658235	0.39106789881168186	0.8754284609651387	0.6658074411700317	0.6439127865261258	0.5509216156530377	0.5475641774105421	0.39340647805658235	0.39106789881168186	0.8754284609651387	0.6658074411700317	0.6658074411700317	
16.0	0.6477201416595134	0.5536572896525662	0.5511084202626567	0.419443620460458	0.41755529499833327	0.8755273771266119	0.6673827596491406	0.6477201416595134	0.5536572896525662	0.5511084202626567	0.419443620460458	0.41755529499833327	0.8755273771266119	0.6673827596491406	0.6673827596491406	
32.0	0.6509547704416185	0.5541538922863513	0.552298115661216	0.43157548525467737	0.43013020496581644	0.8751217585592096	0.6679474686880644	0.6509547704416185	0.5541538922863513	0.552298115661216	0.43157548525467737	0.43013020496581644	0.8751217585592096	0.6679474686880644	0.6679474686880644	
64.0	0.6504084705114517	0.5539176753449959	0.5519168488200086	0.4313915193157751	0.42983327405132493	0.8750935074767631	0.6675839191636641	0.6504084705114517	0.5539176753449959	0.5519168488200086	0.4313915193157751	0.42983327405132493	0.8750935074767631	0.6675839191636641	0.6675839191636641	
128.0	0.6404940609277244	0.545484714413478	0.5433575469061678	0.4248239227386984	0.4231672830182811	0.8717551348502612	0.6575860210588558	0.6404940609277244	0.545484714413478	0.5433575469061678	0.4248239227386984	0.4231672830182811	0.8717551348502612	0.6575860210588558	0.6575860210588558	
256.0	0.64406008229211	0.5492771274959966	0.5471676241925344	0.4277774570170941	0.4261345741924659	0.8730309902599147	0.661374306960337	0.64406008229211	0.5492771274959966	0.5471676241925344	0.4277774570170941	0.4261345741924659	0.8730309902599147	0.661374306960337	0.661374306960337	
