0.03125	0.0	0.5159195242001476	0.42055949259157677	0.2175445577437621	0.17739195780653996	0.6857442431173209	0.0	0.0	0.18018894728772625	0.1797640798992576	0.07612589925739839	0.07594779348182071	0.7538514207463197	-0.050340546854188636	0.0	
0.0625	0.0	0.5006175625012246	0.40085132092934933	0.20187771077269248	0.1616520860796414	0.7144050432501572	0.0	0.0	0.2362716042998863	0.2270237426646803	0.09497430500518547	0.09126528645527299	0.7538514207463197	-0.04855447157912072	0.0	
0.125	0.0	0.48507375607996883	0.3810254913738812	0.188025902687538	0.14769037801836973	0.747165202730691	0.0	0.0	0.3187284452497102	0.27680058581166994	0.1234291062865555	0.1071936049176296	0.7538514207463197	-0.008897062600289487	0.0	
0.25	0.0	0.4678768937597173	0.3592151788554154	0.1787145529906749	0.13720935079389243	0.7467369944904474	0.0	0.0	0.3852407331949107	0.308956393115985	0.1470730967665778	0.11795237405264743	0.7538514207463197	-0.02179959538017896	0.0	
0.5	0.0	0.4620684027623986	0.35189639611721574	0.17538496410244334	0.13356774987058168	0.7520614050222075	0.0	0.0	0.4370277929137879	0.33582567296593546	0.165825357396524	0.12742579136579318	0.7538514207463197	-0.012804206688337524	0.0	
1.0	0.0	0.45982673643803124	0.34907315627177943	0.17412148567783564	0.13218271385195443	0.7545310722875214	0.0	0.0	0.45788462113410083	0.3472515467150572	0.17334749289456255	0.13146366119146496	0.7538514207463197	0.011216176067544057	0.0	
2.0	0.11485912774990352	0.46391518459632797	0.37480721933723327	0.21436663806930775	0.1805115330288641	0.7708343890455283	0.11432443460756422	0.11485912774990352	0.46391518459632797	0.37480721933723327	0.21436663806930775	0.1805115330288641	0.7708343890455283	0.11432443460756422	0.11432443460756422	
4.0	0.24511572392043926	0.48865180327997393	0.421157538074425	0.29426228853125613	0.268340922959111	0.7977279774203451	0.2531337304397658	0.24511572392043926	0.48865180327997393	0.421157538074425	0.29426228853125613	0.268340922959111	0.7977279774203451	0.2531337304397658	0.2531337304397658	
8.0	0.6168056505321349	0.5471640445111116	0.5432371695003826	0.4271405517133027	0.42439631893163093	0.8680735491469663	0.6430025294054094	0.6168056505321349	0.5471640445111116	0.5432371695003826	0.4271405517133027	0.42439631893163093	0.8680735491469663	0.6430025294054094	0.6430025294054094	
16.0	0.639328928419524	0.5626567456160925	0.560696104738468	0.48990886188554467	0.4883506835780085	0.8727263771928426	0.6591415122840669	0.639328928419524	0.5626567456160925	0.560696104738468	0.48990886188554467	0.4883506835780085	0.8727263771928426	0.6591415122840669	0.6591415122840669	
32.0	0.6400193091052409	0.5675687364341462	0.5642189607626726	0.4420229763817608	0.43941416846570364	0.8772319632603042	0.6680398600601658	0.6400193091052409	0.5675687364341462	0.5642189607626726	0.4420229763817608	0.43941416846570364	0.8772319632603042	0.6680398600601658	0.6680398600601658	
64.0	0.6370652799541018	0.5578207875364157	0.5551107980872111	0.45792890383412466	0.4558183554691368	0.8721120619576486	0.658963175390412	0.6370652799541018	0.5578207875364157	0.5551107980872111	0.45792890383412466	0.4558183554691368	0.8721120619576486	0.658963175390412	0.658963175390412	
128.0	0.629944361571559	0.5631621360157489	0.5600942834158344	0.4633204996759943	0.4609145441410288	0.8729858604047813	0.6566663288238676	0.629944361571559	0.5631621360157489	0.5600942834158344	0.4633204996759943	0.4609145441410288	0.8729858604047813	0.6566663288238676	0.6566663288238676	
256.0	0.6352590020000127	0.5698290559475044	0.5661437421164404	0.4437833149887559	0.44091318969125914	0.876905715833729	0.6659994836082773	0.6352590020000127	0.5698290559475044	0.5661437421164404	0.4437833149887559	0.44091318969125914	0.876905715833729	0.6659994836082773	0.6659994836082773	
