0.03125	0.2467036743325403	0.4886313159387899	0.45572837437790803	0.2859252508561113	0.26730715028264446	0.7086041251777605	0.25572862347778313	0.011738379036190003	0.15745455287082635	0.1567798510075267	0.08877870728128341	0.08835554050171938	0.7550170982180353	0.031727790641009536	0.09918124219907357	
0.0625	0.22802472187441114	0.5016763587277374	0.4635430259497973	0.27574457567532684	0.25517884432599164	0.7471215289958291	0.2885860372379084	0.025996097120720173	0.21543463187670447	0.21366813339239044	0.11200128396144651	0.11111635234798496	0.7569670508550329	0.05464655724630887	0.1330712977097473	
0.125	0.18861594727633707	0.44912411076059494	0.409941590110693	0.21653330391586553	0.19769441677772112	0.7682628263805245	0.25939918562588593	0.05904641930228819	0.27390307320259866	0.25881969552117107	0.1289112081448459	0.12185194392220107	0.7598550192452229	0.10399135286006374	0.15551157373085378	
0.25	0.21730944382227846	0.4053063486472749	0.37504811501580226	0.2038892658302817	0.18880358636872646	0.7706552056202683	0.2799082005716244	0.13163069928654522	0.3168133680169206	0.29332824942981117	0.1544513322149752	0.1430554209251016	0.7674727408987342	0.16293035846735204	0.21810263573953143	
0.5	0.26627215663897125	0.410440153173156	0.3870946658376532	0.22147789820345065	0.20903698902353382	0.7828824994819887	0.32183441957319736	0.22563265835078097	0.378334863554823	0.3533477668794178	0.19516466464405846	0.18236000849009593	0.7791756602094091	0.26759745543948227	0.29255899367388	
1.0	0.4900596414049203	0.4932547768619414	0.4837638639596394	0.3176165756369437	0.3117656804848227	0.8335552040007383	0.5236649367870185	0.47828412559590117	0.48622603205080095	0.475451223935537	0.28957738548293277	0.28327502179068104	0.8303565657270642	0.5164418756848231	0.5135042206950018	
2.0	0.5524365550604327	0.523841778643833	0.5157908731793497	0.3556413518946081	0.3503250855509738	0.8530651782584059	0.5904062976623667	0.5524365550604327	0.523841778643833	0.5157908731793497	0.3556413518946081	0.3503250855509738	0.8530651782584059	0.5904062976623667	0.5904062976623667	
4.0	0.6166280269999185	0.5521871726970902	0.5473478517554021	0.3950631305785765	0.39171352479662974	0.8694642531559336	0.6440527322077431	0.6166280269999185	0.5521871726970902	0.5473478517554021	0.3950631305785765	0.39171352479662974	0.8694642531559336	0.6440527322077431	0.6440527322077431	
8.0	0.5715819955904408	0.5294178358585331	0.5230603857975049	0.3672871034224787	0.3629728993140059	0.8556835370226576	0.6002997403547728	0.5715819955904408	0.5294178358585331	0.5230603857975049	0.3672871034224787	0.3629728993140059	0.8556835370226576	0.6002997403547728	0.6002997403547728	
16.0	0.6476799274851024	0.5608411784764484	0.5574774836062968	0.4136231771213804	0.4112013678376618	0.8780768492090463	0.6719789290805884	0.6476799274851024	0.5608411784764484	0.5574774836062968	0.4136231771213804	0.4112013678376618	0.8780768492090463	0.6719789290805884	0.6719789290805884	
32.0	0.5949953921055091	0.5390043619527288	0.5335241735649309	0.3725929484212359	0.368827885826134	0.8629005682058312	0.6236249290746991	0.5949953921055091	0.5390043619527288	0.5335241735649309	0.3725929484212359	0.368827885826134	0.8629005682058312	0.6236249290746991	0.6236249290746991	
64.0	0.6130855819152077	0.5466363655676878	0.5412937261904441	0.3781379803309469	0.37448152084228825	0.8693740783716695	0.6431871655944145	0.6130855819152077	0.5466363655676878	0.5412937261904441	0.3781379803309469	0.37448152084228825	0.8693740783716695	0.6431871655944145	0.6431871655944145	
128.0	0.5979858992524527	0.5420649543248217	0.5368673317879094	0.3867726926623745	0.38312431681221415	0.8639956048113376	0.6266632777141776	0.5979858992524527	0.5420649543248217	0.5368673317879094	0.3867726926623745	0.38312431681221415	0.8639956048113376	0.6266632777141776	0.6266632777141776	
256.0	0.5992995034541554	0.5504871821298275	0.5449394509000532	0.3934666462299984	0.38965120234195305	0.8645559966537221	0.6281776771094228	0.5992995034541554	0.5504871821298275	0.5449394509000532	0.3934666462299984	0.38965120234195305	0.8645559966537221	0.6281776771094228	0.6281776771094228	
