0.03125	0.27004282405381597	0.49237688518981626	0.46149023645619386	0.29202818411027853	0.2742814168575797	0.7140145991708846	0.27968732091093007	0.013029376843887113	0.15758304222116568	0.15685027991843586	0.08974301108966597	0.08928578964649722	0.7552020372622087	0.04152548809356386	0.107438877020493	
0.0625	0.2369609392446749	0.5002776119719219	0.46347686899414364	0.2749271837590684	0.25507073382474327	0.7443088584206008	0.2838535290369687	0.027163872029296775	0.21450309450248745	0.21282851702480143	0.11151422684893844	0.1106748936100409	0.7567627680640012	0.05672246392695192	0.1317176285838753	
0.125	0.22815126556152943	0.45115630887208374	0.41574100227307687	0.22142877704651726	0.2040943395403516	0.7750770687498031	0.29813029500395405	0.07176622546324425	0.272737564659434	0.2589275593065956	0.13013131801593547	0.12359311311116956	0.761687913967467	0.12912363171966276	0.17741384227203963	
0.25	0.26997883218404584	0.4359164325234393	0.40869714814722596	0.22398204554699896	0.21012463695513578	0.7790754012178157	0.3238959279684733	0.16373836606980036	0.33688843121561546	0.3147458360391137	0.16684583286474836	0.15596804280235538	0.7719968936394164	0.20507026345962537	0.25089620064234885	
0.5	0.4039924003112776	0.4477909447416499	0.43338652407286515	0.2544028144935503	0.24629732310397784	0.8075424214779421	0.43462367678183933	0.3458952586858989	0.40813228023298553	0.3907079124192546	0.21926843791493072	0.2099622436343646	0.7994108569086235	0.38337128562890727	0.393225569268376	
1.0	0.5055920443788042	0.4846560458923828	0.47732132687545603	0.32182941220912237	0.3172554207883145	0.8318721166708055	0.5254217660387334	0.49397266947358964	0.47756148683318556	0.4689813829847592	0.2900052380997897	0.2849748856167546	0.8287582547485179	0.5183759278952615	0.5152309666514014	
2.0	0.6138937725032511	0.5295322477075503	0.52687896299986	0.40049076688459345	0.39856166401015347	0.8603046016780382	0.6269287002640078	0.6138937725032511	0.5295322477075503	0.52687896299986	0.40049076688459345	0.39856166401015347	0.8603046016780382	0.6269287002640078	0.6269287002640078	
4.0	0.6353710383890938	0.5446292029416429	0.5422074027302062	0.4533266537178558	0.45169754014781943	0.8686605198410369	0.6509630886426975	0.6353710383890938	0.5446292029416429	0.5422074027302062	0.4533266537178558	0.45169754014781943	0.8686605198410369	0.6509630886426975	0.6509630886426975	
8.0	0.6369547789233818	0.5516553349989011	0.5477939794884982	0.39354051299368403	0.3908491033729248	0.8746682257944481	0.661992227843718	0.6369547789233818	0.5516553349989011	0.5477939794884982	0.39354051299368403	0.3908491033729248	0.8746682257944481	0.661992227843718	0.661992227843718	
16.0	0.6458931739117569	0.5568055458781938	0.5539931320972474	0.4218954848742861	0.41980191083404783	0.8760208156391824	0.6675183713704754	0.6458931739117569	0.5568055458781938	0.5539931320972474	0.4218954848742861	0.41980191083404783	0.8760208156391824	0.6675183713704754	0.6675183713704754	
32.0	0.6481898825183958	0.5556311258214427	0.5533840485757395	0.4327259558885858	0.4309759303700103	0.8754416679072401	0.6673591428992081	0.6481898825183958	0.5556311258214427	0.5533840485757395	0.4327259558885858	0.4309759303700103	0.8754416679072401	0.6673591428992081	0.6673591428992081	
64.0	0.6496826816729904	0.5565270747619688	0.5543787740071857	0.4334237216250597	0.43175062331496167	0.8754323080529884	0.6679343536359704	0.6496826816729904	0.5565270747619688	0.5543787740071857	0.4334237216250597	0.43175062331496167	0.8754323080529884	0.6679343536359704	0.6679343536359704	
128.0	0.6408277632338042	0.5465277707636279	0.5443794352193989	0.4256362558409827	0.423963130436837	0.8719235763003365	0.65811632794745	0.6408277632338042	0.5465277707636279	0.5443794352193989	0.4256362558409827	0.423963130436837	0.8719235763003365	0.65811632794745	0.65811632794745	
256.0	0.6553052810538708	0.5637770220279411	0.5615899238218371	0.4390699862330253	0.43736667243745736	0.8778336258460622	0.6744944003116039	0.6553052810538708	0.5637770220279411	0.5615899238218371	0.4390699862330253	0.43736667243745736	0.8778336258460622	0.6744944003116039	0.6744944003116039	
