0.03125	0.0	0.5159195242001476	0.42055949259157677	0.2175445577437621	0.17739195780653996	0.6857442431173209	0.0	0.0	0.18018894728772625	0.1797640798992576	0.07612589925739839	0.07594779348182071	0.7538514207463197	-0.050340546854188636	0.0	
0.0625	0.0	0.5006175625012246	0.40085132092934933	0.20187771077269248	0.1616520860796414	0.7144050432501572	0.0	0.0	0.2362716042998863	0.2270237426646803	0.09497430500518547	0.09126528645527299	0.7538514207463197	-0.04855447157912072	0.0	
0.125	0.0	0.48507375607996883	0.3810254913738812	0.188025902687538	0.14769037801836973	0.747165202730691	0.0	0.0	0.3187284452497102	0.27680058581166994	0.1234291062865555	0.1071936049176296	0.7538514207463197	-0.008897062600289487	0.0	
0.25	0.0	0.4678768937597173	0.3592151788554154	0.1787145529906749	0.13720935079389243	0.7467369944904474	0.0	0.0	0.3852407331949107	0.308956393115985	0.1470730967665778	0.11795237405264743	0.7538514207463197	-0.02179959538017896	0.0	
0.5	0.0	0.4620684027623986	0.35189639611721574	0.17538496410244334	0.13356774987058168	0.7520614050222075	0.0	0.0	0.4370277929137879	0.33582567296593546	0.165825357396524	0.12742579136579318	0.7538514207463197	-0.012804206688337524	0.0	
1.0	0.0	0.45982673643803124	0.34907315627177943	0.17412148567783564	0.13218271385195443	0.7545310722875214	0.0	0.0	0.45788462113410083	0.3472515467150572	0.17334749289456255	0.13146366119146496	0.7538514207463197	0.011216176067544057	0.0	
2.0	0.1134768740031898	0.46571298669959926	0.37637616043725386	0.21576676775514286	0.18173342558615305	0.7720323456398372	0.11553930983073524	0.1134768740031898	0.46571298669959926	0.37637616043725386	0.21576676775514286	0.18173342558615305	0.7720323456398372	0.11553930983073524	0.11553930983073524	
4.0	0.24296484307385185	0.4883198569950902	0.4202358499117672	0.28261717877580683	0.25639105538692913	0.7976877321921283	0.25256373961052075	0.24296484307385185	0.4883198569950902	0.4202358499117672	0.28261717877580683	0.25639105538692913	0.7976877321921283	0.25256373961052075	0.25256373961052075	
8.0	0.6135059051626849	0.5316282739687715	0.5283988390834935	0.4232443954162365	0.4208793621329461	0.8637106829283262	0.6334955345320749	0.6135059051626849	0.5316282739687715	0.5283988390834935	0.4232443954162365	0.4208793621329461	0.8637106829283262	0.6334955345320749	0.6334955345320749	
16.0	0.6234088305575758	0.5537333888309784	0.54981085714623	0.41956524993054023	0.4166376804848292	0.8719627472070604	0.6518743158206514	0.6234088305575758	0.5537333888309784	0.54981085714623	0.41956524993054023	0.4166376804848292	0.8719627472070604	0.6518743158206514	0.6518743158206514	
32.0	0.6439422870194929	0.5634468360267691	0.560863624290553	0.46303310002843184	0.4610210257422147	0.8746072265532904	0.6657203778789901	0.6439422870194929	0.5634468360267691	0.560863624290553	0.46303310002843184	0.4610210257422147	0.8746072265532904	0.6657203778789901	0.6657203778789901	
64.0	0.6452373769949792	0.5733156929606297	0.5699374597240704	0.44649871062486357	0.44386773993483325	0.8794056488481315	0.6740982359231831	0.6452373769949792	0.5733156929606297	0.5699374597240704	0.44649871062486357	0.44386773993483325	0.8794056488481315	0.6740982359231831	0.6740982359231831	
128.0	0.6385147298913708	0.5684690186376726	0.5650160164348014	0.4427241168668525	0.44003491604730904	0.8771469579257778	0.6673645421660617	0.6385147298913708	0.5684690186376726	0.5650160164348014	0.4427241168668525	0.44003491604730904	0.8771469579257778	0.6673645421660617	0.6673645421660617	
256.0	0.640248189497496	0.5715723744540671	0.5680406009202553	0.4451410128068097	0.44239046481304617	0.8781556823409302	0.6700488597657301	0.640248189497496	0.5715723744540671	0.5680406009202553	0.4451410128068097	0.44239046481304617	0.8781556823409302	0.6700488597657301	0.6700488597657301	
