0.03125	0.27004282405381597	0.49237688518981626	0.46149023645619386	0.29202818411027853	0.2742814168575797	0.7140145991708846	0.27968732091093007	0.013029376843887113	0.15758304222116568	0.15685027991843586	0.08974301108966597	0.08928578964649722	0.7552020372622087	0.04152548809356386	0.10743887702049297	
0.0625	0.24244330036408854	0.4914788199471844	0.4567879666895216	0.2749042612945762	0.25640517644972116	0.7411078961616429	0.27229351564501575	0.027293359914828313	0.20993632456084535	0.20812905009630284	0.10985026375942646	0.10895907418493125	0.7563393571520397	0.055231915716709476	0.1252025608086179	
0.125	0.2230802095153769	0.449630848518097	0.4144521230758965	0.2211752274717052	0.2039563510239179	0.7734845714090519	0.2880350083552913	0.07015126722180168	0.2717588767129626	0.25803122347133567	0.12989571734983119	0.12339458064248272	0.7611915367020325	0.12445511593928489	0.17112256547229018	
0.25	0.2631717282842861	0.42954763390640205	0.4022970676655021	0.22074296155311304	0.2069203134839333	0.77738877824355	0.3164981342221044	0.16078424541150454	0.3322330403579309	0.3102721227463564	0.16461368369861887	0.15382893356632768	0.7712369590540222	0.19937238725717718	0.2458660781803478	
0.5	0.3781981760457226	0.4523397982668291	0.435375640651797	0.2501684871457581	0.24083977831842093	0.8018857594551912	0.41335579408766837	0.3219483976376123	0.4123962500882913	0.3926884726415042	0.21704573282516285	0.20670148335332522	0.7942867510906161	0.36045430540820267	0.37303418815599515	
1.0	0.5083926457717775	0.48605220463744214	0.47919981193484373	0.36820125313900764	0.36411139019282845	0.8286924701317311	0.523666390726657	0.4977492644391714	0.47931588336435305	0.4712818327932532	0.32951100757069995	0.32501053209942177	0.8259428888374922	0.5169946513216127	0.514382454309043	
2.0	0.6231123641847824	0.5377159509924873	0.5343259292227296	0.3959214020343015	0.3935189312520605	0.86724718770572	0.6427031993645128	0.6231123641847824	0.5377159509924873	0.5343259292227296	0.3959214020343015	0.3935189312520605	0.86724718770572	0.6427031993645128	0.6427031993645128	
4.0	0.6260726738456924	0.5486408395865661	0.5437507700984561	0.37261500992522345	0.3693751802345076	0.8720450621229453	0.653014967163069	0.6260726738456924	0.5486408395865661	0.5437507700984561	0.37261500992522345	0.3693751802345076	0.8720450621229453	0.653014967163069	0.653014967163069	
8.0	0.6393307276674725	0.5498931970544246	0.5466740491478902	0.40476703192331975	0.4024534290422549	0.8741666286458779	0.6616447867930875	0.6393307276674725	0.5498931970544246	0.5466740491478902	0.40476703192331975	0.4024534290422549	0.8741666286458779	0.6616447867930875	0.6616447867930875	
16.0	0.6436787223465548	0.5535664669200762	0.5508339507072824	0.419372887645274	0.41734153789367834	0.8747324985375418	0.6643390274122779	0.6436787223465548	0.5535664669200762	0.5508339507072824	0.419372887645274	0.41734153789367834	0.8747324985375418	0.6643390274122779	0.6643390274122779	
32.0	0.6409113184901623	0.549093840579229	0.5467879770205769	0.42763471302278877	0.4258389046776546	0.8729064104903836	0.6598980106190725	0.6409113184901623	0.549093840579229	0.5467879770205769	0.42763471302278877	0.4258389046776546	0.8729064104903836	0.6598980106190725	0.6598980106190725	
64.0	0.6481082997720164	0.5564354313035851	0.5541889504212071	0.433352349627907	0.43160278855755607	0.8753700181682229	0.6671962054653382	0.6481082997720164	0.5564354313035851	0.5541889504212071	0.433352349627907	0.43160278855755607	0.8753700181682229	0.6671962054653382	0.6671962054653382	
128.0	0.6458918756968355	0.549825977047724	0.5478163253845963	0.42820490147776774	0.42663978318882306	0.8731705166155521	0.6623981162693882	0.6458918756968355	0.549825977047724	0.5478163253845963	0.42820490147776774	0.42663978318882306	0.8731705166155521	0.6623981162693882	0.6623981162693882	
256.0	0.6553868638002501	0.5629727165457987	0.5607850219763696	0.4384435924937041	0.4367398142499116	0.8779052755850791	0.6746573377454739	0.6553868638002501	0.5629727165457987	0.5607850219763696	0.4384435924937041	0.4367398142499116	0.8779052755850791	0.6746573377454739	0.6746573377454739	
