0.03125	0.24770204655174816	0.4921635396721736	0.45901369308800044	0.28867614946565395	0.26986575906670357	0.7115782729700277	0.26264916322337556	0.011740330984319102	0.15824740199051793	0.15757152343183525	0.08931016993969437	0.08888621439762703	0.7550742222572208	0.0329246232129348	0.10081736337244232	
0.0625	0.15549656439484197	0.4881844064211158	0.4398672074827442	0.24690858185401948	0.22253237721328353	0.7348623578880924	0.23049478123377337	0.01764093948469844	0.21557641021429602	0.21304357893653741	0.10555828921056468	0.10433292655690485	0.755926452484266	0.022156475769732297	0.10951550369044287	
0.125	0.14498215294197647	0.4380453075779963	0.3894501013456101	0.1988835709067117	0.17684653601503045	0.764748538265786	0.22879596556174503	0.04431071032479446	0.2721072881270758	0.2537837113904362	0.12181233212635253	0.11362555500193401	0.7588507824367772	0.07918728050701503	0.13705982407488143	
0.25	0.12338527837439486	0.40978363295306286	0.3611454331472689	0.1820656701817293	0.16053121373859414	0.7610050720770507	0.20846337747655222	0.07293905700699976	0.3270185358260732	0.29175460586371793	0.14348949370321457	0.12806443228842812	0.7619579278201186	0.09281484162425263	0.16410078841251755	
0.5	0.11060142113386609	0.39855271027224737	0.34992948290318465	0.17424387614867368	0.15300049796581747	0.7631797980649245	0.18952951364482717	0.09352685225925002	0.3738430503498501	0.3271422195145789	0.1618720672468919	0.14166785070319082	0.7631306724767187	0.13298180362194478	0.17454103085167955	
1.0	0.14475999145716548	0.39636432146175266	0.35503111228175166	0.17918157231233567	0.16054843099189647	0.7682920753227515	0.21415576662798452	0.14111547509219685	0.393976232348875	0.3517659629173268	0.1761116275696866	0.1572843685135033	0.7672104894826159	0.2085386809613782	0.21072060501666137	
2.0	0.3748607368142699	0.47975681954169935	0.45675298728006625	0.273130788770214	0.2617084223438525	0.8136173404471903	0.4319502506122571	0.3748607368142699	0.47975681954169935	0.45675298728006625	0.273130788770214	0.2617084223438525	0.8136173404471903	0.4319502506122571	0.4319502506122571	
4.0	0.40313527362963963	0.47382557028800926	0.45559635888691485	0.27759333625056987	0.26786572756716326	0.8171783841261056	0.4519891687012481	0.40313527362963963	0.47382557028800926	0.45559635888691485	0.27759333625056987	0.26786572756716326	0.8171783841261056	0.4519891687012481	0.4519891687012481	
8.0	0.3278864531300153	0.4552775483657869	0.432942741569048	0.24641171898493922	0.23434240457877728	0.7985181612318615	0.38645986883269856	0.3278864531300153	0.4552775483657869	0.432942741569048	0.24641171898493922	0.23434240457877728	0.7985181612318615	0.38645986883269856	0.38645986883269856	
16.0	0.31188751597784403	0.4485370424101987	0.42549614757039383	0.2400845780641659	0.22775167577785607	0.7940313735492922	0.3677725314609943	0.31188751597784403	0.4485370424101987	0.42549614757039383	0.2400845780641659	0.22775167577785607	0.7940313735492922	0.3677725314609943	0.3677725314609943	
32.0	0.31188751597784403	0.4485370424101987	0.42549614757039383	0.2400845780641659	0.22775167577785607	0.7940313735492922	0.3677725314609943	0.31188751597784403	0.4485370424101987	0.42549614757039383	0.2400845780641659	0.22775167577785607	0.7940313735492922	0.3677725314609943	0.3677725314609943	
64.0	0.31188751597784403	0.4485370424101987	0.42549614757039383	0.2400845780641659	0.22775167577785607	0.7940313735492922	0.3677725314609943	0.31188751597784403	0.4485370424101987	0.42549614757039383	0.2400845780641659	0.22775167577785607	0.7940313735492922	0.3677725314609943	0.3677725314609943	
128.0	0.31188751597784403	0.4485370424101987	0.42549614757039383	0.2400845780641659	0.22775167577785607	0.7940313735492922	0.3677725314609943	0.31188751597784403	0.4485370424101987	0.42549614757039383	0.2400845780641659	0.22775167577785607	0.7940313735492922	0.3677725314609943	0.3677725314609943	
256.0	0.31188751597784403	0.4485370424101987	0.42549614757039383	0.2400845780641659	0.22775167577785607	0.7940313735492922	0.3677725314609943	0.31188751597784403	0.4485370424101987	0.42549614757039383	0.2400845780641659	0.22775167577785607	0.7940313735492922	0.3677725314609943	0.3677725314609943	
