0.03125	0.2539592081388168	0.44826977786965516	0.410231793370501	0.2919742888319697	0.26829161798655504	0.5986679669086714	0.23634019353804928	0.017002922406622593	0.19604233914045216	0.19530215147972027	0.11917460369269442	0.11868130694935553	0.7560338379523764	-0.03708333544134237	0.13836933704540105	
0.0625	0.21793423726230127	0.4521297774499377	0.41436038949193116	0.2520462967210734	0.23129123913906394	0.6835403224679308	0.2473815064991869	0.058358163355765415	0.2645058170546794	0.25670979480241074	0.13860836222788991	0.13483686769709427	0.7609082675853626	0.02547834396803377	0.17442549244589367	
0.125	0.2650983242000073	0.49886800856960134	0.4660632187908277	0.2731841144680174	0.2557359738602375	0.7717262749538922	0.34159461419758214	0.11204844868897601	0.3333404905185881	0.3148220188739481	0.1710634112869717	0.16191412133998645	0.7690892341546084	0.15958911480217763	0.2371823415388913	
0.25	0.2591940018351974	0.43863147040147066	0.4115267012467159	0.23648133975976765	0.22207222301132604	0.7785358817372717	0.3207118714441154	0.1748102616610235	0.35752410203946133	0.33403139440582896	0.18418079770209148	0.1721806180170453	0.7752743895798438	0.21253980277250006	0.2650926704242283	
0.5	0.4005361085482563	0.4723630170931511	0.45778835029771603	0.2960468961094723	0.28704476846542476	0.8056165949780174	0.4390577535332373	0.3296370748578098	0.41601804859863717	0.3990387832655117	0.23975487086462022	0.23003994206549624	0.7988407765409298	0.3687082427261279	0.39211499455283094	
1.0	0.48812693952843206	0.4999225763585618	0.4897031856785167	0.32781469461155055	0.32126448228653337	0.8327361964220618	0.5251397528659318	0.47251688443552264	0.485303013640089	0.4735745279660419	0.2926678477630051	0.28565559076765684	0.8313009876296673	0.5080349106437533	0.514360034709085	
2.0	0.5902334821538078	0.5343276409985035	0.5292607847655008	0.38211635928180543	0.37857924281180005	0.8602044074445161	0.6163049824264542	0.5881557893764076	0.5332644937854412	0.5279499204024836	0.37471550966579353	0.37111047999041097	0.859668878054954	0.6149080566046157	0.614567023322913	
4.0	0.599807436445492	0.5466574157581762	0.5410259253930697	0.39170780132541133	0.3878185211520102	0.8652330708461615	0.6298440476337636	0.599807436445492	0.5466574157581762	0.5410259253930697	0.39170780132541133	0.3878185211520102	0.8652330708461615	0.6298440476337636	0.6298440476337636	
8.0	0.6110766379397992	0.5440349298440177	0.540339365159249	0.4119497191065656	0.4091683464508601	0.8661583110125562	0.6358175405422748	0.6110766379397992	0.5440349298440177	0.540339365159249	0.4119497191065656	0.4091683464508601	0.8661583110125562	0.6358175405422748	0.6358175405422748	
16.0	0.5997482240617054	0.538883169729006	0.5333990948052086	0.372875102936556	0.36909980605377907	0.8650493793475393	0.629853103654382	0.5997482240617054	0.538883169729006	0.5333990948052086	0.372875102936556	0.36909980605377907	0.8650493793475393	0.629853103654382	0.629853103654382	
32.0	0.6162113210928304	0.5553108710348873	0.5494711080947754	0.37223600863619655	0.36832149847334367	0.8713246965275436	0.6477464884713744	0.6162113210928304	0.5553108710348873	0.5494711080947754	0.37223600863619655	0.36832149847334367	0.8713246965275436	0.6477464884713744	0.6477464884713744	
64.0	0.6382914716141947	0.5569774611074406	0.5525313676737873	0.38584812433955606	0.3828152055874689	0.8765168807511868	0.6660653295658232	0.6382914716141947	0.5569774611074406	0.5525313676737873	0.38584812433955606	0.3828152055874689	0.8765168807511868	0.6660653295658232	0.6660653295658232	
128.0	0.5880216673064034	0.5413212410310889	0.5348866919649007	0.362858479208029	0.3585452719817631	0.8619468409240613	0.6190664359153392	0.5880216673064034	0.5413212410310889	0.5348866919649007	0.362858479208029	0.3585452719817631	0.8619468409240613	0.6190664359153392	0.6190664359153392	
256.0	0.5970275428788229	0.5399623361923684	0.5342778959808706	0.3744425450231828	0.37057953760196266	0.8637322272833992	0.6256827578097799	0.5970275428788229	0.5399623361923684	0.5342778959808706	0.3744425450231828	0.37057953760196266	0.8637322272833992	0.6256827578097799	0.6256827578097799	
