0.03125	0.07364341085271317	0.4151064584319088	0.33306730121428396	0.18017937707100673	0.144935586267523	0.5475965789540415	-0.02676961425167358	0.008703618873110398	0.2058666578628599	0.20421346001896587	0.10379352497485701	0.10294691347804859	0.7547589889460491	-0.09727645780971488	0.047522140193008156	
0.0625	0.0	0.46600778137177973	0.3571801936554963	0.18443161254347096	0.14133303614702242	0.6551242634163408	0.0	0.0	0.2850974218763717	0.25778096088744923	0.11224252280202891	0.10164760130808885	0.7538514207463197	-0.1229465504601102	0.0	
0.125	0.0	0.47301618894865866	0.36567674007740397	0.18248908140757822	0.14107757444769214	0.7296866965360962	0.0	0.0	0.34562182454441964	0.28992199669517926	0.13306726647643694	0.11167608064029586	0.7538514207463197	-0.04482680320631367	0.0	
0.25	0.2504999417304128	0.40100733530937277	0.3558588385044839	0.27095092944189714	0.25317253141057083	0.7583204090051617	0.22260767526736425	0.182692129844818	0.32759592083159406	0.29277040251687103	0.18612214277654882	0.17194274436900833	0.7636302284275123	0.1588071961865353	0.18009293859784298	
0.5	0.18934609012343837	0.4257800660000237	0.3579826525827355	0.20573510603485703	0.179610949078785	0.7520910192037201	0.16213630593720665	0.15826490743808902	0.38195504172217987	0.32244218939355035	0.20536546244735768	0.1825166275187433	0.7585781182469296	0.12969058099117986	0.14022004323568013	
1.0	0.0	0.4582550042259747	0.34710577477803856	0.17357603790694767	0.1314752579476472	0.7512469365486883	0.0	0.0	0.45237750272849075	0.34352318615173144	0.17130987040969894	0.13008817048048857	0.7538514207463197	-0.02129564816151319	0.0	
2.0	0.5897174706667301	0.5062615212352239	0.5020240745179105	0.4025183125387758	0.39972214309628296	0.8246387787199077	0.5782354323011724	0.5880067258424091	0.503933475157828	0.5002661475980601	0.4414867473488	0.4386317682562669	0.8243162085634307	0.5771108083455745	0.5759655799492551	
4.0	0.5844508725750275	0.4972878857471528	0.49459246248758254	0.43344113601668577	0.4316150289506163	0.8361176364969396	0.5812509327224443	0.5844508725750275	0.4972878857471528	0.49459246248758254	0.43344113601668577	0.4316150289506163	0.8361176364969396	0.5812509327224443	0.5812509327224443	
8.0	0.5987349058253029	0.512587201683362	0.5098184409842539	0.4438549962934416	0.4419686183786098	0.8445280019132447	0.6011158188588697	0.5987349058253029	0.512587201683362	0.5098184409842539	0.4438549962934416	0.4419686183786098	0.8445280019132447	0.6011158188588697	0.6011158188588697	
16.0	0.5928948569472332	0.5124141157149719	0.5109755798958486	0.4697526250312384	0.4685778876625067	0.8521570598012047	0.6027936246128519	0.5928948569472332	0.5124141157149719	0.5109755798958486	0.4697526250312384	0.4685778876625067	0.8521570598012047	0.6027936246128519	0.6027936246128519	
32.0	0.6260751201058701	0.5476903089597738	0.5473324556798354	0.5476903089597738	0.5473324556798354	0.861845885342744	0.6347415812173409	0.6260751201058701	0.5476903089597738	0.5473324556798354	0.5476903089597738	0.5473324556798354	0.861845885342744	0.6347415812173409	0.6347415812173409	
64.0	0.6080767902035994	0.5349951239478138	0.5339773403362859	0.5107865771549038	0.5099170862149803	0.8571983770045024	0.6186630984901551	0.6080767902035994	0.5349951239478138	0.5339773403362859	0.5107865771549038	0.5099170862149803	0.8571983770045024	0.6186630984901551	0.6186630984901551	
128.0	0.6108023878840008	0.5298239722856753	0.5294777719441945	0.5298239722856753	0.5294777719441945	0.8548409740332573	0.6161461535020776	0.6108023878840008	0.5298239722856753	0.5294777719441945	0.5298239722856753	0.5294777719441945	0.8548409740332573	0.6161461535020776	0.6161461535020776	
256.0	0.6069728410561848	0.5215162785543821	0.5204817246297336	0.49776747318661024	0.49690759093153825	0.8554303845017301	0.6158877380297658	0.6069728410561848	0.5215162785543821	0.5204817246297336	0.49776747318661024	0.49690759093153825	0.8554303845017301	0.6158877380297658	0.6158877380297658	
