0.03125	0.049586776859504134	0.4355741087146966	0.347403338941878	0.19081919411380835	0.1521198614099785	0.5658156744314284	0.005275055254690195	0.0055376095985233045	0.2067263410012016	0.205366156204884	0.09904401510729702	0.09844217239605306	0.7546053514825959	-0.11811604792450485	0.041274118268563004	
0.0625	0.0	0.46600778137177973	0.3571801936554963	0.18443161254347096	0.14133303614702242	0.6551242634163408	0.0	0.0	0.2850974218763717	0.25778096088744923	0.11224252280202891	0.10164760130808885	0.7538514207463197	-0.1229465504601102	0.0	
0.125	0.0	0.47301618894865866	0.36567674007740397	0.18248908140757822	0.14107757444769214	0.7296866965360962	0.0	0.0	0.34562182454441964	0.28992199669517926	0.13306726647643694	0.11167608064029586	0.7538514207463197	-0.04482680320631367	0.0	
0.25	0.21109642029332315	0.4133329002407611	0.3646224705013457	0.2313088294526616	0.2111867839014659	0.760643872015683	0.20322802702153178	0.1501300524037366	0.33967821351653454	0.30155724771880743	0.1735261959537641	0.15754794134212577	0.7645719828190941	0.13663620488124462	0.16667178871610702	
0.5	0.15638591831976728	0.450382546910938	0.38059386552073476	0.23040567324345176	0.20278011116159508	0.7631347162524657	0.15678155780489472	0.128326789810061	0.41120615673788585	0.3478234690774544	0.19571265814345568	0.17045736644368326	0.7669519298101644	0.11747007147768065	0.14059920787101854	
1.0	0.0	0.4582550042259747	0.34710577477803856	0.17357603790694767	0.1314752579476472	0.7512469365486883	0.0	0.0	0.45237750272849075	0.34352318615173144	0.17130987040969894	0.13008817048048857	0.7538514207463197	-0.02129564816151319	0.0	
2.0	0.601014296635666	0.5251420241801228	0.5231374099572111	0.48384554329270263	0.4824698578773766	0.8367163019815319	0.5940136699858357	0.5993035518113449	0.5228139781027268	0.5213794830373606	0.5228139781027268	0.5213794830373606	0.8363937318250547	0.592889046030238	0.5917438176339184	
4.0	0.5653630978328235	0.47156131867016765	0.47055632579528234	0.45335327866729624	0.45253588448765425	0.8357256168375145	0.5629506919765681	0.5653630978328235	0.47156131867016765	0.47055632579528234	0.45335327866729624	0.45253588448765425	0.8357256168375145	0.5629506919765681	0.5629506919765681	
8.0	0.5830795164894274	0.5018648463210745	0.5002535640388664	0.45925746287195973	0.4579628053667859	0.8479218964564106	0.591551168741502	0.5830795164894274	0.5018648463210745	0.5002535640388664	0.45925746287195973	0.4579628053667859	0.8479218964564106	0.591551168741502	0.591551168741502	
16.0	0.5882530997713292	0.5035210338192387	0.5019391482191536	0.45962343651639115	0.4583552506497668	0.8494109496798284	0.5967737747232136	0.5882530997713292	0.5035210338192387	0.5019391482191536	0.45962343651639115	0.4583552506497668	0.8494109496798284	0.5967737747232136	0.5967737747232136	
32.0	0.603643940131795	0.5180576287041647	0.5158192472373692	0.44990952960762504	0.4481432196179875	0.8591139539019002	0.6206272712525994	0.603643940131795	0.5180576287041647	0.5158192472373692	0.44990952960762504	0.4481432196179875	0.8591139539019002	0.6206272712525994	0.6206272712525994	
64.0	0.6102420950235071	0.5391699907215787	0.53805483952389	0.5140379666675308	0.5130926457752594	0.8584189600797197	0.6219134849902883	0.6102420950235071	0.5391699907215787	0.53805483952389	0.5140379666675308	0.5130926457752594	0.8584189600797197	0.6219134849902883	0.6219134849902883	
128.0	0.6075002096774124	0.5272058381824443	0.5262096644079008	0.5043473078144947	0.5035056011527247	0.8563860072298622	0.6172980141547406	0.6075002096774124	0.5272058381824443	0.5262096644079008	0.5043473078144947	0.5035056011527247	0.8563860072298622	0.6172980141547406	0.6172980141547406	
256.0	0.604014955046446	0.5265000251960342	0.5240204821303911	0.4570794781836881	0.45511662282922083	0.8609132222354259	0.6242220177217235	0.604014955046446	0.5265000251960342	0.5240204821303911	0.4570794781836881	0.45511662282922083	0.8609132222354259	0.6242220177217235	0.6242220177217235	
