0.03125	0.07364341085271317	0.4151064584319088	0.33306730121428396	0.18017937707100673	0.144935586267523	0.5475965789540415	-0.02676961425167358	0.008703618873110398	0.2058666578628599	0.20421346001896587	0.10379352497485701	0.10294691347804859	0.7547589889460491	-0.09727645780971488	0.047522140193008156	
0.0625	0.0	0.46600778137177973	0.3571801936554963	0.18443161254347096	0.14133303614702242	0.6551242634163408	0.0	0.0	0.2850974218763717	0.25778096088744923	0.11224252280202891	0.10164760130808885	0.7538514207463197	-0.1229465504601102	0.0	
0.125	0.0	0.47301618894865866	0.36567674007740397	0.18248908140757822	0.14107757444769214	0.7296866965360962	0.0	0.0	0.34562182454441964	0.28992199669517926	0.13306726647643694	0.11167608064029586	0.7538514207463197	-0.04482680320631367	0.0	
0.25	0.22953915114330212	0.4072253572905155	0.3597652637842156	0.2453855339791467	0.22620688296566901	0.7596999320549629	0.21250355947389554	0.1616598389358527	0.33340179829462013	0.29609447972612396	0.1753089335562646	0.15982072429790567	0.7636479789328521	0.14638120105711583	0.17054784843562384	
0.5	0.17107078591884836	0.42948866807209124	0.3624418913950332	0.24375496401316638	0.21800240908239812	0.7551979121879515	0.149898598180288	0.14206083451030277	0.389538786480233	0.32902678491849746	0.19462503245548324	0.17101935892814846	0.7608028972737038	0.11573452959144308	0.13306022383683408	
1.0	0.0	0.4582550042259747	0.34710577477803856	0.17357603790694767	0.1314752579476472	0.7512469365486883	0.0	0.0	0.45237750272849075	0.34352318615173144	0.17130987040969894	0.13008817048048857	0.7538514207463197	-0.02129564816151319	0.0	
2.0	0.6156702455404229	0.5289139602260816	0.5230230144494467	0.37390862423374416	0.37019588504754175	0.8336937731478482	0.6083884051728703	0.6139595007161021	0.5265859141486857	0.521265087529596	0.41287705904376837	0.40910551020752567	0.8333712029913711	0.6072637812172725	0.6061185528209532	
4.0	0.5984930615318136	0.5198891186722188	0.5170235888316788	0.44754463011161727	0.44560895809776546	0.8436680968920781	0.5990095643965249	0.5984930615318136	0.5198891186722188	0.5170235888316788	0.44754463011161727	0.44560895809776546	0.8436680968920781	0.5990095643965249	0.5990095643965249	
8.0	0.6016993542962223	0.5237639262295211	0.520858267577046	0.4525594381221637	0.45056644397404877	0.8460748991751419	0.6054668470644609	0.6016993542962223	0.5237639262295211	0.520858267577046	0.4525594381221637	0.45056644397404877	0.8460748991751419	0.6054668470644609	0.6054668470644609	
16.0	0.604172363652144	0.5179646544828596	0.5171035230437548	0.49787125147713773	0.4971456789049191	0.8534697463326463	0.6108338787012053	0.604172363652144	0.5179646544828596	0.5171035230437548	0.49787125147713773	0.4971456789049191	0.8534697463326463	0.6108338787012053	0.6108338787012053	
32.0	0.621950141702244	0.5397976828224167	0.5394706768983918	0.5397976828224167	0.5394706768983918	0.8595732528081104	0.6291559511620852	0.621950141702244	0.5397976828224167	0.5394706768983918	0.5397976828224167	0.5394706768983918	0.8595732528081104	0.6291559511620852	0.6291559511620852	
64.0	0.6080767902035994	0.5349951239478138	0.5339773403362859	0.5107865771549038	0.5099170862149803	0.8571983770045024	0.6186630984901551	0.6080767902035994	0.5349951239478138	0.5339773403362859	0.5107865771549038	0.5099170862149803	0.8571983770045024	0.6186630984901551	0.6186630984901551	
128.0	0.6091492438677737	0.5271133479967428	0.5262711448054165	0.5051700970733262	0.504445158288374	0.8564931084682484	0.6179035267712523	0.6091492438677737	0.5271133479967428	0.5262711448054165	0.5051700970733262	0.504445158288374	0.8564931084682484	0.6179035267712523	0.6179035267712523	
256.0	0.6068457114538617	0.5173271362050482	0.5163303343568029	0.4935783308372764	0.49275620065860737	0.8545732290596042	0.6145858122594531	0.6068457114538617	0.5173271362050482	0.5163303343568029	0.4935783308372764	0.49275620065860737	0.8545732290596042	0.6145858122594531	0.6145858122594531	
