0.03125	0.30271353359702713	0.4613165590479394	0.4292088671912124	0.3166263359076241	0.2956583257361995	0.6041826117798899	0.2584425316943425	0.020757789023066023	0.19814997500626466	0.19723978860677738	0.12472602900334614	0.12411749645734967	0.756403194215152	-0.013382445488290984	0.15094856896890232	
0.0625	0.253160292093982	0.46271135431841104	0.42906656488361633	0.277279346239302	0.2581155296292301	0.692279293712125	0.2760633329382397	0.070600387733692	0.26099912380998064	0.2553332288317623	0.14271399048954234	0.1397997387044564	0.7620624114663604	0.04507479747215198	0.187052360149157	
0.125	0.30968418629734956	0.46844254332502117	0.44703714254084065	0.2818584753126693	0.26957118818134973	0.7679363456352684	0.33993794691282747	0.1384721512237307	0.30855224650127544	0.29564681940100684	0.1693291752104295	0.16255675535356373	0.7679934614231942	0.17752577248534152	0.23607501619087118	
0.25	0.3438546268791894	0.4136600734906485	0.3996997752270611	0.262826256509807	0.25440430903136024	0.7823675439228854	0.3610358855181974	0.23675331112153541	0.3296593579674597	0.31579867321609034	0.19179357885377615	0.18392507090669602	0.7767823949810588	0.2591402734641813	0.2933924011586487	
0.5	0.48064420647109596	0.4712055855066438	0.46427843087248155	0.3316769150025999	0.3271598158749897	0.8135363302472307	0.4881416209655781	0.4044670640970243	0.4119885232901277	0.40234120850425475	0.25775140921067724	0.2519101120443246	0.8066645143875114	0.42285099036442697	0.43491385235950464	
1.0	0.6318705074892927	0.5289331652807127	0.5280114406564431	0.42446515056850115	0.42381090996571036	0.8554060657152774	0.6310639696035013	0.6140401987988426	0.5089312161673053	0.5073761320135526	0.35646944541678866	0.35546109709152834	0.8527595554610071	0.6168993556153204	0.6155462344301401	
2.0	0.6672976106944372	0.5741518543815857	0.5731124691576596	0.5001375919711009	0.4993113388282602	0.8752551483536448	0.6776373926290445	0.6652046751480625	0.572542711166688	0.5714609824257264	0.47490696882664823	0.474048287959675	0.8746872324737888	0.6763428692247838	0.6755737387370568	
4.0	0.6513878853167269	0.555030944294338	0.5534443298158986	0.45814762436078843	0.4569119606452713	0.8731878393250296	0.6653169492137986	0.6513878853167269	0.555030944294338	0.5534443298158986	0.45814762436078843	0.4569119606452713	0.8731878393250296	0.6653169492137986	0.6653169492137986	
8.0	0.6498396958616801	0.5509013393674433	0.5485980492474499	0.41709194218047496	0.41538884110463864	0.8750299475206009	0.667464652246616	0.6498396958616801	0.5509013393674433	0.5485980492474499	0.41709194218047496	0.41538884110463864	0.8750299475206009	0.667464652246616	0.667464652246616	
16.0	0.6515720973811416	0.5506011294671008	0.5491192728130316	0.4541096462063571	0.45295509233935205	0.8730364143016628	0.6653017403936525	0.6515720973811416	0.5506011294671008	0.5491192728130316	0.4541096462063571	0.45295509233935205	0.8730364143016628	0.6653017403936525	0.6653017403936525	
32.0	0.6478307356500621	0.5461350832516638	0.5443592246213904	0.42533043049916264	0.4239473904072816	0.872928310175673	0.6629746813948589	0.6478307356500621	0.5461350832516638	0.5443592246213904	0.42533043049916264	0.4239473904072816	0.872928310175673	0.6629746813948589	0.6629746813948589	
64.0	0.6428586608239801	0.5432539743321049	0.5415931237003436	0.4469927014827954	0.44569886244187734	0.8700650658377205	0.6565991207332401	0.6428586608239801	0.5432539743321049	0.5415931237003436	0.4469927014827954	0.44569886244187734	0.8700650658377205	0.6565991207332401	0.6565991207332401	
128.0	0.6441366066797214	0.5451579740701917	0.5432490407978967	0.424569457103486	0.42308277837619157	0.872172510528007	0.659995332688993	0.6441366066797214	0.5451579740701917	0.5432490407978967	0.424569457103486	0.42308277837619157	0.872172510528007	0.659995332688993	0.659995332688993	
256.0	0.6487745099334924	0.5467338897726496	0.5449426758551531	0.4257967814866147	0.42440178268501993	0.8733700726330584	0.6639968837872964	0.6487745099334924	0.5467338897726496	0.5449426758551531	0.4257967814866147	0.42440178268501993	0.8733700726330584	0.6639968837872964	0.6639968837872964	
