0.03125	0.4893307510794881	0.4804565762999623	0.46709017791320007	0.404919209559701	0.3961529805320797	0.6203452128265927	0.3302512389236866	0.03503648458971489	0.199256981999732	0.19718606940918715	0.141438389113024	0.13984604421223015	0.7578573111005723	0.08007119302668625	0.19106145497533047	
0.0625	0.41269211330296524	0.4536673885183108	0.4409436654416439	0.32538227407390774	0.3174414217091221	0.7007100806991836	0.32419312554432267	0.10348941889140391	0.24357728182539007	0.24094295574764918	0.14974784471260497	0.14840176551472922	0.7558285784602002	0.12307696203833599	0.20717485129110563	
0.125	0.38732879715406926	0.4444670184874077	0.4339773974410107	0.28674179611334133	0.28034201536833636	0.7475389588586032	0.34463652940333533	0.18342966370917688	0.2795789771577005	0.27308366993183475	0.16220799825583837	0.15864016147956794	0.7547750239854442	0.19604306199876148	0.22723609852066873	
0.25	0.41598377348033483	0.42929943216294186	0.42198858272194384	0.30288716384594394	0.29834464086825685	0.7774969242380425	0.39349401005549134	0.2918877802891277	0.33572540834560416	0.32648897092722196	0.20687714081945469	0.20142369486919648	0.7740696503584454	0.2999236166839078	0.3153979547335627	
0.5	0.6551540001458307	0.5641709925884282	0.5633800516123454	0.4483748577222587	0.447675337396421	0.8516161089895462	0.6447014507260478	0.5535268871213561	0.47504077055125454	0.4724228822735812	0.3203507220123919	0.3186161002509569	0.8345083279263911	0.5779996359302402	0.5603097173170426	
1.0	0.6323484188402733	0.5501870067967697	0.5484337502765891	0.4559347208464925	0.45479534750325123	0.8552513036057995	0.6318171694584074	0.6144687635927827	0.5305061658020441	0.5278457202098474	0.3932094847235902	0.3915804014603482	0.8525181790501302	0.617025402611259	0.6168793709505446	
2.0	0.6602678930811756	0.5732417328138155	0.5695201765522767	0.4262243426150215	0.4237785388684371	0.8668976115543027	0.6693941346640624	0.6582469320181453	0.571231374159671	0.5676087996791583	0.39947442724970544	0.39713352295795773	0.8663526506436356	0.66813336521075	0.6671574213925588	
4.0	0.6639905777793776	0.5579721443453363	0.557041787416381	0.48371892671003563	0.4829900816211715	0.8743295974271679	0.6741773615185139	0.6639905777793776	0.5579721443453363	0.557041787416381	0.48371892671003563	0.4829900816211715	0.8743295974271679	0.6741773615185139	0.6741773615185139	
8.0	0.655473029844245	0.5503113456918179	0.5491403307043611	0.45400052950770664	0.45308520015079773	0.8714541195672447	0.6654544010994664	0.655473029844245	0.5503113456918179	0.5491403307043611	0.45400052950770664	0.45308520015079773	0.8714541195672447	0.6654544010994664	0.6654544010994664	
16.0	0.6527320899956034	0.5465503988316542	0.5451986697162267	0.425653878598081	0.4246011509044855	0.8723790330162927	0.6645127426711283	0.6527320899956034	0.5465503988316542	0.5451986697162267	0.425653878598081	0.4246011509044855	0.8723790330162927	0.6645127426711283	0.6645127426711283	
32.0	0.6640843736490452	0.5598880546583547	0.558670523886921	0.46113794261031327	0.4601862686209957	0.8770973249323475	0.677471792505637	0.6640843736490452	0.5598880546583547	0.558670523886921	0.46113794261031327	0.4601862686209957	0.8770973249323475	0.677471792505637	0.677471792505637	
64.0	0.6520896738635836	0.5482655076888826	0.5466470348476513	0.4269896067191432	0.42572913880301233	0.8737704355031859	0.6663404833960298	0.6520896738635836	0.5482655076888826	0.5466470348476513	0.4269896067191432	0.42572913880301233	0.8737704355031859	0.6663404833960298	0.6663404833960298	
128.0	0.6472958277988675	0.5434214794853508	0.5418633270476445	0.4232170737610127	0.4220035834223822	0.8714863604652392	0.6603716147325512	0.6472958277988675	0.5434214794853508	0.5418633270476445	0.4232170737610127	0.4220035834223822	0.8714863604652392	0.6603716147325512	0.6603716147325512	
256.0	0.6531955094633373	0.5514738798600455	0.5497032704694009	0.4294882894784292	0.4281093374984817	0.8751710769994612	0.6690721223311931	0.6531955094633373	0.5514738798600455	0.5497032704694009	0.4294882894784292	0.4281093374984817	0.8751710769994612	0.6690721223311931	0.6690721223311931	
