0.03125	0.6014866711009368	0.5288842472830139	0.5107756881725196	0.3322463854873381	0.3214599565856644	0.6476621131585433	0.4248326939957251	0.048611242757420875	0.2007054868599031	0.19704542078962056	0.17014609303758277	0.16654768246316162	0.7597071004082714	0.17298197803065218	0.22434512022743935	
0.0625	0.4351267916946556	0.43971916957204293	0.43008357776304723	0.3326762252940729	0.3266370575003003	0.6813631655517254	0.31733197545143177	0.11260596446025177	0.23114218649573887	0.22998771411400248	0.1510664957133939	0.15045700673315815	0.7448975430547348	0.12748516412806712	0.20169469941860205	
0.125	0.4405109589275395	0.46193577050717255	0.45551762979193916	0.336681190213299	0.3329092237819291	0.7458600536179436	0.37783320882456256	0.20652967244302758	0.27839737259303593	0.27356592592726775	0.17234654071107675	0.16966468496512005	0.7505789808688195	0.22469208644845792	0.2400202628784184	
0.25	0.4329936568115624	0.37424523323601705	0.37315719352522275	0.32336405042602323	0.3224848393448398	0.7434063245873523	0.3454445280252929	0.30378610512007304	0.28008808191066964	0.2765266932529781	0.19888765076598242	0.19639270815665316	0.7470663731705844	0.2677776308637121	0.2637231325981816	
0.5	0.4958016766504709	0.4152793639199401	0.41297783778751035	0.3391020316446591	0.3375234550234736	0.7844901428805549	0.4523356889097352	0.42381006488637646	0.3602369618602068	0.35670535932491465	0.28731598469233216	0.28464418726138196	0.7840274423379625	0.40121254576668797	0.40158831677780416	
1.0	0.5669381488241201	0.475141111178557	0.47318787986492283	0.36910631439593267	0.36784147412959967	0.8115326755726106	0.535375899520838	0.5508369139198008	0.4563772469661327	0.45416664805652324	0.30752310795734805	0.30612116644659115	0.810284043130809	0.5225995850873334	0.5212804141428645	
2.0	0.6302371962444557	0.5155741941694877	0.5078998710880722	0.31271155612042867	0.3080568438790099	0.817397505784059	0.6066819254636319	0.6282415855076426	0.5126009444173133	0.5055752428259973	0.3572937788224926	0.3525796933411314	0.8168436182180583	0.605374956229304	0.6040687423232374	
4.0	0.672117913405063	0.5831361277521101	0.5744719429655641	0.35368994026775785	0.348434846553302	0.8423183167187396	0.6631660615455145	0.672117913405063	0.5831361277521101	0.5744719429655641	0.35368994026775785	0.348434846553302	0.8423183167187396	0.6631660615455145	0.6631660615455145	
8.0	0.6784529721075818	0.5923800891641944	0.5849695842640832	0.4005146737574524	0.3959506567837079	0.8495606064250399	0.6724200220799492	0.6784529721075818	0.5923800891641944	0.5849695842640832	0.4005146737574524	0.3959506567837079	0.8495606064250399	0.6724200220799492	0.6724200220799492	
16.0	0.675879301122351	0.5967874805318579	0.5879162471563257	0.3619699042752281	0.3565892292435019	0.844618998567128	0.6684412586433179	0.675879301122351	0.5967874805318579	0.5879162471563257	0.3619699042752281	0.3565892292435019	0.844618998567128	0.6684412586433179	0.6684412586433179	
32.0	0.6861797589528658	0.6090653716248597	0.6000381342352413	0.3694168216597464	0.3639415254104386	0.8505487138836715	0.6816259090865527	0.6861797589528658	0.6090653716248597	0.6000381342352413	0.3694168216597464	0.3639415254104386	0.8505487138836715	0.6816259090865527	0.6816259090865527	
64.0	0.6791158324036634	0.5923856221696575	0.5851864409334628	0.4029461939398124	0.398561836103572	0.8509196879558442	0.6738656655395452	0.6791158324036634	0.5923856221696575	0.5851864409334628	0.4029461939398124	0.398561836103572	0.8509196879558442	0.6738656655395452	0.6738656655395452	
128.0	0.6861997226074896	0.6102181519312561	0.6011573508425766	0.3701160182594887	0.364620364597647	0.8505860987287436	0.6818673505050409	0.6861997226074896	0.6102181519312561	0.6011573508425766	0.3701160182594887	0.364620364597647	0.8505860987287436	0.6818673505050409	0.6818673505050409	
256.0	0.6861997226074896	0.6102181519312561	0.6011573508425766	0.3701160182594887	0.364620364597647	0.8505860987287436	0.6818673505050409	0.6861997226074896	0.6102181519312561	0.6011573508425766	0.3701160182594887	0.364620364597647	0.8505860987287436	0.6818673505050409	0.6818673505050409	
