0.03125	0.24224109086923468	0.44088176854608896	0.40095599563594087	0.2809797745188697	0.2574071124888381	0.5978628649052335	0.23329490769974798	0.015159278534609539	0.19328317068474124	0.19262190216617697	0.11285178044297553	0.11241286991546535	0.7557719323534993	-0.04940570873021815	0.13134629495633948	
0.0625	0.18556770067608858	0.4443769482238894	0.40291797411424657	0.23640291137609762	0.2141869270183432	0.6746463537825733	0.21070456300457754	0.047341772146600916	0.2618078429776053	0.2535205061674891	0.1338272527009082	0.12982521310296835	0.7586720316758118	0.001523197226796527	0.15345998889042964	
0.125	0.25584566615299814	0.45553207467490564	0.4281564690588862	0.2562997154664195	0.24122336270667066	0.7618573250371912	0.3065352885048361	0.11122221330463193	0.3046477602540786	0.28929061734355804	0.16027235602775983	0.15245669275879337	0.7655721431792155	0.14296847262837556	0.21429156128907922	
0.25	0.2479711885914882	0.34774296763108165	0.3297167309454288	0.19869301981757803	0.1887053505301876	0.7597453750755274	0.25760544490526305	0.1721769676491371	0.28480523384848694	0.26879121071165196	0.15353904261663293	0.14503960618088502	0.7634815058340282	0.17036330255898494	0.21393509701199878	
0.5	0.3301153243446322	0.3951120497042872	0.3801412293021286	0.2522597298221329	0.24329081861567325	0.784890126017455	0.36041379514874566	0.2774942453664374	0.3540935700525073	0.3381014536398364	0.20686014606126765	0.1978806316405896	0.7847553508222571	0.29474956393937657	0.32712493232328166	
1.0	0.4921246210987186	0.4449086659420825	0.44018095629647186	0.33878640519842196	0.3355634096501044	0.8167255817838802	0.49152832135923796	0.4782398091972236	0.43276695280151073	0.4267351872323243	0.30479808754201426	0.3010892309019656	0.8160441425862862	0.47749575926139515	0.4820925009383001	
2.0	0.6210770564200648	0.5184019965251077	0.5172205543491325	0.4758305482909596	0.47478558376848434	0.8506480397355757	0.6197303031529156	0.61898412087369	0.5167928533102101	0.5155690676171993	0.45059992514650704	0.44952253289989913	0.8500801238557196	0.6184357797486548	0.6176666492609278	
4.0	0.6664690718068453	0.5634179999634824	0.562343837175937	0.4859727331373948	0.48512807198518465	0.8747711662439228	0.6764065347772803	0.6664690718068453	0.5634179999634824	0.562343837175937	0.4859727331373948	0.48512807198518465	0.8747711662439228	0.6764065347772803	0.6764065347772803	
8.0	0.655872219637091	0.5561362666998628	0.5542082330527593	0.4463726097229671	0.4449504559993177	0.8745261253971585	0.6706935733546412	0.655872219637091	0.5561362666998628	0.5542082330527593	0.4463726097229671	0.4449504559993177	0.8745261253971585	0.6706935733546412	0.6706935733546412	
16.0	0.6486230870819638	0.5459672965901395	0.5438473345527666	0.41303538528864453	0.411467099552049	0.8735604384762523	0.6645222440993455	0.6486230870819638	0.5459672965901395	0.5438473345527666	0.41303538528864453	0.411467099552049	0.8735604384762523	0.6645222440993455	0.6645222440993455	
32.0	0.642493535333328	0.5448134456580944	0.5427602399144094	0.42430113810635417	0.4227020998653656	0.8722753778040306	0.6594480879280803	0.642493535333328	0.5448134456580944	0.5427602399144094	0.42430113810635417	0.4227020998653656	0.8722753778040306	0.6594480879280803	0.6594480879280803	
64.0	0.6393271130382824	0.5423762059220962	0.5402912661313551	0.42240301389142604	0.4207792611497402	0.871185307361006	0.6562299496473354	0.6393271130382824	0.5423762059220962	0.5402912661313551	0.42240301389142604	0.4207792611497402	0.871185307361006	0.6562299496473354	0.6562299496473354	
128.0	0.6398778866825209	0.5437166081907054	0.5416076941667887	0.4234469202278497	0.421804496334593	0.8714677555687297	0.656886444133428	0.6398778866825209	0.5437166081907054	0.5416076941667887	0.4234469202278497	0.421804496334593	0.8714677555687297	0.656886444133428	0.656886444133428	
256.0	0.6509986051396639	0.5486073586109835	0.5471014223305787	0.45187883219009956	0.4507060010664568	0.8723673839064741	0.6642054953127307	0.6509986051396639	0.5486073586109835	0.5471014223305787	0.45187883219009956	0.4507060010664568	0.8723673839064741	0.6642054953127307	0.6642054953127307	
