0.03125	0.43560126987415176	0.4779966072833618	0.4603412572295206	0.39377091177722157	0.3820171958734438	0.6138325151721697	0.3025802209171643	0.029159049502162943	0.20033166560589488	0.19846999762051634	0.1395301679476062	0.1380840923547424	0.7573496773656807	0.048876127190924795	0.1781840550910638	
0.0625	0.3107250017378143	0.4454281750310168	0.42132229815954425	0.2740681851044965	0.25956355932588326	0.6875742864154603	0.28393874456344204	0.09034415145710348	0.2563834593217368	0.25218811665243634	0.14451041154420377	0.14234845338459473	0.7619673915989914	0.07829696770195778	0.20178722284123873	
0.125	0.41304100976837094	0.4982054738283538	0.48257628992731016	0.30953407740272093	0.3003900346691738	0.7882414765694541	0.4312888304337067	0.1988146311165461	0.32064787440868037	0.31142748997113634	0.18188302773645684	0.17690926862402276	0.7763119845354018	0.25450532887268773	0.29202398095165033	
0.25	0.5015544993910844	0.47544391061834795	0.46782558419139136	0.33556660381332637	0.3309654026980822	0.7976028359464773	0.48634103994197125	0.35353440598634034	0.35689971019069305	0.3498455393619504	0.24946031160519966	0.24545933678849807	0.784666392295237	0.38065937464156285	0.375602556558181	
0.5	0.6266194529594996	0.5523065624822264	0.5513928036243045	0.4774707551397732	0.47667997105567556	0.845194821676527	0.6174384582800834	0.5300916138689871	0.4685240661152852	0.465388123273177	0.33496872908739217	0.33275938552530454	0.8297417008036267	0.550473506836236	0.5399613995629969	
1.0	0.6178022446175466	0.5373884421856621	0.5354743793596203	0.4106843847078455	0.4093870450543721	0.8542811164839271	0.6196801230098326	0.6002636927350592	0.5182362293787738	0.5154431953370319	0.34681917011513497	0.3450755149780706	0.8516902420870069	0.6052398952612589	0.605043996333092	
2.0	0.656266017597651	0.5605553190217863	0.5591798495369795	0.4762369885948356	0.4752177124935587	0.8716233357545893	0.6665559712662953	0.6541730820512763	0.5589461758068888	0.5575283628050464	0.451006365450383	0.44995466162497344	0.8710554198747331	0.6652614478620344	0.6644923173743076	
4.0	0.6624509730869704	0.5596693917315341	0.5583332256301073	0.46043278893237033	0.45939036653342136	0.8766637175884398	0.6761463762009646	0.6624509730869704	0.5596693917315341	0.5583332256301073	0.46043278893237033	0.45939036653342136	0.8766637175884398	0.6761463762009646	0.6761463762009646	
8.0	0.6583151456883524	0.5551996105696774	0.5538974159813568	0.45672877972198034	0.4557088625082798	0.8751684184981727	0.671733139220762	0.6583151456883524	0.5551996105696774	0.5538974159813568	0.45672877972198034	0.4557088625082798	0.8751684184981727	0.671733139220762	0.671733139220762	
16.0	0.6550579851351441	0.5505406983714619	0.5489806528552976	0.42876152700437264	0.42754656233475685	0.8747261216612804	0.6692887485510214	0.6550579851351441	0.5505406983714619	0.5489806528552976	0.42876152700437264	0.42754656233475685	0.8747261216612804	0.6692887485510214	0.6692887485510214	
32.0	0.658131234447773	0.5530874295223116	0.5516564945501543	0.43074492321892677	0.4296305099420863	0.8753594229721108	0.6718888657878442	0.658131234447773	0.5530874295223116	0.5516564945501543	0.43074492321892677	0.4296305099420863	0.8753594229721108	0.6718888657878442	0.6718888657878442	
64.0	0.6541678644353264	0.5508751500847296	0.549182516453385	0.4290219982605651	0.42770377386302083	0.8750563261824198	0.6693527366846488	0.6541678644353264	0.5508751500847296	0.549182516453385	0.4290219982605651	0.42770377386302083	0.8750563261824198	0.6693527366846488	0.6693527366846488	
128.0	0.6461806058399588	0.5440096981917875	0.5423126152724916	0.42367517895020274	0.4223534894437179	0.8717769638060444	0.6603342549904904	0.6461806058399588	0.5440096981917875	0.5423126152724916	0.42367517895020274	0.4223534894437179	0.8717769638060444	0.6603342549904904	0.6603342549904904	
256.0	0.6486160731175183	0.5466331634917904	0.544874513048084	0.42571833578020557	0.42434869743749815	0.8731113447646516	0.6636087837470571	0.6486160731175183	0.5466331634917904	0.544874513048084	0.42571833578020557	0.42434869743749815	0.8731113447646516	0.6636087837470571	0.6636087837470571	
