0.03125	0.25029402620587204	0.43458789880113413	0.4002905220412833	0.2833604093089095	0.2622180000771747	0.5983565081510482	0.23447188049942094	0.01644962999870288	0.19316102438764568	0.192488147892338	0.11425375841057968	0.11380914954011578	0.7559579014463486	-0.04199001267334215	0.13598030631878577	
0.0625	0.2054533467214006	0.43761786268503844	0.40033646741493695	0.2393138160966231	0.21886803617746234	0.6789254531434047	0.22853967945125414	0.05144506338147037	0.25901055496441067	0.2510321146151393	0.1345929581687093	0.1307360473294168	0.7593825556356212	0.01492712856135359	0.16379415627889643	
0.125	0.22664300158204115	0.4377911995556786	0.4085562776596592	0.2391994445860952	0.223552217987068	0.7555214495348854	0.2725806541286418	0.09567734235690072	0.29428621490235735	0.2780649728568425	0.1510255655064819	0.1429638203684763	0.762739343949594	0.1180469495606816	0.19084352450803407	
0.25	0.24613385628767862	0.35791319688917234	0.3391336208213386	0.20573485085957932	0.19517267487014395	0.7612818567984808	0.2607456708312616	0.1655809232538848	0.2905977830202396	0.2738548554994664	0.15707613886510974	0.14811485445598566	0.7632552607026646	0.16880894574729785	0.2131103440863255	
0.5	0.3538890469647067	0.40970636973012275	0.3967125796443254	0.26334351685280366	0.2550953532203709	0.7870362261115456	0.37438474425823076	0.2985023254385243	0.36572685346975564	0.3512218878293985	0.2155156211588037	0.20703014621647298	0.7869338098938383	0.3111875512155664	0.34006878458753265	
1.0	0.5088447190290752	0.45370212054111125	0.45073098788495924	0.3355553104945882	0.3335040566553978	0.814832718250576	0.49557762623357726	0.4933472470271739	0.43778702511062234	0.4337482474876963	0.29232441925683805	0.2897705083003828	0.8134285479255177	0.48251730702522505	0.4835778137988056	
2.0	0.6337117987602507	0.5307964433969847	0.5303590181008163	0.4865233591732288	0.4861631770390664	0.8562989655266732	0.632672102614928	0.6316260422339246	0.5290459412545363	0.5286310834567644	0.4609516419386061	0.46061414315558497	0.8557240190024304	0.6313824407190884	0.6304868544131967	
4.0	0.6744105199478191	0.5728633629162937	0.570744797237771	0.5251034978827512	0.5236919791351904	0.8638216285113834	0.6740346048942717	0.6744105199478191	0.5728633629162937	0.570744797237771	0.5251034978827512	0.5236919791351904	0.8638216285113834	0.6740346048942717	0.6740346048942717	
8.0	0.6593696484387559	0.5598935284899164	0.5559652370891375	0.4683916079049363	0.4658316644520454	0.8473781709822357	0.6506713061717373	0.6593696484387559	0.5598935284899164	0.5559652370891375	0.4683916079049363	0.4658316644520454	0.8473781709822357	0.6506713061717373	0.6506713061717373	
16.0	0.6742138992409479	0.5875624102777017	0.5801571336053486	0.4028631465365434	0.39820847557290645	0.8455936055607551	0.666124209476266	0.6742138992409479	0.5875624102777017	0.5801571336053486	0.4028631465365434	0.39820847557290645	0.8455936055607551	0.666124209476266	0.666124209476266	
32.0	0.6763678236019428	0.5976804876473578	0.5888012545133946	0.36251154047012035	0.35712601333963545	0.8448278955837942	0.6688600614534834	0.6763678236019428	0.5976804876473578	0.5888012545133946	0.36251154047012035	0.35712601333963545	0.8448278955837942	0.6688600614534834	0.6688600614534834	
64.0	0.6709994291092848	0.5894983556866229	0.5807515615636194	0.35754882657412	0.35224362776432416	0.8418090293813589	0.6619052615948455	0.6709994291092848	0.5894983556866229	0.5807515615636194	0.35754882657412	0.35224362776432416	0.8418090293813589	0.6619052615948455	0.6619052615948455	
128.0	0.6961288670374151	0.6217204559826394	0.6124999065261605	0.3770925183239896	0.3714999723792384	0.856152211688252	0.6943948910680839	0.6961288670374151	0.6217204559826394	0.6124999065261605	0.3770925183239896	0.3714999723792384	0.856152211688252	0.6943948910680839	0.6943948910680839	
256.0	0.6875767024353622	0.6082514687258214	0.5992313001856121	0.36892316459745067	0.3634521558220384	0.8511321790517181	0.6830052728465128	0.6875767024353622	0.6082514687258214	0.5992313001856121	0.36892316459745067	0.3634521558220384	0.8511321790517181	0.6830052728465128	0.6830052728465128	
