0.03125	0.45653513255922806	0.47051387143742696	0.4543299435697404	0.3218795771345354	0.31120270300215713	0.6291438837273827	0.3369450213736474	0.03157057382494731	0.19785378916063528	0.19549092953511904	0.15562355173780731	0.15335061997420305	0.7578644504946311	0.06906892385534587	0.18679799987970555	
0.0625	0.31631280440653187	0.45054325771723347	0.4277410591168539	0.2868322019772787	0.27265049868675495	0.6930814131677243	0.2942487187264338	0.08897350384390044	0.2530024392790691	0.2496187213216116	0.14708878384509677	0.14520546026220807	0.7616794843550734	0.07780073852989969	0.20050665169716533	
0.125	0.3460705462757872	0.46959091346212983	0.4537576213516988	0.29593161780646327	0.286071903355939	0.7713251213281649	0.36082383020074654	0.15575078151514596	0.303615361666503	0.2937053909945343	0.17374704347325537	0.16822415579588304	0.76818753392883	0.19732678339810655	0.2466402867582349	
0.25	0.3656688847695893	0.39004542970114603	0.3802674875780029	0.27715718999798344	0.27097133857367844	0.775302561203387	0.357790868278086	0.25766345277969227	0.30897262994434593	0.29866243316771884	0.1934308662629951	0.18734436999697257	0.7730780443136933	0.2645031549427652	0.29110938141406595	
0.5	0.507889498917564	0.4542945376489856	0.450131041209944	0.357997153336849	0.3550781136244786	0.8140666128542733	0.502686688482207	0.42863988244681517	0.3958552167317393	0.38906180240192256	0.26662061791370706	0.2623253664991817	0.806589518773416	0.44010531906093303	0.4465046151588277	
1.0	0.5617458174736066	0.4746102209246958	0.47315239922517927	0.3818992032125923	0.38077421573497916	0.8318807016638438	0.5556078491756853	0.5454766402825024	0.4584341074839444	0.45598905814917245	0.3207354220389894	0.3190324826357255	0.8303534299051872	0.5412240293747113	0.54283336711422	
2.0	0.520429483886772	0.4975060116668823	0.49307108603370586	0.37718830579225066	0.3739091417996564	0.8305280891655263	0.530831385449387	0.5188839248148018	0.49649354139451995	0.49188370469154796	0.3659373774214836	0.36258896530668966	0.8302604087220805	0.5298490944144165	0.5294338063052445	
4.0	0.5888882424764906	0.5288054409315914	0.5238936415512455	0.3757737585082407	0.3722971870005086	0.859075445660277	0.6130225585988798	0.5888882424764906	0.5288054409315914	0.5238936415512455	0.3757737585082407	0.3722971870005086	0.859075445660277	0.6130225585988798	0.6130225585988798	
8.0	0.6189425914507437	0.5397684690941361	0.5356084344680145	0.39772024921492505	0.3947557607236766	0.8694423743340414	0.6450413564983846	0.6189425914507437	0.5397684690941361	0.5356084344680145	0.39772024921492505	0.3947557607236766	0.8694423743340414	0.6450413564983846	0.6450413564983846	
16.0	0.575749551899383	0.5246025829636978	0.5193532935939894	0.37991025746438584	0.37629066023944624	0.8559001864302873	0.6024497842263548	0.575749551899383	0.5246025829636978	0.5193532935939894	0.37991025746438584	0.37629066023944624	0.8559001864302873	0.6024497842263548	0.6024497842263548	
32.0	0.5897505075043147	0.5385889941043651	0.5335085787936926	0.39662457303834636	0.3930361885515033	0.8605684477902639	0.617698240561851	0.5897505075043147	0.5385889941043651	0.5335085787936926	0.39662457303834636	0.3930361885515033	0.8605684477902639	0.617698240561851	0.617698240561851	
64.0	0.61429429793552	0.554864642057829	0.5497514555016053	0.40256676017979354	0.39913837387623563	0.8691718792425898	0.6417624334913082	0.61429429793552	0.554864642057829	0.5497514555016053	0.40256676017979354	0.39913837387623563	0.8691718792425898	0.6417624334913082	0.6417624334913082	
128.0	0.6301271364729606	0.5495576463447231	0.5457026389396089	0.40426575992441965	0.401530204739013	0.8721499663180359	0.6548180597210076	0.6301271364729606	0.5495576463447231	0.5457026389396089	0.40426575992441965	0.401530204739013	0.8721499663180359	0.6548180597210076	0.6548180597210076	
256.0	0.6140665414941464	0.5554255812665814	0.5507127607223404	0.41611336653468645	0.41292058935507503	0.8688056116905702	0.6404580877681262	0.6140665414941464	0.5554255812665814	0.5507127607223404	0.41611336653468645	0.41292058935507503	0.8688056116905702	0.6404580877681262	0.6404580877681262	
