0.03125	0.21609539273948228	0.42044103186219123	0.38232277801874537	0.2626415637419076	0.2409873959178795	0.5915027490317315	0.20596281168308694	0.012573611708393074	0.18898874094938473	0.18836366135248053	0.10610828145519265	0.10569223842141544	0.7553151631467694	-0.06897255776568909	0.11613463264620476	
0.0625	0.15609346920488462	0.44135105887320875	0.3923913095838064	0.22276880338540622	0.19809024644254697	0.6755751894325244	0.20566253668681805	0.03427033542593736	0.26296999539026056	0.25152438822543144	0.12783064107402664	0.12274464247431931	0.7579563614645273	-0.016663382750805415	0.14417901996323196	
0.125	0.1313107584515873	0.43902227967100493	0.389927861353099	0.20429920225818088	0.18158798320529118	0.7459569139015622	0.21001276798836574	0.053420113202227636	0.306014267793045	0.280465999103731	0.13889642859745285	0.12751998550802407	0.7595761962469109	0.05597644671258978	0.14889585860888413	
0.25	0.09533017974402606	0.3574052249880178	0.312780484525849	0.1579118015013496	0.1382193703961541	0.75129960113072	0.15229896804682624	0.06265776256170466	0.3002208623211729	0.265796732733755	0.13113044902504992	0.11611643956182065	0.7577133311255593	0.05831269029193209	0.12738715203286655	
0.5	0.08691639799023221	0.3661108253060182	0.31718159692561354	0.15786254849686773	0.13677936955217204	0.7528173981297108	0.1506351223021714	0.0713503706265989	0.33728058264966526	0.2932980749499925	0.14428887128127826	0.1254822280113381	0.7589578321501449	0.07762789781991694	0.1383919108824209	
1.0	0.10138916781745058	0.3899703843475609	0.34026017331425207	0.16870247036098254	0.14719945456234082	0.7610846145732998	0.17897003231837924	0.09801335892294921	0.38448309368558087	0.33509558737238543	0.1652147014399274	0.1439956670036817	0.7632725525108178	0.15297544173592234	0.1766784584428963	
2.0	0.19470254622785366	0.39937944133737524	0.36426970405141024	0.19251552472622052	0.17609287476260646	0.7766454253066097	0.2648839578886243	0.1943037788637277	0.399368072891512	0.3640932070757516	0.19219038717629175	0.17573499221684472	0.7765768562405689	0.2634165699128086	0.26448750562403306	
4.0	0.6425210211788204	0.5410255269478824	0.53932146327915	0.4351675468998466	0.433930214564734	0.8659530513223166	0.6513357060026642	0.6425210211788204	0.5410255269478824	0.53932146327915	0.4351675468998466	0.433930214564734	0.8659530513223166	0.6513357060026642	0.6513357060026642	
8.0	0.44925492862898747	0.31027063166365165	0.30258140240492276	0.22364964211444952	0.21942414433878943	0.4987525018415341	0.31322018419943076	0.44925492862898747	0.31027063166365165	0.30258140240492276	0.22364964211444952	0.21942414433878943	0.4987525018415341	0.31322018419943076	0.31322018419943076	
16.0	0.6085042663968154	0.44330836304587395	0.442661020570488	0.44330836304587395	0.442661020570488	0.6856384012838286	0.5255790864949894	0.6085042663968154	0.44330836304587395	0.442661020570488	0.44330836304587395	0.442661020570488	0.6856384012838286	0.5255790864949894	0.5255790864949894	
