3.125000000000000000e-02 2.509273290106150966e-01 3.084757038737805934e-01 2.966934717177248104e-01 1.741064772176409148e-01 1.686553298765157693e-01 7.145830925927790789e-01 1.631314102218272000e-01 2.312597006618370005e-02 1.322967947752597406e-01 1.237103073067003650e-01 7.443927969692903934e-02 7.050441576204077854e-02 8.157331236084295334e-01 4.085943244466577751e-02 8.434859404555028473e-02
6.250000000000000000e-02 2.184302762812264376e-01 2.745748988923385481e-01 2.620361051374670569e-01 1.457433402864403704e-01 1.398320120734065364e-01 7.299671072508515657e-01 1.420624146786812481e-01 3.337623704711013134e-02 1.467612464616424583e-01 1.402602481379389421e-01 8.055772565429913934e-02 7.762727193461466113e-02 8.143485767188898272e-01 4.218270928790715524e-02 8.580520528667051616e-02
1.250000000000000000e-01 1.903234886861808473e-01 2.789053670209385438e-01 2.658411765948665573e-01 1.594633429287806436e-01 1.530411457029901834e-01 7.660945202947969657e-01 1.437521745882309188e-01 6.024475522363938185e-02 1.749543411685755556e-01 1.683717317692257909e-01 9.538596525769978129e-02 9.228672172690084718e-02 8.128613889937313930e-01 5.436965133225098862e-02 9.986119461504648631e-02
2.500000000000000000e-01 1.809513514604188245e-01 2.830226189261848546e-01 2.662786435761321235e-01 1.441570223413795593e-01 1.355755480487502718e-01 7.899160955524382466e-01 1.707918884954377492e-01 1.183932607697218142e-01 2.246732814576719583e-01 2.133714254348776929e-01 1.134240629295243247e-01 1.077920698965415813e-01 8.158942866657730164e-01 1.021964425675846860e-01 1.476226668405311582e-01
5.000000000000000000e-01 3.377823952668276286e-01 4.157629498770975540e-01 4.045098190420149953e-01 2.638183390121807137e-01 2.580964947160118150e-01 8.440393325250258316e-01 3.521793353555275341e-01 3.025872426042285346e-01 3.895734885848411988e-01 3.796838151627139890e-01 2.346123313706699742e-01 2.297311331631717857e-01 8.567824350503561170e-01 2.994358997237380748e-01 3.393542817040537951e-01
1.000000000000000000e+00 4.473831755728788218e-01 5.163682148262631610e-01 5.069686069344467860e-01 3.846821875609692798e-01 3.802696470070066059e-01 8.812325841848832608e-01 4.756141278633450042e-01 4.385357710839028478e-01 5.120836423300670903e-01 5.022837942265252487e-01 3.703185531904498173e-01 3.658340624782748796e-01 8.860560541972226645e-01 4.509788610626593863e-01 4.728459148032040371e-01
2.000000000000000000e+00 5.607563197341123296e-01 6.359662538386126052e-01 6.281501505662434592e-01 4.918432203344829667e-01 4.881478219953758191e-01 9.164036652163027874e-01 6.050814635236437811e-01 5.584824085618638190e-01 6.351433057888832279e-01 6.271004248761301580e-01 4.895660368068633916e-01 4.858781844635114977e-01 9.181219979947619070e-01 5.963011515505448612e-01 6.047264689170196439e-01
4.000000000000000000e+00 7.199377544818684749e-01 8.127669094129841287e-01 8.053819733590297236e-01 6.470491207915278764e-01 6.435213262576838789e-01 9.458599145287903687e-01 7.869995881427591655e-01 7.197019313960804077e-01 8.123402099690341105e-01 8.049745364486113886e-01 6.489528466000068496e-01 6.453991329975353741e-01 9.458640664163527889e-01 7.865326530069107758e-01 7.867974386025697875e-01
8.000000000000000000e+00 8.188242769318646586e-01 9.097219906864911776e-01 9.058369701174758815e-01 7.513621261423567566e-01 7.499765367596102905e-01 9.761306449044716560e-01 8.747758065959335694e-01 8.188242769318646586e-01 9.097219906864911776e-01 9.058369701174758815e-01 7.513621261423567566e-01 7.499765367596102905e-01 9.761306449044716560e-01 8.747758065959335694e-01 8.747758065959335694e-01
1.600000000000000000e+01 8.624769249837470619e-01 9.489018415186399880e-01 9.456128471363657306e-01 8.151573161636441744e-01 8.147652177975587273e-01 9.847001216835755688e-01 9.048666049027622726e-01 8.624769249837470619e-01 9.489018415186399880e-01 9.456128471363657306e-01 8.151573161636441744e-01 8.147652177975587273e-01 9.847001216835755688e-01 9.048666049027622726e-01 9.048666049027622726e-01
