3.125000000000000000e-02 2.647627738383364071e-01 2.833096198873181759e-01 2.715121140795379584e-01 1.473116355410499512e-01 1.417726916529581938e-01 7.173145433492842393e-01 1.710441387129720825e-01 2.380196616784736180e-02 1.261014523177182989e-01 1.177787333321560492e-01 7.061833498291070210e-02 6.691992304454123797e-02 8.155731642688451855e-01 4.662763016706833463e-02 8.363156181550732149e-02
6.250000000000000000e-02 2.341607401092540841e-01 2.522648970207393981e-01 2.409932085590555106e-01 1.309527457895632296e-01 1.256362848202436100e-01 7.167760241137155486e-01 1.385024677689297989e-01 3.397291342299576383e-02 1.372808738919124028e-01 1.313324979473339260e-01 7.591331780348525848e-02 7.323506155337963786e-02 8.139484502676034294e-01 4.883879040217243422e-02 8.429015226309116704e-02
1.250000000000000000e-01 1.852365255968000113e-01 2.673798298520494443e-01 2.541747283388952616e-01 1.489173452643947626e-01 1.424471667651149298e-01 7.666017802667970393e-01 1.452492569214037799e-01 5.664289985870536032e-02 1.625717843079898250e-01 1.563617101063929649e-01 8.212460380752852063e-02 7.922548209054951218e-02 8.110852420409493391e-01 4.921392621317083327e-02 9.386816144315739130e-02
2.500000000000000000e-01 1.626586466466433123e-01 2.386941221567245863e-01 2.245872158017302445e-01 1.291450412150857430e-01 1.219287110227938453e-01 7.861031734117949199e-01 1.339084879758929147e-01 9.443579706188565126e-02 1.823972637429536470e-01 1.731608240837323731e-01 9.303738342981079934e-02 8.846449941800903216e-02 8.104225834340039736e-01 6.906733725714317429e-02 1.084935235006440762e-01
5.000000000000000000e-01 1.874193235366944377e-01 2.431966825783639929e-01 2.302108154603876855e-01 1.364630383636263045e-01 1.299290931584255182e-01 7.999877377812917301e-01 1.701306188265803709e-01 1.510805782508952699e-01 2.202579058007097801e-01 2.081733669287148258e-01 1.154703667724511634e-01 1.094277785706654904e-01 8.129168330069052040e-01 1.202107330147344499e-01 1.570893262513664568e-01
1.000000000000000000e+00 2.243662362676494826e-01 2.778007849380307870e-01 2.659421073312198125e-01 1.570452967695817603e-01 1.509870465153415608e-01 8.186604293378387798e-01 2.268104580370399470e-01 2.161347887040699356e-01 2.765124332705001242e-01 2.639551711650867105e-01 1.497060249855191039e-01 1.434546388247572302e-01 8.242725447736032329e-01 2.043519465361262055e-01 2.255253491618826600e-01
2.000000000000000000e+00 4.064182760666357752e-01 4.577456538695477972e-01 4.495522248360817041e-01 3.040632173834719176e-01 2.997268191595515163e-01 8.752250121351146106e-01 4.295912004377228643e-01 4.049056974290934918e-01 4.581936371308589218e-01 4.498460059178785997e-01 3.034731813578929183e-01 2.991437453839218552e-01 8.773057287021506223e-01 4.222607734923570222e-01 4.301049429674869695e-01
4.000000000000000000e+00 4.802783124649900870e-01 5.374872690434283617e-01 5.303817090516793620e-01 3.915118316716130198e-01 3.874854699228522659e-01 8.930122896791981013e-01 5.130266841322702609e-01 4.802450898569698978e-01 5.376687574310718976e-01 5.305563708211046281e-01 3.915374835683599342e-01 3.875088312069270291e-01 8.930785731424758511e-01 5.127477064429146747e-01 5.130565386308246767e-01
8.000000000000000000e+00 5.806314413330960766e-01 6.428540868252894391e-01 6.358274375969550363e-01 4.989240050408658700e-01 4.950094419947338453e-01 9.225533581668025063e-01 6.171535909420995392e-01 5.806314413330960766e-01 6.428540868252894391e-01 6.358274375969550363e-01 4.989240050408658700e-01 4.950094419947338453e-01 9.225533581668025063e-01 6.171535909420995392e-01 6.171535909420995392e-01
1.600000000000000000e+01 6.330509552047457467e-01 6.946573082059255277e-01 6.877665176368403799e-01 5.237930689720262656e-01 5.201435175638665642e-01 9.269690316065152258e-01 6.634882419779305485e-01 6.330509552047457467e-01 6.946573082059255277e-01 6.877665176368403799e-01 5.237930689720262656e-01 5.201435175638665642e-01 9.269690316065152258e-01 6.634882419779305485e-01 6.634882419779305485e-01
