3.125000000000000000e-02 1.391430189948256735e-01 3.015758440460892253e-01 2.852952150051215607e-01 1.648512984624701805e-01 1.565147643790434917e-01 7.057090011886445469e-01 1.019474775600662242e-01 1.295956013106546595e-02 1.296211182227013925e-01 1.216679414037999257e-01 6.878458161731493270e-02 6.499369659082385176e-02 8.152986136304463116e-01 -1.033154017061119548e-02 5.980807891486664141e-02
6.250000000000000000e-02 1.272895960588110997e-01 2.626822495865769325e-01 2.475912164708340413e-01 1.421806337134162712e-01 1.344509401916955393e-01 7.223316282806901967e-01 8.803547195762988220e-02 2.067658388736148475e-02 1.377230092469931833e-01 1.322852666330344151e-01 7.531785628795012455e-02 7.273569957028550026e-02 8.138756208816648741e-01 -3.956776141220075087e-03 5.950052192559251996e-02
1.250000000000000000e-01 1.155798248655417748e-01 2.474422891560582871e-01 2.305243804755560955e-01 1.329212235126184527e-01 1.246150751289292202e-01 7.627986721029734740e-01 9.341339158144702781e-02 3.668454625784559053e-02 1.553072991785613977e-01 1.489741972395807190e-01 8.412028683552759400e-02 8.114726314073485158e-02 8.109855141376897114e-01 8.083445544164338456e-03 6.514922822757435172e-02
2.500000000000000000e-01 1.146923421381550595e-01 2.173730783370383668e-01 1.997866225799139750e-01 1.100234378523849976e-01 1.014554732715098884e-01 7.818985297245835131e-01 9.634877305979058781e-02 6.984064916285109836e-02 1.721156813800684138e-01 1.612821190806548455e-01 8.849327447848612249e-02 8.334674784890140631e-02 8.089107698584893091e-01 3.517323650200059743e-02 8.320636687781227114e-02
5.000000000000000000e-01 1.918875219515857877e-01 2.644246663207660553e-01 2.489672852645438139e-01 1.383229215196210005e-01 1.304767061466564348e-01 8.100124915858617491e-01 1.852498640149616016e-01 1.667641253953232039e-01 2.474622995626675204e-01 2.340618215332083141e-01 1.293818630277852044e-01 1.227410141061431315e-01 8.247843088735332673e-01 1.335935432404306844e-01 1.782797727110850550e-01
1.000000000000000000e+00 3.182785792360000032e-01 3.808655283449451923e-01 3.702727264849646205e-01 2.814828966244590225e-01 2.761013637554344813e-01 8.488063050340520777e-01 3.209661730367172061e-01 3.119901863742168824e-01 3.816866171256018681e-01 3.706184258543402943e-01 2.802569208591031424e-01 2.748280123465975944e-01 8.550113251035230677e-01 2.994532323380358907e-01 3.213321221259853866e-01
2.000000000000000000e+00 4.401405208760818533e-01 4.734579604012350562e-01 4.665595153892721503e-01 3.650091840564360091e-01 3.616232084605620067e-01 8.781769639152593454e-01 4.486063912747718097e-01 4.386472408916033960e-01 4.744072722448746116e-01 4.672813869333847236e-01 3.643009341440111570e-01 3.608915081101545796e-01 8.802654187173950540e-01 4.418022882549659802e-01 4.492096578702919896e-01
4.000000000000000000e+00 5.243442135669703630e-01 5.719231978499969005e-01 5.650429114241243278e-01 4.544199524802347012e-01 4.515849349800931667e-01 8.993013671757830174e-01 5.404128543611953495e-01 5.243024252188945855e-01 5.720950009447512974e-01 5.652101634797097596e-01 4.534615658596333199e-01 4.506262969522049078e-01 8.993774682242897667e-01 5.401574205030450493e-01 5.404381551597579048e-01
8.000000000000000000e+00 6.905999171467107622e-01 7.507515489023118826e-01 7.453465842571538325e-01 6.255892325981912139e-01 6.238277371332145993e-01 9.430781882350830481e-01 7.332795080758089945e-01 6.905999171467107622e-01 7.507515489023118826e-01 7.453465842571538325e-01 6.255892325981912139e-01 6.238277371332145993e-01 9.430781882350830481e-01 7.332795080758089945e-01 7.332795080758089945e-01
1.600000000000000000e+01 7.526847003181996731e-01 8.053193578419101106e-01 8.016016120602620365e-01 6.733849410564021198e-01 6.727622352976048159e-01 9.622759150658135585e-01 7.870832872809110370e-01 7.526847003181996731e-01 8.053193578419101106e-01 8.016016120602620365e-01 6.733849410564021198e-01 6.727622352976048159e-01 9.622759150658135585e-01 7.870832872809110370e-01 7.870832872809110370e-01
