3.125000000000000000e-02 1.839554037549371024e-01 3.003900664247584062e-01 2.862043102086167523e-01 1.578487807401417198e-01 1.506821914397889206e-01 6.983387050305971400e-01 1.165602642130522254e-01 1.679186465872644848e-02 1.301846055957428250e-01 1.218782844341358279e-01 6.761928497626507051e-02 6.390049742178835479e-02 8.153314004214929911e-01 7.861965705791467210e-03 7.069366269749327580e-02
6.250000000000000000e-02 1.559936921055202486e-01 2.640405799670781928e-01 2.500955509828953205e-01 1.330905726780108322e-01 1.260518236913431567e-01 7.151599385917858376e-01 9.417397487026048231e-02 2.515210729116969246e-02 1.394576059125880174e-01 1.335070065662203875e-01 7.178078335601188742e-02 6.915067178790072766e-02 8.136317488518628460e-01 9.097693155984536498e-03 6.787742507983218765e-02
1.250000000000000000e-01 1.399187032363772842e-01 2.619338647485068283e-01 2.457131932069471225e-01 1.361831885675007792e-01 1.281678650006590481e-01 7.618183313117102839e-01 1.141442720511464670e-01 4.617781784825157609e-02 1.670174507644456852e-01 1.595849213465954652e-01 8.634972427528299355e-02 8.290120786743265802e-02 8.116416384627358482e-01 2.509382504631470917e-02 8.129392742146233919e-02
2.500000000000000000e-01 1.473097484593009765e-01 2.615965200821899206e-01 2.433637013598738685e-01 1.344723472162052125e-01 1.253262707065880832e-01 7.882294046820026434e-01 1.412964467882049380e-01 9.505391461572913758e-02 2.097620804294719199e-01 1.976935789293156609e-01 1.085989811505883584e-01 1.027694209511656603e-01 8.140138910842664721e-01 7.474613002592955802e-02 1.232090383938057171e-01
5.000000000000000000e-01 2.957882850738441927e-01 3.796676983582820131e-01 3.673432139002004160e-01 2.387239059747270353e-01 2.323487040187477981e-01 8.362712777163435751e-01 3.071378063527850366e-01 2.658496461592034787e-01 3.574836671727665283e-01 3.468794560189349396e-01 2.149634193464494691e-01 2.096531496779124870e-01 8.501703822481037065e-01 2.550863870083919793e-01 2.977061195425521056e-01
1.000000000000000000e+00 4.111239575597483986e-01 4.811802932557809886e-01 4.712649707250559650e-01 3.531250959958590618e-01 3.482757031479823961e-01 8.705150272539888823e-01 4.346101485726345803e-01 4.030084788149261854e-01 4.785405551279215408e-01 4.681933058621279287e-01 3.470357263252919489e-01 3.421742603815130512e-01 8.756926225832699640e-01 4.107150959472922747e-01 4.329091642526400330e-01
2.000000000000000000e+00 5.336666680749689862e-01 6.094251518920509314e-01 6.008284095617097975e-01 4.630803602123296780e-01 4.589673975672488027e-01 9.091676080412290917e-01 5.739834626383553129e-01 5.317801448539674070e-01 6.089986192183591829e-01 6.002096805757216602e-01 4.614574243246096774e-01 4.573618685908873993e-01 9.109842829546833665e-01 5.658064293472346851e-01 5.740409622373561227e-01
4.000000000000000000e+00 6.854686449898632628e-01 7.732933681407444526e-01 7.664500575800370363e-01 6.222226460124801184e-01 6.189971148315448479e-01 9.397424966778095135e-01 7.475053253194237080e-01 6.853029997344812774e-01 7.730371576935959332e-01 7.662035192818034135e-01 6.191537858870266309e-01 6.159352292274580254e-01 9.397719270374760292e-01 7.471074252428433482e-01 7.473628925609440143e-01
8.000000000000000000e+00 7.985622675799577408e-01 8.923421931804784712e-01 8.875402954146915935e-01 7.221258268413388581e-01 7.199933633889228357e-01 9.684623727402266180e-01 8.575286104478572202e-01 7.985622675799577408e-01 8.923421931804784712e-01 8.875402954146915935e-01 7.221258268413388581e-01 7.199933633889228357e-01 9.684623727402266180e-01 8.575286104478572202e-01 8.575286104478572202e-01
1.600000000000000000e+01 8.633574946207227541e-01 9.435813864035402787e-01 9.407895841240636603e-01 8.045565569128645400e-01 8.041571315000689557e-01 9.864238280970515360e-01 9.079889726049457099e-01 8.633574946207227541e-01 9.435813864035402787e-01 9.407895841240636603e-01 8.045565569128645400e-01 8.041571315000689557e-01 9.864238280970515360e-01 9.079889726049457099e-01 9.079889726049457099e-01
