3.125000000000000000e-02 2.024778895711945026e-01 3.009776456169512837e-01 2.885087675297509646e-01 1.596272947463811542e-01 1.534820636731533683e-01 6.922381230285206133e-01 1.178274830781789184e-01 1.950561978116791342e-02 1.303126848339620780e-01 1.219940305512392520e-01 6.883739659658551224e-02 6.516895654070564703e-02 8.150925900680821012e-01 1.499561010115105578e-02 7.402144670026818141e-02
6.250000000000000000e-02 1.791168153168916366e-01 2.703288459024714707e-01 2.578143301618682770e-01 1.400057051654761964e-01 1.338504781845945013e-01 7.122877275217521786e-01 1.049756632234205012e-01 2.954210491961929697e-02 1.432673117639598759e-01 1.371919880881841414e-01 7.507828804457002125e-02 7.237413772000067524e-02 8.136426656306655625e-01 1.932389138314981325e-02 7.546800609820904226e-02
1.250000000000000000e-01 1.672599041731503422e-01 2.740814699131461918e-01 2.592791491480345156e-01 1.522174542115750373e-01 1.449344344642829185e-01 7.644604793484960359e-01 1.322111485363164085e-01 5.417540180566151470e-02 1.729725067477944356e-01 1.657620631004385336e-01 9.153343564689303546e-02 8.818264751999611850e-02 8.124217971652257786e-01 4.122198629072943571e-02 9.244943883131254148e-02
2.500000000000000000e-01 1.711572975089366844e-01 2.806667513973495898e-01 2.628938829934930332e-01 1.425112017951495891e-01 1.334046905843570829e-01 7.908368432194321507e-01 1.646345090937318678e-01 1.125232180104354662e-01 2.243274416279811279e-01 2.124910908512865626e-01 1.138793438449534901e-01 1.080133836271666703e-01 8.162638287600745279e-01 9.656946520261984468e-02 1.433363327330756665e-01
5.000000000000000000e-01 3.303055459944482797e-01 4.125122018121143430e-01 4.005094514840679687e-01 2.770862681778201719e-01 2.708509727790799348e-01 8.455821887729382258e-01 3.474734913828980143e-01 2.951312520631131919e-01 3.856814531493830689e-01 3.751670905229396169e-01 2.480568884018751197e-01 2.427421899639170821e-01 8.573838027721623067e-01 2.927768867594486846e-01 3.335856219964359326e-01
1.000000000000000000e+00 4.246052267926663237e-01 4.957620848161428673e-01 4.857710021259749600e-01 3.614580863147967005e-01 3.565292274155389962e-01 8.737580115467674657e-01 4.516122432671164644e-01 4.161436760717004968e-01 4.922529843734630428e-01 4.817920869735379252e-01 3.525175593592723144e-01 3.475771987451098388e-01 8.789239300071813865e-01 4.273471147315942020e-01 4.496195363208690954e-01
2.000000000000000000e+00 5.506422697036301717e-01 6.237776287433578482e-01 6.152911597442750624e-01 4.642118096605922228e-01 4.603737859369601559e-01 9.121088761015531121e-01 5.936761451015651891e-01 5.483894227601868732e-01 6.228994025241104682e-01 6.142292734945820065e-01 4.624068534300145306e-01 4.585766684279592997e-01 9.137784059435843931e-01 5.847817838958732084e-01 5.932580592872364056e-01
4.000000000000000000e+00 7.312318320830019092e-01 8.136891057406825389e-01 8.077590417681937973e-01 6.646391042315915598e-01 6.618516650129213641e-01 9.512619420352762534e-01 7.939282617874627856e-01 7.310253530925616694e-01 8.133191741681777831e-01 8.074073018362936116e-01 6.649707827476816213e-01 6.621685881281277331e-01 9.512753714565137519e-01 7.934895598701140473e-01 7.937466851660008871e-01
8.000000000000000000e+00 8.232537090835339022e-01 9.099055041201751237e-01 9.063076023264176051e-01 7.548191919659843485e-01 7.533799671365885020e-01 9.766207929975300184e-01 8.786824710222401746e-01 8.232537090835339022e-01 9.099055041201751237e-01 9.063076023264176051e-01 7.548191919659843485e-01 7.533799671365885020e-01 9.766207929975300184e-01 8.786824710222401746e-01 8.786824710222401746e-01
1.600000000000000000e+01 8.575448716826746809e-01 9.459932188739740289e-01 9.427849525479997661e-01 8.049476869806653223e-01 8.044756948481135428e-01 9.845397867381132651e-01 9.025192480681520912e-01 8.575448716826746809e-01 9.459932188739740289e-01 9.427849525479997661e-01 8.049476869806653223e-01 8.044756948481135428e-01 9.845397867381132651e-01 9.025192480681520912e-01 9.025192480681520912e-01
