3.125000000000000000e-02 1.428582082949014231e-01 2.981997631108561642e-01 2.825857091222176432e-01 1.666668870731138064e-01 1.588025460775573106e-01 7.043413811149950021e-01 1.016460881122309146e-01 1.288086683345199615e-02 1.290527304068497250e-01 1.211348189988865065e-01 6.960876446375223459e-02 6.576384607459967446e-02 8.153339220686295352e-01 -9.060562233922410391e-03 6.013254756376817944e-02
6.250000000000000000e-02 1.191439437440746374e-01 2.649721270771276393e-01 2.486255057013441183e-01 1.417311531416835524e-01 1.334069546456231048e-01 7.218427022862433651e-01 8.295940118999940716e-02 1.961207515392123304e-02 1.395493817746941145e-01 1.338217923571390078e-01 7.632595055025782893e-02 7.358107904221014572e-02 8.138042087780790190e-01 -8.440573181457590099e-03 5.703129519861005470e-02
1.250000000000000000e-01 1.221772118946806013e-01 2.495758010614084199e-01 2.332012108806379991e-01 1.320249517621314150e-01 1.238495487774120829e-01 7.639051239780426661e-01 9.980887863843518337e-02 3.841412880396537916e-02 1.560858899897408503e-01 1.500991110234294046e-01 8.309709613042398635e-02 8.024789143486099618e-02 8.113200591057461164e-01 1.248292121462393767e-02 6.876839071973521456e-02
2.500000000000000000e-01 1.105422489735966574e-01 2.224056872175220467e-01 2.039155507270177248e-01 1.130326413361934373e-01 1.040152025141996700e-01 7.828499238391855020e-01 9.669046944479936512e-02 6.766771869362347980e-02 1.765177332482535666e-01 1.651878926088996558e-01 9.167134319477143745e-02 8.629795699631197248e-02 8.093795154328600194e-01 3.415047948977762565e-02 8.350976121178425859e-02
5.000000000000000000e-01 1.984720694184830547e-01 2.656111509760477607e-01 2.520172757874327152e-01 1.404301218655737427e-01 1.335244421451203256e-01 8.116699296792191376e-01 1.869117838285031530e-01 1.738687834390359455e-01 2.505768584182028746e-01 2.386183461443438791e-01 1.314953670332634772e-01 1.255813491025858097e-01 8.271407057464897905e-01 1.377854985929749254e-01 1.815657114777010639e-01
1.000000000000000000e+00 3.297212198081156398e-01 3.923782371048660789e-01 3.815824272077279478e-01 2.934797911272832849e-01 2.880846529722007610e-01 8.502241030906957375e-01 3.374089924881945035e-01 3.236494821056141169e-01 3.931969541935781409e-01 3.819929531699064462e-01 2.926582980868362993e-01 2.872543445723036437e-01 8.565475781903442165e-01 3.155456742180260954e-01 3.378692392759691798e-01
2.000000000000000000e+00 4.616210230471883280e-01 5.134747799778872634e-01 5.057307071465813042e-01 3.920875014997231567e-01 3.884029515052423442e-01 8.848490768183547850e-01 4.813361108775475183e-01 4.601157852911690327e-01 5.145601713722639525e-01 5.066051088013194814e-01 3.918831644541618808e-01 3.881640346063470748e-01 8.870405319988520221e-01 4.748304302352807649e-01 4.820866473807897679e-01
4.000000000000000000e+00 5.665672393759756398e-01 6.377089457752227464e-01 6.298459145925082714e-01 4.853860012764877330e-01 4.816770314526645502e-01 9.127171580047868105e-01 6.012358992490636211e-01 5.665280489110453566e-01 6.378718595096493083e-01 6.300040148726807621e-01 4.845138623175419545e-01 4.808051620729959508e-01 9.127916708918097921e-01 6.009754177962657318e-01 6.012626555480031776e-01
8.000000000000000000e+00 7.322859021984149397e-01 8.318480584510590248e-01 8.243645782492473595e-01 6.535356973506005751e-01 6.498669982409764900e-01 9.478076017215779636e-01 7.973416376745260381e-01 7.322859021984149397e-01 8.318480584510590248e-01 8.243645782492473595e-01 6.535356973506005751e-01 6.498669982409764900e-01 9.478076017215779636e-01 7.973416376745260381e-01 7.973416376745260381e-01
1.600000000000000000e+01 7.951863579220800338e-01 8.994446638748987422e-01 8.933370498676248550e-01 7.120417747418860133e-01 7.090568018556377972e-01 9.605578975202969660e-01 8.513301065946352608e-01 7.951863579220800338e-01 8.994446638748987422e-01 8.933370498676248550e-01 7.120417747418860133e-01 7.090568018556377972e-01 9.605578975202969660e-01 8.513301065946352608e-01 8.513301065946352608e-01
