3.125000000000000000e-02 1.389638078287352696e-01 4.742222133736412881e-01 4.168857885702819122e-01 2.258933476939547769e-01 2.031726776465375695e-01 7.329565582092013587e-01 7.328658307940526251e-02 9.937396412746888133e-03 2.094814529291567085e-01 1.967917458799626762e-01 1.018174450902509659e-01 9.660969985606697452e-02 8.168441016382903541e-01 5.059751000933778581e-03 4.258001471301661039e-02
6.250000000000000000e-02 1.189111018063875314e-01 4.601305497773620079e-01 3.971349414042658621e-01 2.056919300942330331e-01 1.809290232641293517e-01 7.453918515079576146e-01 6.091717912702673821e-02 1.236926766590150384e-02 2.586573368397522832e-01 2.408773726783569602e-01 1.166467965118338501e-01 1.098418138479512335e-01 8.167993523404286638e-01 4.807018229892486699e-03 3.972814269221999067e-02
1.250000000000000000e-01 6.534515759937108148e-02 4.852467447577397675e-01 4.071185896197125342e-01 2.084731426157395429e-01 1.782197105042123975e-01 7.734448467954881945e-01 2.828232401183546074e-02 1.344423218099159711e-02 3.308914556623492320e-01 2.987041283393744862e-01 1.384044555929840881e-01 1.261025471040217449e-01 8.172255323387846992e-01 -9.124190303053978518e-03 2.884251712448862928e-02
2.500000000000000000e-01 3.269893128003686922e-02 4.817909760186004364e-01 3.960556641150247970e-01 1.943306566791470624e-01 1.610278979820652101e-01 7.914585210528124470e-01 2.004079625748591068e-02 1.640168881414559576e-02 3.899565115327349729e-01 3.377944031881555120e-01 1.567760684916514047e-01 1.366726232707306810e-01 8.162880183639307230e-01 -2.086105404074487316e-02 2.035778371746814822e-02
5.000000000000000000e-01 1.781871554190592732e-01 4.938738446165380491e-01 4.294922305648572469e-01 2.338108198098861334e-01 2.090882606403485500e-01 8.274171548404226639e-01 1.906320368455195757e-01 1.705765034697704907e-01 4.511836216707228453e-01 4.057989567518855978e-01 2.099086652694802935e-01 1.923765880186121824e-01 8.426612582843667765e-01 1.406087628638864051e-01 1.882347488292474835e-01
1.000000000000000000e+00 3.610425061285053583e-01 5.959136478361118927e-01 5.463076804360961214e-01 3.845866241962934695e-01 3.659126451744747488e-01 8.691949414145665465e-01 3.946953861128343344e-01 3.579054136289729349e-01 5.815166870530023013e-01 5.379116877394044538e-01 3.760257636191028374e-01 3.595842492741283536e-01 8.740430151978385576e-01 3.590967876370944611e-01 3.922892389257660040e-01
2.000000000000000000e+00 5.310985601313873428e-01 7.119451840923617381e-01 6.796433312419847272e-01 4.989295477702102577e-01 4.862155986385942041e-01 9.183092730825062056e-01 5.739616970276523178e-01 5.298038708327817981e-01 7.085819318780212095e-01 6.772312274165094292e-01 4.960261858522198586e-01 4.837866880069395803e-01 9.196448179270942935e-01 5.633800133331123838e-01 5.737010595227941545e-01
4.000000000000000000e+00 5.985566373360775572e-01 7.926745413605410517e-01 7.618395349331898991e-01 5.797707514185687083e-01 5.676549905220308334e-01 9.415629037598967077e-01 6.442329928112764392e-01 5.985566373360775572e-01 7.925941716158256822e-01 7.617966351735274699e-01 5.797410912131432115e-01 5.676391508650577844e-01 9.415983810729726677e-01 6.417796804615463202e-01 6.442329928112764392e-01
8.000000000000000000e+00 8.230594767043903914e-01 9.094532907257035781e-01 9.036658946458752117e-01 7.439064091690213987e-01 7.416718907602553035e-01 9.779102532078562948e-01 8.724705637134958502e-01 8.230594767043903914e-01 9.094532907257035781e-01 9.036658946458752117e-01 7.439064091690213987e-01 7.416718907602553035e-01 9.779102532078562948e-01 8.724705637134958502e-01 8.724705637134958502e-01
1.600000000000000000e+01 8.791285154994921136e-01 9.506396954514537700e-01 9.483248725230100096e-01 7.990433636746456791e-01 7.986260228887211987e-01 9.903936792887260143e-01 9.228063152983038142e-01 8.791285154994921136e-01 9.506396954514537700e-01 9.483248725230100096e-01 7.990433636746456791e-01 7.986260228887211987e-01 9.903936792887260143e-01 9.228063152983038142e-01 9.228063152983038142e-01
