3.125000000000000000e-02 9.524704369159159301e-02 4.643788052209983919e-01 4.053266459129722943e-01 2.082789450992586222e-01 1.845425388813790590e-01 7.064625535363640019e-01 2.152118197794260918e-02 6.488534940847370293e-03 2.086122713635292503e-01 1.961311085141020927e-01 9.644304072119358473e-02 9.140074131707352778e-02 8.164268790037121359e-01 -1.787250946038767760e-02 3.322108981360671898e-02
6.250000000000000000e-02 8.420150869193604448e-02 4.569040884219547349e-01 3.926771343749218546e-01 1.953425711172915857e-01 1.699249043036044626e-01 7.233285045699062721e-01 1.843308456297506129e-02 8.529616485220554989e-03 2.581715773357604049e-01 2.403661508720235096e-01 1.116684176013132829e-01 1.049076343205090633e-01 8.163419986315654242e-01 -1.437812295788731126e-02 3.152236659827994253e-02
1.250000000000000000e-01 4.211146510721307940e-02 4.836250930195917785e-01 4.040813733787546047e-01 2.004292284545665936e-01 1.694413219853497798e-01 7.706514786551673657e-01 1.909750595571823792e-02 8.864619625595985403e-03 3.304736554008933513e-01 2.979032733226517626e-01 1.361419864925114687e-01 1.236562543262512137e-01 8.164008017408889151e-01 -2.354075323307656953e-02 2.182274018255403458e-02
2.500000000000000000e-01 2.762212484608123075e-02 4.838858942844324607e-01 3.965408691312354295e-01 1.927212882657066972e-01 1.587351800300128568e-01 7.926707121408935741e-01 2.292811267726625399e-02 1.382840037004052190e-02 3.909161756008627808e-01 3.382208284187759317e-01 1.555726262102166413e-01 1.352609688983238134e-01 8.163533632259980521e-01 -2.223047295183146199e-02 2.090220493114412770e-02
5.000000000000000000e-01 1.781258746636742440e-01 4.967173717290147561e-01 4.324374933026650658e-01 2.529099044175808775e-01 2.281643525188722099e-01 8.293478485013292545e-01 1.900291799097028334e-01 1.704086312291510918e-01 4.538437574527892648e-01 4.085592895951595249e-01 2.304395740953234795e-01 2.128922089408673834e-01 8.443121249448179988e-01 1.392512548713004950e-01 1.871829777409074469e-01
1.000000000000000000e+00 3.492280543440035578e-01 5.851172403958466717e-01 5.351505652108869970e-01 3.686990136326206424e-01 3.497406572055442586e-01 8.662698250565032954e-01 3.829853931158024305e-01 3.464221544444116008e-01 5.712103249822946260e-01 5.272824389200224671e-01 3.620043903138871477e-01 3.452882107590012351e-01 8.712621694577076248e-01 3.475244181932010124e-01 3.808716024050739501e-01
2.000000000000000000e+00 5.173549501464300704e-01 7.037510338433724533e-01 6.702357049610785378e-01 4.907657647265237788e-01 4.775052694723183611e-01 9.142529872065146002e-01 5.623044778595960302e-01 5.162539771454377480e-01 7.007392117568612688e-01 6.682117620098746436e-01 4.885382064120983303e-01 4.757463130214223401e-01 9.157094931787033154e-01 5.516435827659347257e-01 5.621991159325088194e-01
4.000000000000000000e+00 5.957149110966305505e-01 7.861100500073225916e-01 7.553728183192215395e-01 5.798961634821337974e-01 5.678617507000516262e-01 9.405657003192895438e-01 6.403859536912629435e-01 5.957149110966305505e-01 7.860296802626072221e-01 7.553299185595591103e-01 5.798665032767083005e-01 5.678459110430785772e-01 9.406011776323656148e-01 6.379326413415328245e-01 6.403859536912629435e-01
8.000000000000000000e+00 7.943061491663168106e-01 8.935967497916562641e-01 8.857996761849634693e-01 7.074554571202905651e-01 7.040480516944466194e-01 9.666303126486225361e-01 8.481209206627920993e-01 7.943061491663168106e-01 8.935967497916562641e-01 8.857996761849634693e-01 7.074554571202905651e-01 7.040480516944466194e-01 9.666303126486225361e-01 8.481209206627920993e-01 8.481209206627920993e-01
1.600000000000000000e+01 8.682623146667080016e-01 9.403410956698426970e-01 9.374857382924116633e-01 7.742512322877570519e-01 7.732983122921074370e-01 9.846985901914762085e-01 9.129108341952775207e-01 8.682623146667080016e-01 9.403410956698426970e-01 9.374857382924116633e-01 7.742512322877570519e-01 7.732983122921074370e-01 9.846985901914762085e-01 9.129108341952775207e-01 9.129108341952775207e-01
