3.125000000000000000e-02 1.051291882698209973e-01 4.667980827429002444e-01 4.083718196829930203e-01 2.102415097793857712e-01 1.868052726625800686e-01 7.073359012495095133e-01 2.883046400143391558e-02 7.318849661911918172e-03 2.088136824599762242e-01 1.962397956633238350e-01 9.694911992282365110e-02 9.193326068856970401e-02 8.164891947814579831e-01 -1.285422017991519859e-02 3.611075131594717463e-02
6.250000000000000000e-02 9.186091530558840312e-02 4.556092808665337945e-01 3.922111296934693292e-01 1.972112022329970682e-01 1.722575471690696025e-01 7.230390745739178060e-01 2.104601533474788691e-02 9.476560010657220090e-03 2.575423795323846243e-01 2.397748606095616852e-01 1.120987887401744404e-01 1.053584605634620974e-01 8.164243820205046021e-01 -1.131822682525604994e-02 3.302104336500361059e-02
1.250000000000000000e-01 5.659515859782496272e-02 4.886199953765965609e-01 4.097757811602332767e-01 2.111055979404359018e-01 1.805114809789091779e-01 7.743536344566526175e-01 2.931949347791694069e-02 1.135167511283242080e-02 3.318028085470386968e-01 2.994281231864315274e-01 1.387066810443501885e-01 1.263087070252443822e-01 8.169831716100526275e-01 -1.454911197322087194e-02 2.697198104678533159e-02
2.500000000000000000e-01 2.903616869255298827e-02 4.814738544519909236e-01 3.950438701101176564e-01 1.943922329202266708e-01 1.608607518659684044e-01 7.910590457134007991e-01 1.868374121584010644e-02 1.449174627386692026e-02 3.900758354163602615e-01 3.376295903188987202e-01 1.572486124224161119e-01 1.370465284401928274e-01 8.161101525554778080e-01 -2.356018924283819621e-02 1.894182163153325035e-02
5.000000000000000000e-01 1.842659397371660956e-01 5.006427305929002092e-01 4.361373194746235860e-01 2.378609048242460999e-01 2.130249430398142296e-01 8.299837269367262849e-01 1.987666234523488562e-01 1.758833802261225432e-01 4.567812998658968837e-01 4.113062842026619093e-01 2.135430567850218342e-01 1.959193000768588711e-01 8.445442511608676206e-01 1.477055288400085098e-01 1.951840465784183687e-01
1.000000000000000000e+00 3.562460380640001811e-01 5.925379734945465104e-01 5.426871697779476200e-01 3.779927705223234957e-01 3.591996702612550441e-01 8.684488813091528758e-01 3.902157289189205902e-01 3.531624258303074915e-01 5.783305285092444903e-01 5.345146070441774144e-01 3.713783956514353779e-01 3.548041617844139850e-01 8.732926389867983197e-01 3.547386076433215463e-01 3.878408981325232596e-01
2.000000000000000000e+00 5.373752165793697078e-01 7.183333070763976425e-01 6.863577201646831050e-01 5.140652909670930804e-01 5.015953233709106174e-01 9.211404939678335957e-01 5.801133662062345486e-01 5.361543162372213178e-01 7.153232708710310916e-01 6.842764455841329196e-01 5.113943917057239830e-01 4.993787407827527947e-01 9.225640140072715045e-01 5.696688519669912409e-01 5.799877435005331705e-01
4.000000000000000000e+00 6.008874051534358607e-01 7.898888264702131901e-01 7.590621863206126196e-01 5.867851947811059121e-01 5.747540083385425103e-01 9.418256866022313156e-01 6.454013886020525392e-01 6.008874051534358607e-01 7.898084567254978205e-01 7.590192865609500794e-01 5.867555345756803042e-01 5.747381686815695723e-01 9.418611639153073867e-01 6.429480762523224202e-01 6.454013886020525392e-01
8.000000000000000000e+00 8.074448857432796611e-01 9.008077765057710407e-01 8.938131215087307124e-01 7.232286305017674444e-01 7.205520519380186339e-01 9.738710032060833299e-01 8.599603827446073989e-01 8.074448857432796611e-01 9.008077765057710407e-01 8.938131215087307124e-01 7.232286305017674444e-01 7.205520519380186339e-01 9.738710032060833299e-01 8.599603827446073989e-01 8.599603827446073989e-01
1.600000000000000000e+01 8.824351736386434331e-01 9.530126058569972081e-01 9.508807465789518298e-01 8.011346572883122352e-01 8.007618839259946775e-01 9.911015090360097979e-01 9.254602274193602929e-01 8.824351736386434331e-01 9.530126058569972081e-01 9.508807465789518298e-01 8.011346572883122352e-01 8.007618839259946775e-01 9.911015090360097979e-01 9.254602274193602929e-01 9.254602274193602929e-01
