3.125000000000000000e-02 2.971083146865513558e-01 2.929896044612947392e-01 2.813945108335012546e-01 1.603729939065515753e-01 1.552545910072543611e-01 7.298297779040594513e-01 2.066449244690299336e-01 2.739902262340723760e-02 1.287417645690244195e-01 1.200849973684407490e-01 7.518937218974452996e-02 7.126667747002189690e-02 8.153996313685578645e-01 6.173537457354617841e-02 8.934453894914620720e-02
6.250000000000000000e-02 2.490787966973320722e-01 2.592664429994153141e-01 2.476414850109533439e-01 1.382412922776293518e-01 1.329094616318162447e-01 7.349106501530821012e-01 1.616066203124640888e-01 3.654924328445457310e-02 1.407941288522357171e-01 1.347719937222653097e-01 8.069966244658638432e-02 7.797084273334979609e-02 8.138727925498137061e-01 5.631795187608764491e-02 8.674682691375974752e-02
1.250000000000000000e-01 1.852921967576450779e-01 2.672831926071263520e-01 2.539084583254310745e-01 1.508609971786994963e-01 1.442518064946603507e-01 7.602351002378273659e-01 1.369161655399268873e-01 5.650721016845920014e-02 1.646101797643763631e-01 1.586782150753832665e-01 8.848814187570798462e-02 8.568869471975831820e-02 8.111043658768655185e-01 4.707785966516740694e-02 9.249445184536897457e-02
2.500000000000000000e-01 1.774427225410508957e-01 2.542814360721472600e-01 2.401347267746136716e-01 1.356463319246847266e-01 1.285007706943635530e-01 7.874071343444145610e-01 1.500395860525595426e-01 1.048833478290643467e-01 1.941307734029799337e-01 1.844612750187129835e-01 9.846861391567715560e-02 9.367499152955602315e-02 8.110808914158913474e-01 8.335969872390135149e-02 1.217181551278092577e-01
5.000000000000000000e-01 2.508918467063205870e-01 3.051024539480168829e-01 2.923188015389752148e-01 1.606226024910142880e-01 1.538418271803334292e-01 8.217116285133276854e-01 2.418138679627587495e-01 2.123177056686282871e-01 2.763471771765797502e-01 2.647183097988701772e-01 1.386172087700812405e-01 1.325375572372235466e-01 8.323385266863041476e-01 1.896077815672155276e-01 2.260645700846128925e-01
1.000000000000000000e+00 3.865081355116219974e-01 4.200896322533305138e-01 4.128350236792008854e-01 3.103351108782885226e-01 3.068765839387072591e-01 8.601616526866828760e-01 3.906894743954130167e-01 3.779927456098736149e-01 4.183780517952932487e-01 4.105052050142281583e-01 3.025426183487782139e-01 2.989029765958945983e-01 8.656531294151719180e-01 3.689353544488079839e-01 3.893258715376301526e-01
2.000000000000000000e+00 5.146625806965153815e-01 5.554518763363062162e-01 5.493660217949966063e-01 4.452983574009850565e-01 4.429478748082688044e-01 9.019572678912877173e-01 5.348181049654459063e-01 5.124417124981951455e-01 5.546309534991796797e-01 5.482143787165831839e-01 4.413750080463550995e-01 4.389898470813488052e-01 9.034039339134933844e-01 5.276763418762817626e-01 5.346648543131897746e-01
4.000000000000000000e+00 6.196344167339858933e-01 6.872347310672389797e-01 6.826816131932205156e-01 5.575453065579103473e-01 5.559692814101983016e-01 9.432276840236405446e-01 6.561270882708630792e-01 6.196001041522966046e-01 6.873887929165081179e-01 6.828265577421078758e-01 5.574017801483477363e-01 5.558256181499496851e-01 9.432856232881703384e-01 6.557721275156038754e-01 6.561472936925945021e-01
8.000000000000000000e+00 7.859444274450492207e-01 8.650015499115474293e-01 8.620666785497843598e-01 7.238393024512784768e-01 7.230612296528050598e-01 9.745356340704929288e-01 8.459173629031400132e-01 7.859444274450492207e-01 8.650015499115474293e-01 8.620666785497843598e-01 7.238393024512784768e-01 7.230612296528050598e-01 9.745356340704929288e-01 8.459173629031400132e-01 8.459173629031400132e-01
1.600000000000000000e+01 8.422177624618503167e-01 9.223254681735338911e-01 9.196799325454139140e-01 7.611162272379300431e-01 7.605404640311309583e-01 9.848696925954408821e-01 8.950638383978404278e-01 8.422177624618503167e-01 9.223254681735338911e-01 9.196799325454139140e-01 7.611162272379300431e-01 7.605404640311309583e-01 9.848696925954408821e-01 8.950638383978404278e-01 8.950638383978404278e-01
