3.125000000000000000e-02 1.546907144069310514e-01 3.418538541545337872e-01 3.215479576781837268e-01 1.810827440011778533e-01 1.708954270501695794e-01 7.099966234939717458e-01 1.358887674644254639e-01 1.509461805112063612e-02 1.428630667610602534e-01 1.341378657675248720e-01 7.403337042875900165e-02 7.007553064477088645e-02 8.158123246683000040e-01 5.960069395389767282e-04 7.299325618515008218e-02
6.250000000000000000e-02 1.415313026082092029e-01 3.136915346432064822e-01 2.932779561616588593e-01 1.653304853938425412e-01 1.551014909534841335e-01 7.295653100588526119e-01 1.278426869812155642e-01 2.454387523616984729e-02 1.612455364706559258e-01 1.543834571779590936e-01 8.593976134958616897e-02 8.269685838700985281e-02 8.148932291057547905e-01 8.305708899303380216e-03 7.857388585718454166e-02
1.250000000000000000e-01 1.456535681280950734e-01 3.081820442118626824e-01 2.865160506427028575e-01 1.572345511182619282e-01 1.466060776470583527e-01 7.724820017066172939e-01 1.520799318429946478e-01 5.069561488970219382e-02 1.941772036030224025e-01 1.851847944684074376e-01 9.881302985285574103e-02 9.464959150643452446e-02 8.140403135721190342e-01 3.993105497447217711e-02 1.029919162316731973e-01
2.500000000000000000e-01 1.842016627040510557e-01 3.310786718080673263e-01 3.092342206600731114e-01 1.746178033557448106e-01 1.638224703226711099e-01 7.965998539649442600e-01 2.123873276918571973e-01 1.276750365664786335e-01 2.665066917412808323e-01 2.522375506826865510e-01 1.404437223199385132e-01 1.336255704607604011e-01 8.187974753683374685e-01 1.315244491019185724e-01 1.856577531919512691e-01
5.000000000000000000e-01 3.402854315752507075e-01 4.558001039287373768e-01 4.408578155863179249e-01 3.113808766790934768e-01 3.042459961726875495e-01 8.473924782866508743e-01 3.757301204962308905e-01 3.116446411831380603e-01 4.312771462777384435e-01 4.186250684212821649e-01 2.810723258550736348e-01 2.752451612732487729e-01 8.609040201422727412e-01 3.183064053529511828e-01 3.648572074356504769e-01
1.000000000000000000e+00 4.615185677310820744e-01 5.586903740823283560e-01 5.468646191116125488e-01 3.994938107519129256e-01 3.937446281202373055e-01 8.843881135884321676e-01 5.054851892270467717e-01 4.519245315070949398e-01 5.533707762040156464e-01 5.411112385194825070e-01 3.890032516290775622e-01 3.832532241593973321e-01 8.891044763481100732e-01 4.784514787587424989e-01 5.020966418816645849e-01
2.000000000000000000e+00 6.220119430099915192e-01 7.077521196913735269e-01 6.994547048314943005e-01 5.388465283046834919e-01 5.350569941456705392e-01 9.248981538575677952e-01 6.799237237635675779e-01 6.183155261075984344e-01 7.047707089366364031e-01 6.962029143355361605e-01 5.334072807930954063e-01 5.296056059863977206e-01 9.264448147938750822e-01 6.701043686031784574e-01 6.779934635943605237e-01
4.000000000000000000e+00 7.119913600081289040e-01 8.130856048134806890e-01 8.058957994782868228e-01 6.582254050103243381e-01 6.545519573474751773e-01 9.418492949952190774e-01 7.750379463016537906e-01 7.117753041683045900e-01 8.126044048755741711e-01 8.054603223517036170e-01 6.519997973101721023e-01 6.483324730747761500e-01 9.418685130076589473e-01 7.746137459966702110e-01 7.748407388282889663e-01
8.000000000000000000e+00 8.053587695229568189e-01 8.920715458238556161e-01 8.883297601266084698e-01 7.305161829131846529e-01 7.295126113267607071e-01 9.759534273448022823e-01 8.547111057173293336e-01 8.053587695229568189e-01 8.920715458238556161e-01 8.883297601266084698e-01 7.305161829131846529e-01 7.295126113267607071e-01 9.759534273448022823e-01 8.547111057173293336e-01 8.547111057173293336e-01
1.600000000000000000e+01 8.035242275127009171e-01 8.729953331305506659e-01 8.697052063514439935e-01 7.472142715412753988e-01 7.467281969502708172e-01 9.758685093235190955e-01 8.339007436086296465e-01 8.035242275127009171e-01 8.729953331305506659e-01 8.697052063514439935e-01 7.472142715412753988e-01 7.467281969502708172e-01 9.758685093235190955e-01 8.339007436086296465e-01 8.339007436086296465e-01
