3.125000000000000000e-02 2.042032008554352518e-01 4.372626153183143405e-01 4.136820600455537456e-01 2.675937755333984702e-01 2.566426322060533782e-01 7.592504767624638218e-01 2.312898860562079273e-01 1.194892710092271097e-02 1.642803878143493934e-01 1.547527581723512347e-01 9.795649368873933505e-02 9.273360280683515255e-02 8.158457745990612686e-01 2.545125001453949973e-02 8.823731259119810266e-02
6.250000000000000000e-02 1.621886835864110310e-01 4.142607346691710712e-01 3.862508700677389495e-01 2.313901367463693515e-01 2.185353776170378404e-01 7.634378558842953577e-01 1.954367901450802247e-01 2.435233856116558043e-02 1.992292538302443683e-01 1.930485871622614757e-01 1.142093919473557567e-01 1.111862221004503853e-01 8.156112677489733009e-01 2.988600024529402405e-02 9.908333347217075648e-02
1.250000000000000000e-01 1.801223793403541329e-01 4.315449880461475485e-01 3.996472396853250619e-01 2.255815600636928431e-01 2.110154835852800226e-01 8.161185147581576649e-01 2.421692248418335358e-01 5.709425668716537616e-02 2.449519605579210668e-01 2.362552750959683590e-01 1.309294578421736632e-01 1.269243810772632264e-01 8.163082587150988223e-01 8.450340398685644849e-02 1.356873109912609676e-01
2.500000000000000000e-01 2.274570897534979597e-01 4.355322319092489458e-01 4.068599450963350517e-01 2.115461704242889429e-01 1.984555879742321283e-01 8.261869408694798578e-01 2.881751272020680599e-01 1.224426098564218995e-01 3.057128012865358291e-01 2.924961500148809956e-01 1.553542152245116215e-01 1.491856082478467682e-01 8.204556241055515065e-01 1.584247332946014108e-01 2.032001655912396842e-01
5.000000000000000000e-01 2.900295739837916997e-01 4.533967034724156187e-01 4.301317767561982919e-01 2.019670044735302761e-01 1.917068048299080951e-01 8.409224210189019111e-01 3.497613081030553350e-01 2.177050933313534609e-01 3.732557866731066598e-01 3.562602637559316165e-01 1.700030289785200710e-01 1.622062877961748528e-01 8.305763093015837706e-01 2.664375980193798288e-01 2.881432269900929821e-01
1.000000000000000000e+00 3.526553767316136234e-01 5.019458036288438896e-01 4.817637277509591032e-01 2.316190531883796644e-01 2.229790563407331450e-01 8.543439216712299666e-01 4.194192139703452615e-01 3.149734303422879744e-01 4.569803519280229431e-01 4.386672490611164266e-01 2.044995651794824509e-01 1.965235676108094132e-01 8.477396729496811112e-01 3.708765481547574017e-01 3.852568747654227521e-01
2.000000000000000000e+00 3.867974230572638894e-01 5.289327297610655343e-01 5.112285855560413372e-01 2.569959694923834581e-01 2.495943669461558323e-01 8.602046507832635802e-01 4.506323701839604068e-01 3.717336772011494705e-01 5.096689268605953949e-01 4.923110206182709780e-01 2.425130785895777685e-01 2.352046573738912350e-01 8.578164948458724126e-01 4.259765437066770355e-01 4.364229509120604034e-01
4.000000000000000000e+00 4.049496574587715392e-01 5.464368508337061892e-01 5.293815137842644569e-01 2.744474679661065286e-01 2.674964164989310778e-01 8.642222118052876878e-01 4.692715744791362553e-01 4.017025129499577352e-01 5.411947115753061865e-01 5.242000173749921110e-01 2.692671690769150583e-01 2.623231751273457091e-01 8.638276646667858438e-01 4.613115257006260017e-01 4.660767073132483507e-01
8.000000000000000000e+00 4.393406680406560794e-01 5.653784499613443426e-01 5.500066768101349313e-01 2.971737610361887549e-01 2.914605861655035213e-01 8.737503627701331821e-01 5.003328365466201966e-01 4.390971307516916555e-01 5.649832576940815310e-01 5.496022596598609811e-01 2.963849874163170250e-01 2.906589752971678320e-01 8.737314076666384821e-01 4.995772689816410095e-01 5.000788714982780103e-01
1.600000000000000000e+01 4.631820658986343653e-01 5.706007147431524373e-01 5.561608053742214119e-01 3.235235962216622685e-01 3.193179484744019248e-01 8.778154664459359990e-01 5.158226922738164966e-01 4.631768924256300934e-01 5.705992774399402112e-01 5.561579765207618209e-01 3.235198761622659069e-01 3.193137340670626489e-01 8.778161742743900708e-01 5.158077187133931485e-01 5.158184694370067103e-01
