3.125000000000000000e-02 2.000000000000000042e-02 4.986054014183253780e-01 4.315897362409993887e-01 2.107646630388789466e-01 1.838934560376844218e-01 7.158436266916466950e-01 0.000000000000000000e+00 5.671462193201322940e-04 2.110977385001046314e-01 2.014906220869456532e-01 9.372127187590491293e-02 8.976962445600186746e-02 8.157767350661341288e-01 -3.870263484279094085e-02 4.572053709476323578e-03
6.250000000000000000e-02 7.407407407407407690e-03 5.044838062673904222e-01 4.276819374528154083e-01 2.061044623338902093e-01 1.759310924976575097e-01 7.563960475955373575e-01 -2.028602064833948983e-03 4.830917874396135144e-04 2.701554042068617378e-01 2.564664266259233383e-01 1.113876282512421129e-01 1.062002748596945767e-01 8.157590299525737665e-01 -3.742914229356009148e-02 2.166292181529401104e-03
1.250000000000000000e-01 0.000000000000000000e+00 5.241839393209509756e-01 4.334321048032341306e-01 2.065808149719300102e-01 1.714338879147444816e-01 8.040981395717952118e-01 0.000000000000000000e+00 0.000000000000000000e+00 3.350429313359508665e-01 3.056264540668600649e-01 1.321638038461251663e-01 1.208845757974755242e-01 8.157562255328082435e-01 -1.521859013187801951e-02 0.000000000000000000e+00
2.500000000000000000e-01 0.000000000000000000e+00 5.098603698058421507e-01 4.152666163614425754e-01 1.970862705472858911e-01 1.609923173351712200e-01 8.082245327110858524e-01 0.000000000000000000e+00 0.000000000000000000e+00 3.919099707724977844e-01 3.417561646870457825e-01 1.518579524565208116e-01 1.327016429304125333e-01 8.157562255328082435e-01 -1.602924363610196828e-02 0.000000000000000000e+00
5.000000000000000000e-01 0.000000000000000000e+00 5.022115145854769702e-01 4.056336472957939865e-01 1.924881000289987432e-01 1.559411471484815903e-01 8.148140063138419320e-01 0.000000000000000000e+00 0.000000000000000000e+00 4.386770127483912707e-01 3.670463076709153949e-01 1.684544621386487584e-01 1.412754921823028420e-01 8.157562255328082435e-01 -3.873445990360983859e-03 0.000000000000000000e+00
1.000000000000000000e+00 9.028438524156887773e-03 4.979970253108799150e-01 4.009801117015272531e-01 1.916713567549435393e-01 1.550723861286456839e-01 8.152421353572220086e-01 1.248837627363395472e-02 9.028438524156887773e-03 4.683641011257170250e-01 3.832821818189514618e-01 1.805527249995330652e-01 1.484053746724958989e-01 8.154764352483309109e-01 1.203896878771428675e-02 1.248837627363395472e-02
2.000000000000000000e+00 6.688118485029920235e-02 5.069677394268767845e-01 4.145391596340382012e-01 2.079036213203074857e-01 1.731043214077617742e-01 8.169363273522649571e-01 8.514073057398778566e-02 6.688118485029920235e-02 4.957725722390884382e-01 4.078244214515207022e-01 2.037170341553583564e-01 1.705830464594119134e-01 8.172419602060910782e-01 8.305177183444566180e-02 8.514073057398778566e-02
4.000000000000000000e+00 1.251301295197898011e-01 5.228732795312739379e-01 4.395161515263277807e-01 2.410254346304808726e-01 2.094543792754683387e-01 8.305636426022426910e-01 1.439428116641389144e-01 1.251301295197898011e-01 5.203012623999192510e-01 4.379366603644333500e-01 2.400727790226212521e-01 2.088686733757341707e-01 8.307619738606282223e-01 1.412869985951134277e-01 1.439428116641389144e-01
8.000000000000000000e+00 2.430317736086027303e-01 5.627719287619982191e-01 4.983341379354404022e-01 3.109192699201346333e-01 2.863437386675751761e-01 8.595666774642608532e-01 2.662769355449298714e-01 2.430317736086027303e-01 5.625951878116679516e-01 4.982098410950770440e-01 3.108534957811162069e-01 2.862973235776108960e-01 8.595761421427893234e-01 2.658288601030258658e-01 2.662769355449298714e-01
1.600000000000000000e+01 3.056317510019427863e-01 5.958286490091154741e-01 5.420111578781058315e-01 3.624891738283173570e-01 3.414220029180283777e-01 8.741856079819543268e-01 3.376216647627329204e-01 3.056317510019427863e-01 5.958285805076454222e-01 5.420110709400302040e-01 3.624891447927055532e-01 3.414219679058139723e-01 8.741861111669088080e-01 3.375647833172519818e-01 3.376216647627329204e-01
