3.125000000000000000e-02 2.000000000000000042e-02 4.986054014183253780e-01 4.315897362409993887e-01 2.107646630388789466e-01 1.838934560376844218e-01 7.158436266916466950e-01 0.000000000000000000e+00 5.671462193201322940e-04 2.110977385001046314e-01 2.014906220869456532e-01 9.372127187590491293e-02 8.976962445600186746e-02 8.157767350661341288e-01 -3.870263484279094085e-02 4.572053709476323578e-03
6.250000000000000000e-02 7.407407407407407690e-03 5.044838062673904222e-01 4.276819374528154083e-01 2.061044623338902093e-01 1.759310924976575097e-01 7.563960475955373575e-01 -2.028602064833948983e-03 4.830917874396135144e-04 2.701554042068617378e-01 2.564664266259233383e-01 1.113876282512421129e-01 1.062002748596945767e-01 8.157590299525737665e-01 -3.742914229356009148e-02 2.166292181529401104e-03
1.250000000000000000e-01 0.000000000000000000e+00 5.241839393209509756e-01 4.334321048032341306e-01 2.065808149719300102e-01 1.714338879147444816e-01 8.040981395717952118e-01 0.000000000000000000e+00 0.000000000000000000e+00 3.350429313359508665e-01 3.056264540668600649e-01 1.321638038461251663e-01 1.208845757974755242e-01 8.157562255328082435e-01 -1.521859013187801951e-02 0.000000000000000000e+00
2.500000000000000000e-01 0.000000000000000000e+00 5.098603698058421507e-01 4.152666163614425754e-01 1.970862705472858911e-01 1.609923173351712200e-01 8.082245327110858524e-01 0.000000000000000000e+00 0.000000000000000000e+00 3.919099707724977844e-01 3.417561646870457825e-01 1.518579524565208116e-01 1.327016429304125333e-01 8.157562255328082435e-01 -1.602924363610196828e-02 0.000000000000000000e+00
5.000000000000000000e-01 0.000000000000000000e+00 5.022115145854769702e-01 4.056336472957939865e-01 1.924881000289987432e-01 1.559411471484815903e-01 8.148140063138419320e-01 0.000000000000000000e+00 0.000000000000000000e+00 4.386770127483912707e-01 3.670463076709153949e-01 1.684544621386487584e-01 1.412754921823028420e-01 8.157562255328082435e-01 -3.873445990360983859e-03 0.000000000000000000e+00
1.000000000000000000e+00 1.015116407370627791e-02 4.990983446196375350e-01 4.020765235104993840e-01 1.922104984370548997e-01 1.556091253851677458e-01 8.153902264301339242e-01 1.375818702785843589e-02 1.015116407370627791e-02 4.694654204344747561e-01 3.843785936279235926e-01 1.810918666816444533e-01 1.489421139290179608e-01 8.156245263212428265e-01 1.330877954193876792e-02 1.375818702785843589e-02
2.000000000000000000e+00 6.602635637045978223e-02 5.075441592286877857e-01 4.150551096878301038e-01 2.084246535789867627e-01 1.735861068277396724e-01 8.170120154636161258e-01 8.484040157500251367e-02 6.602635637045978223e-02 4.963489920408995504e-01 4.083403715053125493e-01 2.042380664140376334e-01 1.710648318793898115e-01 8.173176483174421358e-01 8.275144283546038981e-02 8.484040157500251367e-02
4.000000000000000000e+00 1.233918193104570349e-01 5.224545521687566918e-01 4.390544607727222548e-01 2.385474349776350589e-01 2.069547667766762633e-01 8.303794414450119676e-01 1.427204001191443861e-01 1.233918193104570349e-01 5.198825350374020049e-01 4.374749696108278796e-01 2.375947793697754107e-01 2.063690608769420676e-01 8.305777727033974989e-01 1.400645870501189272e-01 1.427204001191443861e-01
8.000000000000000000e+00 2.465966571722157663e-01 5.642139456514557727e-01 4.999389560148721490e-01 3.144895978160327510e-01 2.899350902620467796e-01 8.603667989334133903e-01 2.694639369057145739e-01 2.465966571722157663e-01 5.640372047011253942e-01 4.998146591745087353e-01 3.144238236770143247e-01 2.898886751720824440e-01 8.603762636119419716e-01 2.690158614638105683e-01 2.694639369057145739e-01
1.600000000000000000e+01 2.996234478700297021e-01 5.875640116664019308e-01 5.335747175630857209e-01 3.475117681471491249e-01 3.263033914235331512e-01 8.714150269231719648e-01 3.318675311649377235e-01 2.996234478700297021e-01 5.875639431649317679e-01 5.335746306250102045e-01 3.475117391115373211e-01 3.263033564113187457e-01 8.714155301081264460e-01 3.318106497194567850e-01 3.318675311649377235e-01
