3.125000000000000000e-02 1.993280511616978556e-01 4.351398049543803714e-01 4.114055949780197619e-01 2.672982256572185578e-01 2.563381024947724574e-01 7.576126734314317934e-01 2.233358869667602109e-01 1.154931343007045523e-02 1.638899271667494661e-01 1.543859687686780502e-01 9.794024672534436260e-02 9.271570633528887495e-02 8.157978566584263014e-01 2.335091633983128398e-02 8.560534177162588965e-02
6.250000000000000000e-02 1.647631719020755670e-01 4.137261022674103561e-01 3.860662258720863882e-01 2.303073096110449247e-01 2.175643952431335626e-01 7.638326256554585081e-01 1.989188705325061202e-01 2.475894644284970872e-02 1.986467437825284454e-01 1.926013936478182531e-01 1.135431508511952070e-01 1.105790100918222219e-01 8.155854547825315271e-01 3.120688561341754264e-02 1.004606703210918772e-01
1.250000000000000000e-01 1.731814313390396820e-01 4.312174540631416586e-01 3.985740435127499426e-01 2.251396234964477272e-01 2.102387699787506281e-01 8.150615118385506896e-01 2.363809798915329774e-01 5.547461558632300199e-02 2.455871540574598721e-01 2.367652736933151814e-01 1.299796143481233013e-01 1.259171009830941657e-01 8.162545116466389805e-01 8.094437702569952375e-02 1.333029565662321447e-01
2.500000000000000000e-01 2.128000084652840462e-01 4.324795970232654385e-01 4.024097327682251701e-01 2.138022738217389973e-01 2.001088367072606511e-01 8.242667018133865708e-01 2.772955510588866468e-01 1.157123058646474800e-01 3.046279341174511490e-01 2.908733692063268372e-01 1.584129984640886279e-01 1.520162723916226311e-01 8.199432118813853032e-01 1.487817274098569009e-01 1.967753577435196466e-01
5.000000000000000000e-01 2.868359114324862125e-01 4.502206328018811821e-01 4.275347359406864722e-01 2.050716487397996335e-01 1.950640309665640504e-01 8.404679489560612504e-01 3.422965584474388923e-01 2.160716723904213821e-01 3.709584485188112124e-01 3.544255852174347798e-01 1.723458277682365924e-01 1.647330214264816906e-01 8.305321418111022425e-01 2.614095449325392062e-01 2.823335269415985782e-01
1.000000000000000000e+00 3.517135503311010769e-01 5.090908562273368521e-01 4.878959172324093818e-01 2.439817865995915214e-01 2.348554461721248654e-01 8.554382224119106981e-01 4.207381713180459171e-01 3.140068010062571635e-01 4.639784437016210017e-01 4.446765293570831834e-01 2.164007515698627981e-01 2.079460761302650840e-01 8.486218276379497993e-01 3.719254655233012463e-01 3.867052996373179230e-01
2.000000000000000000e+00 3.971490826352962467e-01 5.490867867099796795e-01 5.299679346902106403e-01 2.653886055577341918e-01 2.573032183449874832e-01 8.677670622217789065e-01 4.703232287289264568e-01 3.814196818911088638e-01 5.287902876415337960e-01 5.099957996892811041e-01 2.507294308041057018e-01 2.427160558003207125e-01 8.648107429845479643e-01 4.439048383521234098e-01 4.553408921690839106e-01
4.000000000000000000e+00 4.191465882123291409e-01 5.640333955413189271e-01 5.462128689071616972e-01 2.857992560890211808e-01 2.782798605474397502e-01 8.720453039503279768e-01 4.897293837119300886e-01 4.160905560825142180e-01 5.592128863935486027e-01 5.414494258088893286e-01 2.823940356256033901e-01 2.748608218148451687e-01 8.716876844972342164e-01 4.813043895141018713e-01 4.867115592891964604e-01
8.000000000000000000e+00 4.423575702818542954e-01 5.848436255845301801e-01 5.686399025289856635e-01 3.120571816648288754e-01 3.055414854448409434e-01 8.793013917076707431e-01 5.094760352927342195e-01 4.421276601438093867e-01 5.844695344549425409e-01 5.682533906461948447e-01 3.115751681827768071e-01 3.050442720673778307e-01 8.792812047277536180e-01 5.086337140512697808e-01 5.092322181901185463e-01
1.600000000000000000e+01 4.404796180176031584e-01 5.836856046043071844e-01 5.673809700019746272e-01 2.972722239798485377e-01 2.906701296002893176e-01 8.795070390629354806e-01 5.095519198292871588e-01 4.404743273585530194e-01 5.836838680719826922e-01 5.673777166226480206e-01 2.972685805197386455e-01 2.906659655726326341e-01 8.795074806895867292e-01 5.095326584662045466e-01 5.095475475151818312e-01
