3.125000000000000000e-02 2.529169636640319907e-01 4.348139948997448156e-01 4.137564285250281415e-01 2.686609561509409327e-01 2.589805333795690001e-01 7.515726784231013813e-01 2.561843488812897696e-01 1.395192708567384067e-02 1.627088406650663288e-01 1.529362998106934268e-01 9.728666765704810371e-02 9.194577098354254907e-02 8.158801900382424144e-01 4.306234835108115749e-02 9.716528739832248907e-02
6.250000000000000000e-02 1.975772654982392018e-01 4.168100645353009504e-01 3.914452010761156897e-01 2.386856741762848899e-01 2.271323718058785301e-01 7.674053679925972871e-01 2.147714586969740325e-01 2.792412813279598199e-02 1.973966763129391955e-01 1.914334063808824649e-01 1.120563731835892002e-01 1.091753937083634468e-01 8.155746259878305926e-01 4.478043260781212204e-02 1.066822076459618684e-01
1.250000000000000000e-01 2.034053537754834384e-01 4.392326848753794755e-01 4.093491143173237368e-01 2.337158852637018780e-01 2.199674231099450206e-01 8.192107597569956434e-01 2.558270177235878462e-01 6.485472549703905076e-02 2.471330749438681584e-01 2.388994499665338944e-01 1.331238095925528497e-01 1.292536245700206254e-01 8.168402196316995045e-01 9.826606697441504779e-02 1.429591693856133716e-01
2.500000000000000000e-01 2.651620777890626446e-01 4.496496924639952208e-01 4.240720275460870825e-01 2.185845186247394600e-01 2.067609634753234393e-01 8.330830527203858527e-01 3.194646194795373595e-01 1.407858343089828379e-01 3.118391517904919308e-01 3.000047365037159519e-01 1.563497673280191957e-01 1.507020862207834044e-01 8.221442449795781648e-01 1.854247489369981183e-01 2.220438025123215309e-01
5.000000000000000000e-01 3.063544628986506480e-01 4.475627345564839321e-01 4.259413672238701598e-01 2.342917984560314582e-01 2.245410194521513247e-01 8.434708612441054187e-01 3.529675067901840158e-01 2.288926411084679924e-01 3.670408519627632038e-01 3.513167401131429002e-01 1.893148630619303774e-01 1.818513955702170948e-01 8.324170298675479529e-01 2.722946824560738555e-01 2.895623293310988222e-01
1.000000000000000000e+00 3.257073026062011212e-01 4.758577216826537226e-01 4.538782076024153178e-01 2.377961464337521313e-01 2.280820046391262845e-01 8.480656678241556001e-01 3.795072021384013894e-01 2.895814357358892921e-01 4.370297908706347045e-01 4.171534116295730343e-01 2.101772802091323444e-01 2.013529919219045894e-01 8.431903108833556093e-01 3.332381589301796065e-01 3.498714806676256339e-01
2.000000000000000000e+00 3.518728351482780514e-01 5.061975904858055930e-01 4.836408498509990328e-01 2.731952687434665017e-01 2.629192428332700060e-01 8.552215238412936849e-01 4.113739984798369109e-01 3.385076647795813298e-01 4.912101790459819650e-01 4.691352000041942860e-01 2.626356533745409227e-01 2.526878795473301853e-01 8.538801777913058721e-01 3.878925859686749300e-01 4.001138069552956367e-01
4.000000000000000000e+00 3.823263768729963652e-01 5.245805300926937864e-01 5.036599094209578409e-01 2.940805107026112641e-01 2.845153647107444561e-01 8.643589514480612968e-01 4.383043432413979978e-01 3.796782749131021317e-01 5.212126101821694668e-01 5.003479345560025715e-01 2.919767009545812253e-01 2.824761795906126083e-01 8.642979565558509547e-01 4.304303721646496883e-01 4.360004176104506080e-01
8.000000000000000000e+00 3.567519386256619573e-01 5.264236144839115061e-01 5.021761917047512513e-01 2.781141326474114717e-01 2.671091152415929759e-01 8.617837244445697431e-01 4.214856661077651112e-01 3.565594059703738328e-01 5.261919601876260399e-01 5.019227619658854778e-01 2.780051663151618113e-01 2.669923281073590116e-01 8.617815439431798508e-01 4.206148207999175215e-01 4.213067158362474030e-01
1.600000000000000000e+01 3.683745710664428907e-01 5.334554309022326857e-01 5.086077379089957162e-01 2.891457070572654442e-01 2.777747477775330820e-01 8.647063690053693463e-01 4.306396900931264704e-01 3.683697253621749379e-01 5.334542165421491955e-01 5.086050104376391712e-01 2.891425547070670121e-01 2.777710891539759697e-01 8.647067770646547080e-01 4.306181038824498652e-01 4.306356244287412594e-01
