3.125000000000000000e-02 2.421988451778711859e-01 4.397379043083177730e-01 4.181933043919920934e-01 2.731629957815795429e-01 2.633139131068931160e-01 7.519003103611729966e-01 2.578865342349858092e-01 1.344822099398565451e-02 1.648143043254178541e-01 1.550088043280279937e-01 9.840851740432522698e-02 9.303028428691201279e-02 8.158970316220757191e-01 3.479991788512744322e-02 9.479147250576168415e-02
6.250000000000000000e-02 1.872498281087232042e-01 4.213936718331683928e-01 3.949579756667278563e-01 2.344470857215102400e-01 2.222914301198094800e-01 7.638801027838808544e-01 2.170931587990222733e-01 2.771988518077009994e-02 2.027169561110488405e-01 1.964607208675501482e-01 1.153157610537005329e-01 1.122653417961022027e-01 8.157467331783467834e-01 3.868456365238869682e-02 1.080993515774661545e-01
1.250000000000000000e-01 2.055827445207272786e-01 4.435307319680857341e-01 4.132928050018229715e-01 2.330624804070448031e-01 2.191421118706413651e-01 8.172075385516344159e-01 2.662855434722598003e-01 6.466909879468554778e-02 2.523560581831885696e-01 2.438211680741958209e-01 1.336196379705609782e-01 1.296521866072245510e-01 8.167013305118016042e-01 9.723652267970842034e-02 1.482381593195241098e-01
2.500000000000000000e-01 2.569652205522999222e-01 4.614201297366056220e-01 4.336277913911705251e-01 2.200864974957707776e-01 2.074238695621399564e-01 8.316717948332726928e-01 3.216975843233856880e-01 1.400150981897808622e-01 3.225851894009336696e-01 3.096775723250511647e-01 1.599590977392303937e-01 1.539275772389075148e-01 8.228214592372120606e-01 1.824843580465393134e-01 2.252294299139953049e-01
5.000000000000000000e-01 3.100139476577865039e-01 4.798742176080510458e-01 4.571600907772201960e-01 2.142621620755801315e-01 2.043658036521528165e-01 8.456748243982338265e-01 3.720380411025079326e-01 2.338162717342858188e-01 3.938280332354739399e-01 3.770072886670147172e-01 1.786644725775860254e-01 1.709816374370563274e-01 8.338291519043473654e-01 2.873956239696022208e-01 3.066533199821697142e-01
1.000000000000000000e+00 3.719667507955092822e-01 5.292967839537303654e-01 5.090334929985679269e-01 2.571414676499411689e-01 2.483137565813368364e-01 8.621055337613230396e-01 4.440668866191008757e-01 3.318730251978316836e-01 4.812639530071260996e-01 4.626373794106213855e-01 2.262703165551661899e-01 2.179935692262178204e-01 8.540981001667925510e-01 3.931585020981804290e-01 4.076393610540042234e-01
2.000000000000000000e+00 4.201857068635785897e-01 5.663105096147713624e-01 5.476780746593125082e-01 2.911253070075244254e-01 2.832630091841180642e-01 8.743614192957596121e-01 4.929019528167160047e-01 4.040932445353504487e-01 5.452427036368954205e-01 5.268763536391665170e-01 2.757154244703927670e-01 2.679006759070998167e-01 8.712398904496772012e-01 4.669547415325391859e-01 4.776536798111330473e-01
4.000000000000000000e+00 4.441243865956852055e-01 5.867031759710663597e-01 5.700383081994712109e-01 3.063817742151210277e-01 2.993817753669073545e-01 8.815841826353468802e-01 5.137760394485302307e-01 4.410648705852274198e-01 5.818216639547224567e-01 5.652160609219162302e-01 3.024540926394462259e-01 2.954441347715171529e-01 8.812249822451508896e-01 5.056125900703412057e-01 5.107755411043309879e-01
8.000000000000000000e+00 4.351764792675010818e-01 5.822598082405592290e-01 5.647151622140409444e-01 2.980541184086035744e-01 2.909819656896520668e-01 8.770862949529005803e-01 5.061080236276612743e-01 4.349467260941433100e-01 5.818832495751742329e-01 5.643267862306600158e-01 2.974975734862599919e-01 2.904104902354024964e-01 8.770658929445631635e-01 5.052308702765572201e-01 5.058626792030742614e-01
1.600000000000000000e+01 4.330222886142487404e-01 5.907251348593575146e-01 5.723134736785381316e-01 2.961945004615831878e-01 2.886017647078746862e-01 8.789911375960832718e-01 5.085556225206149250e-01 4.330171634545560422e-01 5.907233659019547334e-01 5.723101824166918483e-01 2.961908961445612887e-01 2.885976378383158791e-01 8.789916257522996101e-01 5.085369567135892277e-01 5.085514117789444732e-01
