3.125000000000000000e-02 3.333333333333333287e-02 4.986054014183253780e-01 4.315897362409993887e-01 2.107646630388789466e-01 1.838934560376844218e-01 7.380658489138689493e-01 2.222222222222222307e-02 1.055546707720620694e-03 2.116205539267957958e-01 2.019020486198662701e-01 9.556480549162935101e-02 9.148785681879581522e-02 8.158850635213956703e-01 -3.050554018494070971e-02 7.183148481690810813e-03
6.250000000000000000e-02 7.407407407407407690e-03 5.044838062673904222e-01 4.276819374528154083e-01 2.061044623338902093e-01 1.759310924976575097e-01 7.563960475955373575e-01 -2.028602064833948983e-03 4.830917874396135144e-04 2.701554042068617378e-01 2.564664266259233383e-01 1.113876282512421129e-01 1.062002748596945767e-01 8.157590299525737665e-01 -3.742914229356009148e-02 2.166292181529401104e-03
1.250000000000000000e-01 0.000000000000000000e+00 5.241839393209509756e-01 4.334321048032341306e-01 2.065808149719300102e-01 1.714338879147444816e-01 8.040981395717952118e-01 0.000000000000000000e+00 0.000000000000000000e+00 3.350429313359508665e-01 3.056264540668600649e-01 1.321638038461251663e-01 1.208845757974755242e-01 8.157562255328082435e-01 -1.521859013187801951e-02 0.000000000000000000e+00
2.500000000000000000e-01 0.000000000000000000e+00 5.098603698058421507e-01 4.152666163614425754e-01 1.970862705472858911e-01 1.609923173351712200e-01 8.082245327110858524e-01 0.000000000000000000e+00 0.000000000000000000e+00 3.919099707724977844e-01 3.417561646870457825e-01 1.518579524565208116e-01 1.327016429304125333e-01 8.157562255328082435e-01 -1.602924363610196828e-02 0.000000000000000000e+00
5.000000000000000000e-01 0.000000000000000000e+00 5.022115145854769702e-01 4.056336472957939865e-01 1.924881000289987432e-01 1.559411471484815903e-01 8.148140063138419320e-01 0.000000000000000000e+00 0.000000000000000000e+00 4.386770127483912707e-01 3.670463076709153949e-01 1.684544621386487584e-01 1.412754921823028420e-01 8.157562255328082435e-01 -3.873445990360983859e-03 0.000000000000000000e+00
1.000000000000000000e+00 8.600895115781279424e-03 4.978803667352366680e-01 4.007872213871527256e-01 1.896280959442425418e-01 1.530176231754666327e-01 8.150846433442013872e-01 1.219195912252612687e-02 8.600895115781279424e-03 4.682474425500737780e-01 3.830892915045769342e-01 1.785094641888320677e-01 1.463506117193168476e-01 8.153189432353102895e-01 1.174255163660645890e-02 1.219195912252612687e-02
2.000000000000000000e+00 6.523350589395730814e-02 5.066775918573013238e-01 4.141083815478143193e-01 2.056281996247016908e-01 1.707828091194477649e-01 8.167538587162109787e-01 8.413194285531543082e-02 6.523350589395730814e-02 4.954824246695129775e-01 4.073936433652967648e-01 2.014416124597525337e-01 1.682615341710979040e-01 8.170594915700370997e-01 8.204298411577332084e-02 8.413194285531543082e-02
4.000000000000000000e+00 1.305968634170479592e-01 5.276332389436633186e-01 4.444913698415096093e-01 2.484943026323137572e-01 2.170861891717643377e-01 8.329288192210129171e-01 1.492078202213126537e-01 1.305968634170479592e-01 5.250612218123086317e-01 4.429118786796151785e-01 2.475416470244541367e-01 2.165004832720301697e-01 8.331271504793984484e-01 1.465520071522871948e-01 1.492078202213126537e-01
8.000000000000000000e+00 2.478733075033612843e-01 5.663778645398827027e-01 5.020367678408745871e-01 3.135151080811912627e-01 2.889196972634082705e-01 8.609542320909473467e-01 2.705458653717225381e-01 2.478733075033612843e-01 5.662011235895524353e-01 5.019124710005111734e-01 3.134493339421728364e-01 2.888732821734439904e-01 8.609636967694759280e-01 2.700977899298185325e-01 2.705458653717225381e-01
1.600000000000000000e+01 3.000372644443000114e-01 5.890560492223128053e-01 5.348429992873314776e-01 3.483811254229934318e-01 3.270072064821751834e-01 8.714462133430334045e-01 3.328800495216942545e-01 3.000372644443000114e-01 5.890559807208427534e-01 5.348429123492558501e-01 3.483810963873816280e-01 3.270071714699607224e-01 8.714467165279878857e-01 3.328231680762133160e-01 3.328800495216942545e-01
