3.125000000000000000e-02 2.512088251532544336e-01 4.383812883006183436e-01 4.168657820436520445e-01 2.735600493376171283e-01 2.637323920141946831e-01 7.520488248544894283e-01 2.557635566779251635e-01 1.337253747815935791e-02 1.648673330392895764e-01 1.550152330178089788e-01 1.006155298572723594e-01 9.516522846753651399e-02 8.159634224811548320e-01 4.198920711876345802e-02 9.666939216423414694e-02
6.250000000000000000e-02 1.923190489808354331e-01 4.178582983814285168e-01 3.919962088769397557e-01 2.406243015583991451e-01 2.288940102121986842e-01 7.672012382430225541e-01 2.105181091600523413e-01 2.670720062127993760e-02 1.987339491774720024e-01 1.927043707937105277e-01 1.135651978588715777e-01 1.106490712560325579e-01 8.155895141468775256e-01 4.217664623297770476e-02 1.046479273830433487e-01
1.250000000000000000e-01 1.851225064266516784e-01 4.350332184796459334e-01 4.039376617225680088e-01 2.352502387310904941e-01 2.210947366646529855e-01 8.176570809992338429e-01 2.411944001845979790e-01 5.663270996554625736e-02 2.461382510872835994e-01 2.376511307369750248e-01 1.325941318551869252e-01 1.286714893135654236e-01 8.165886294421274005e-01 8.537947745454503579e-02 1.341249199397135106e-01
2.500000000000000000e-01 2.206760438639435440e-01 4.263315243483924988e-01 3.978976137398314572e-01 2.167465446436620258e-01 2.037268133985573604e-01 8.273247829109103835e-01 2.793713437640141239e-01 1.155790461163699601e-01 2.980007407904692318e-01 2.850878077804216426e-01 1.569661829241161266e-01 1.508855615781313497e-01 8.204743498374856836e-01 1.505774014648749437e-01 1.953012591009551935e-01
5.000000000000000000e-01 2.841009634439176090e-01 4.470416010190631506e-01 4.232375208469143502e-01 2.082244965151819893e-01 1.975185359402511498e-01 8.406850110216911309e-01 3.398965443612469994e-01 2.137703416094272613e-01 3.691294602834944705e-01 3.517496362739651050e-01 1.750014148002228542e-01 1.668649499297768513e-01 8.311345027228806970e-01 2.593215218652784038e-01 2.818148403810585290e-01
1.000000000000000000e+00 3.501272185996948672e-01 4.968149710834632860e-01 4.766568527169438574e-01 2.318909425736227770e-01 2.230742632720642826e-01 8.543066544993997979e-01 4.115106279173572634e-01 3.126306068086977530e-01 4.533242250303547438e-01 4.349168209926726480e-01 2.051813961538168085e-01 1.969842018039101028e-01 8.478812168792042581e-01 3.644906527118825790e-01 3.786683529496350231e-01
2.000000000000000000e+00 3.956325136419052702e-01 5.286943333220321950e-01 5.116435309736694359e-01 2.560739975784047662e-01 2.489444424224710462e-01 8.624842622008518367e-01 4.561977943372343969e-01 3.801589197133368736e-01 5.093749191105736429e-01 4.925707129583122845e-01 2.411590193121493919e-01 2.340568643425912920e-01 8.598986681276898913e-01 4.321196017646949938e-01 4.418030163337680616e-01
4.000000000000000000e+00 4.279585410154301273e-01 5.613201791469556445e-01 5.452161140306651665e-01 2.898378288536039848e-01 2.831334441471261565e-01 8.735875921057986160e-01 4.922366822045800561e-01 4.248280706340957225e-01 5.564613724131669548e-01 5.403716234565513199e-01 2.865008049627215669e-01 2.797607092032943776e-01 8.732100923040280183e-01 4.841330342558534672e-01 4.891992973283101898e-01
8.000000000000000000e+00 4.522163092141023855e-01 5.903761451394398119e-01 5.745857298068889341e-01 3.200979030304553774e-01 3.139179605182199073e-01 8.835050632712153629e-01 5.193031040517452901e-01 4.519807361732487982e-01 5.900170396243411552e-01 5.742087486268067087e-01 3.201201429462410264e-01 3.139121777478434128e-01 8.834862599852413290e-01 5.184806247235934640e-01 5.190575962177292890e-01
1.600000000000000000e+01 4.730821201596770442e-01 6.154780863146011027e-01 6.003738823502545729e-01 3.488205263380435017e-01 3.429838065950588377e-01 8.919393811705147446e-01 5.407584622540894115e-01 4.730770415677207907e-01 6.154762968894836872e-01 6.003705864487591803e-01 3.488169259534012467e-01 3.429796836365155421e-01 8.919399319668757098e-01 5.407409465086671085e-01 5.407543198091483427e-01
