3.125000000000000000e-02 2.351427309600359061e-01 4.461509262958774924e-01 4.227028526449880808e-01 2.765748115516470929e-01 2.659760283158099092e-01 7.520056269029972151e-01 2.550426864300620600e-01 1.304810927068542764e-02 1.681667101309766987e-01 1.581907056941684597e-01 1.001559641895248681e-01 9.471028970792316759e-02 8.159624956779710780e-01 3.304355912559277242e-02 9.424589614349020150e-02
6.250000000000000000e-02 1.894787144101366116e-01 4.378676568086226073e-01 4.093384330192876841e-01 2.512974444988997913e-01 2.384229653571455776e-01 7.710800618153992314e-01 2.284710396405314203e-01 2.758833917331148314e-02 2.094429080404228705e-01 2.027248819565858617e-01 1.201839882829617429e-01 1.169260598686006764e-01 8.161451597113339451e-01 4.169718824507946675e-02 1.118539930888272221e-01
1.250000000000000000e-01 2.044109143888029057e-01 4.719824154888252465e-01 4.380241017413462057e-01 2.415459392670523397e-01 2.259909510936448929e-01 8.235401556091206388e-01 2.845859142815190812e-01 6.574847595549856982e-02 2.691980325631850857e-01 2.595420632400651795e-01 1.384241204245249546e-01 1.340337263423795611e-01 8.181513197033258855e-01 1.032031375013840180e-01 1.600538714999891754e-01
2.500000000000000000e-01 2.503802281424469256e-01 4.805296284368195670e-01 4.488308514189338627e-01 2.293197290271365152e-01 2.151586368747590017e-01 8.346202566433529313e-01 3.338571706663214234e-01 1.381162775901375039e-01 3.387332643223081030e-01 3.237965156126738631e-01 1.691211207919624537e-01 1.623670877244988986e-01 8.244632407509100425e-01 1.869398251448129156e-01 2.372854633192584828e-01
5.000000000000000000e-01 3.181054087475860270e-01 5.151307017833185453e-01 4.894582914517442429e-01 2.368402386324560682e-01 2.256444588999032552e-01 8.533216185854646252e-01 3.974794325349369495e-01 2.422261916035998441e-01 4.240175387581575639e-01 4.047449323494474727e-01 1.987515109142066472e-01 1.899729450016554300e-01 8.392199088255316575e-01 3.079736054496186037e-01 3.303602827448282597e-01
1.000000000000000000e+00 3.868871973101011830e-01 5.594835660894792451e-01 5.365615330332147437e-01 2.769527960183174597e-01 2.669841723312196269e-01 8.678771839763516072e-01 4.653032688957609575e-01 3.498829358813986823e-01 5.111949167118808868e-01 4.903157578997187072e-01 2.483727442212651793e-01 2.391394518902664468e-01 8.597574251397314127e-01 4.151253205245030165e-01 4.307328414910924774e-01
2.000000000000000000e+00 4.208596930700695404e-01 5.827861974147486857e-01 5.616665060514756114e-01 3.055042545641274421e-01 2.962363964700445162e-01 8.760835405704706647e-01 4.980547299684353058e-01 4.062471743338452179e-01 5.618438219244239473e-01 5.410272717481382498e-01 2.917328412936750492e-01 2.825812073518473300e-01 8.728680788368825549e-01 4.714807648796977002e-01 4.837663809185188679e-01
4.000000000000000000e+00 4.285604644870913971e-01 5.905262317377832915e-01 5.705031830480263855e-01 3.108455760329824069e-01 3.020279443777100781e-01 8.786126965416827250e-01 5.073499610284497585e-01 4.258213226357645542e-01 5.858852433363581635e-01 5.659258041346898471e-01 3.084061890924266747e-01 2.995828172324541128e-01 8.782350677803413275e-01 4.980007061426816595e-01 5.045590187569762852e-01
8.000000000000000000e+00 4.281547910176554672e-01 5.874940257126299858e-01 5.672205914260948223e-01 3.101434033023148795e-01 3.011007301290247740e-01 8.772299357683455145e-01 5.064776203972111146e-01 4.279505602768642891e-01 5.871535140591261914e-01 5.668643180611556698e-01 3.100015474778523017e-01 3.009416133998762399e-01 8.772059438574331125e-01 5.053444427585757071e-01 5.062488900944894787e-01
1.600000000000000000e+01 4.348188218404246408e-01 5.911186483703961825e-01 5.713551915691124083e-01 3.144538871131725144e-01 3.057735389986571684e-01 8.794593103784659194e-01 5.119803037096161136e-01 4.348143873743637866e-01 5.911177757061820692e-01 5.713528234515188320e-01 3.144509443877191446e-01 3.057701167024957090e-01 8.794596490399891886e-01 5.119541686074012832e-01 5.119763866364210880e-01
