3.125000000000000000e-02 2.651844986830311779e-01 4.408162697920956496e-01 4.193339310943091092e-01 2.719600299317142533e-01 2.621211421250850271e-01 7.744991096300773981e-01 2.853325155329147211e-01 1.424366850655731445e-02 1.657174206842801922e-01 1.556785259376554098e-01 1.005108604924418170e-01 9.494977570834933767e-02 8.160122193583457806e-01 4.872617178228650509e-02 1.007860186272449277e-01
6.250000000000000000e-02 2.035888351786618033e-01 4.301078323883829602e-01 4.038452228170456015e-01 2.468295805580739688e-01 2.349101967702353910e-01 7.694521709128829823e-01 2.277712166515188652e-01 2.839972611105985936e-02 2.052789552600881029e-01 1.989723266620511133e-01 1.183951113349697853e-01 1.153087445037082603e-01 8.160422397209459167e-01 4.733037113241018307e-02 1.123407702200386743e-01
1.250000000000000000e-01 2.177561073204220543e-01 4.504237222350659930e-01 4.205690411684804286e-01 2.373684605263555458e-01 2.236955059006190405e-01 8.184739193353970377e-01 2.775182254390665126e-01 6.925580991579483037e-02 2.560570828735398985e-01 2.475183726463589529e-01 1.356762732557507123e-01 1.317281419688206834e-01 8.172867703653937665e-01 1.045906278038040427e-01 1.548316615111726691e-01
2.500000000000000000e-01 2.651046152795023536e-01 4.605033662178810161e-01 4.339019695545839328e-01 2.190104724440616601e-01 2.069334971759609343e-01 8.321817362313157496e-01 3.253220829965344230e-01 1.433066957324466706e-01 3.216260757282830007e-01 3.091916504469844340e-01 1.587748749321735431e-01 1.529753258099348368e-01 8.230345434847378128e-01 1.857839748380553102e-01 2.267463576517820545e-01
5.000000000000000000e-01 3.163054650049376137e-01 4.849728938706852621e-01 4.623394606567955423e-01 2.202785605889421849e-01 2.105016131089447184e-01 8.469761448007863125e-01 3.799242446658643857e-01 2.404170848174587705e-01 3.986700523447606614e-01 3.819675103419031825e-01 1.840176082363889631e-01 1.764458478572783484e-01 8.353364818101233213e-01 2.951796407621078422e-01 3.148180658214412286e-01
1.000000000000000000e+00 3.660183750728677743e-01 5.271202848294228582e-01 5.064600845287016151e-01 2.501921227638492229e-01 2.413715687185871983e-01 8.598530837808546767e-01 4.371802385944484892e-01 3.268086218245160324e-01 4.794798134394380185e-01 4.606496699513248361e-01 2.198847201329872381e-01 2.116464700796382159e-01 8.522701330594507629e-01 3.869885503860726050e-01 4.013838403746973760e-01
2.000000000000000000e+00 4.218207850807066950e-01 5.713018373979161790e-01 5.529917233223693440e-01 2.910567959082589473e-01 2.832700268607943883e-01 8.748181420033264155e-01 4.935790977343829100e-01 4.058805920777729392e-01 5.498505515248731657e-01 5.317474866000736489e-01 2.757692982085008238e-01 2.680483392308151136e-01 8.716989471820759672e-01 4.678731612777087823e-01 4.784584986410607144e-01
4.000000000000000000e+00 4.368879196163211187e-01 5.741613956090625415e-01 5.575358969989419045e-01 3.068739370764708707e-01 3.002640899621112358e-01 8.763051331435937064e-01 5.036476095302138134e-01 4.338349383411754800e-01 5.692390529618293060e-01 5.526914058278177277e-01 3.028786441029605592e-01 2.962624305733557728e-01 8.759435083087694363e-01 4.952143810552310232e-01 5.006235886827918868e-01
8.000000000000000000e+00 4.345155843029633314e-01 5.828363989051713601e-01 5.652670930597236687e-01 2.978998592368137244e-01 2.907844975917096009e-01 8.773456536654673510e-01 5.056300093690937469e-01 4.342861069980745170e-01 5.824593059781828508e-01 5.648787399412519283e-01 2.973434538219654200e-01 2.902131497557917106e-01 8.773253088942111200e-01 5.047512743061506324e-01 5.053852442064453721e-01
1.600000000000000000e+01 4.509117397861118759e-01 6.030989407357196797e-01 5.857509106969293056e-01 3.173825655771442267e-01 3.104542710451310139e-01 8.860690333629471782e-01 5.252207009229487022e-01 4.509066533792410736e-01 6.030972251203864376e-01 5.857476714775611271e-01 3.173789870014414038e-01 3.104501714582961758e-01 8.860695098246318402e-01 5.252016753149731931e-01 5.252165151308672009e-01
