3.125000000000000000e-02 2.517387751941412288e-01 4.425769990421050126e-01 4.207960628922882695e-01 2.740874871834726445e-01 2.641269535685998315e-01 7.530735398823549254e-01 2.642796341086476319e-01 1.376397622244292934e-02 1.659802042637975317e-01 1.560469891057752745e-01 9.937328289767224931e-02 9.391773246419456156e-02 8.159531439618707971e-01 4.093465610546834915e-02 9.866807693927222289e-02
6.250000000000000000e-02 1.878830116610717971e-01 4.226198597162940107e-01 3.961433243017807304e-01 2.356011172519430763e-01 2.234285789763289509e-01 7.639719016591079992e-01 2.183427528685676355e-01 2.798229178505116585e-02 2.033828192521883738e-01 1.971193932830949958e-01 1.159453178440019994e-01 1.128834725717992177e-01 8.157508628665923744e-01 3.911268065366017149e-02 1.087121046769103372e-01
1.250000000000000000e-01 2.127836240810854207e-01 4.474115176687887829e-01 4.174335626216664208e-01 2.333049795912462421e-01 2.195084770928750761e-01 8.182916019837236377e-01 2.737948632097203516e-01 6.753569723994463925e-02 2.546170398669937440e-01 2.460924162703298501e-01 1.336804289274629853e-01 1.297177610320661145e-01 8.170841371457173707e-01 1.016206771703148937e-01 1.522169493361348880e-01
2.500000000000000000e-01 2.634015572368235136e-01 4.619814129824818538e-01 4.349992275582644230e-01 2.236353150050304217e-01 2.112097075003955549e-01 8.330226742453394895e-01 3.264547463010947226e-01 1.425790321380276948e-01 3.229873231538274436e-01 3.104730402024334923e-01 1.625207041014800902e-01 1.565966861337961258e-01 8.235957711090398092e-01 1.851562439653379744e-01 2.282692945127106632e-01
5.000000000000000000e-01 3.202372481575921359e-01 4.865932600738732128e-01 4.635736322456529002e-01 2.200741493602681176e-01 2.101477253706795500e-01 8.478180847602070358e-01 3.856569899404194146e-01 2.426722503357769678e-01 3.995333106812827828e-01 3.825455153113261897e-01 1.840635315935195138e-01 1.763732167315529287e-01 8.355173899490393463e-01 2.994802433070136716e-01 3.188911298574181874e-01
1.000000000000000000e+00 3.674951114271778896e-01 5.310540280770297272e-01 5.099134590740284079e-01 2.537111832856326910e-01 2.446267471782437586e-01 8.611743355265274458e-01 4.413386650059420990e-01 3.274220013461817680e-01 4.828131409996643253e-01 4.634774968916337556e-01 2.236175087841080211e-01 2.151157279176996728e-01 8.532211463720097422e-01 3.903190783754227899e-01 4.048078091307505955e-01
2.000000000000000000e+00 4.108753712894758769e-01 5.639782499214209821e-01 5.446615219312294087e-01 2.861031660468833504e-01 2.779707955121565877e-01 8.720324657047793249e-01 4.850129738320869133e-01 3.951035318750655834e-01 5.432059643425959372e-01 5.241888412047769341e-01 2.711918308365375840e-01 2.631174003586653765e-01 8.689869555505956855e-01 4.592291788113558315e-01 4.700183067388410407e-01
4.000000000000000000e+00 4.421746739929536818e-01 5.849772568145573670e-01 5.681008597285048811e-01 3.083419242378360736e-01 3.014526748465337080e-01 8.803740337504826208e-01 5.121625239203824176e-01 4.391069117151700230e-01 5.800426401773349783e-01 5.632407334015151479e-01 3.043802027352174866e-01 2.974848416544326191e-01 8.800141988719677455e-01 5.038325815789165274e-01 5.091324091153899278e-01
8.000000000000000000e+00 4.345453759954260864e-01 5.840982409881092519e-01 5.664820836766923939e-01 2.967691320492214513e-01 2.895629569478240795e-01 8.778332432040129030e-01 5.066630816762905942e-01 4.343165623685000809e-01 5.837179120221545059e-01 5.660904146104096535e-01 2.962105867718159979e-01 2.889892948233484526e-01 8.778136664756078789e-01 5.057922076949972201e-01 5.064183758032509974e-01
1.600000000000000000e+01 4.548722694633253738e-01 6.028397577212114555e-01 5.864758071369542414e-01 3.195809228858198514e-01 3.130705127675399435e-01 8.873474512530084013e-01 5.272075043152046891e-01 4.548672394833089827e-01 6.028381601315263572e-01 5.864726971792280086e-01 3.195774159305359019e-01 3.130664876936999352e-01 8.873479478659477282e-01 5.271887817270992649e-01 5.272033770993560520e-01
