3.125000000000000000e-02 3.403738868637227188e-01 3.843282599343813000e-01 3.720786649661420031e-01 2.410962146470555512e-01 2.353760767559889000e-01 7.553618778340968065e-01 2.817883950465580045e-01 3.020203771210873758e-02 1.496144676073920821e-01 1.387267298967589102e-01 8.755072522328677387e-02 8.175618756918530405e-02 8.120116123184982770e-01 6.713854530247446994e-02 1.087474713399156773e-01
6.250000000000000000e-02 2.543462194901832674e-01 3.728597190064016353e-01 3.572624319409727356e-01 2.122884501000099622e-01 2.044650594166137481e-01 7.417050335545313233e-01 2.111014686776248039e-01 4.923837921111487437e-02 1.789602482956146046e-01 1.721601303869521038e-01 9.828428705520281250e-02 9.503014251613989272e-02 8.068258115619731941e-01 6.152129822950886534e-02 1.113936008149106621e-01
1.250000000000000000e-01 2.483644704313769935e-01 3.589220845313192965e-01 3.440273259048112764e-01 1.949286308024532066e-01 1.876120071426606584e-01 7.742741158596542217e-01 2.237094974289271232e-01 7.936441321944001648e-02 2.076634873518612423e-01 2.011136355318026703e-01 1.101661671449643415e-01 1.069699891693836613e-01 8.059237004607751054e-01 9.050500056701715756e-02 1.299297073772466005e-01
2.500000000000000000e-01 2.653573863610950712e-01 3.648596648708778978e-01 3.493461602907209640e-01 1.839329435258715284e-01 1.764468291901683528e-01 8.018527183671270153e-01 2.565566996317192872e-01 1.299451395290950884e-01 2.471567912591340344e-01 2.390564120075847621e-01 1.230191635457579813e-01 1.189788720327802085e-01 8.094804697391194681e-01 1.461909943384646637e-01 1.728641166398025841e-01
5.000000000000000000e-01 3.313903400270167832e-01 4.032750137443937843e-01 3.922291598000631763e-01 2.120972258516662379e-01 2.066348489990004200e-01 8.297235925272476997e-01 3.290014326431744962e-01 2.324986809508091667e-01 3.185726785576510345e-01 3.096810812314215178e-01 1.611599121798327205e-01 1.565554969918747374e-01 8.264649418015536098e-01 2.495560583438300173e-01 2.609305812427246685e-01
1.000000000000000000e+00 3.453811223209994341e-01 4.351357016849790593e-01 4.218401975895798017e-01 2.174074641929869545e-01 2.113799439265552360e-01 8.379496124362240117e-01 3.717259316989964257e-01 2.951956527081313619e-01 3.870284715961702648e-01 3.752515492666327890e-01 1.838162541209299450e-01 1.783521713690711663e-01 8.363690573858101329e-01 3.203520455278733858e-01 3.329597010298199766e-01
2.000000000000000000e+00 3.962129876350096169e-01 5.094994008744069269e-01 4.941390588933561312e-01 2.529767207289335684e-01 2.466229946855370003e-01 8.542650565335575541e-01 4.411039514543891316e-01 3.722019385821173088e-01 4.819038602338557853e-01 4.677441942715019341e-01 2.314129705452060426e-01 2.254618331864765846e-01 8.531230421918796214e-01 4.121045832878083015e-01 4.202825456129063442e-01
4.000000000000000000e+00 4.341504581244060024e-01 5.622436096184052490e-01 5.476261307855465610e-01 3.030525334689263550e-01 2.969836019154337148e-01 8.714257682174298969e-01 4.912964601035884060e-01 4.221098697383213194e-01 5.469924682962251650e-01 5.328348785502021734e-01 2.924982805328454338e-01 2.865763449608312308e-01 8.700831196760832054e-01 4.743412185607488452e-01 4.803126009080704861e-01
8.000000000000000000e+00 4.442179196477566983e-01 5.866898218483430627e-01 5.710617327526537057e-01 3.156529679655857845e-01 3.091507588006925378e-01 8.744345513130412639e-01 5.068713606997722332e-01 4.398788448785641014e-01 5.804639352397067409e-01 5.650178803380631054e-01 3.116818273604081702e-01 3.051962668226741449e-01 8.740067976320813337e-01 4.989482768716813066e-01 5.027621228410575904e-01
1.600000000000000000e+01 4.606197834057326190e-01 6.041985345530300755e-01 5.889410982511255055e-01 3.402347754304192451e-01 3.342840637341330523e-01 8.804448086392029360e-01 5.230159754968581876e-01 4.597126340290358382e-01 6.026952132196341516e-01 5.874218298312807729e-01 3.378428896156774885e-01 3.318781820967362517e-01 8.803214613748877593e-01 5.210756548658685983e-01 5.221320203438656327e-01
