3.125000000000000000e-02 2.618063874794756551e-01 3.845108558807716070e-01 3.685937443215794307e-01 2.318880324505459001e-01 2.238119628062992528e-01 7.708434053873894909e-01 2.561190757761867554e-01 2.048586234883995397e-02 1.533291393171009875e-01 1.434245390246564611e-01 8.699178501609042269e-02 8.163305697988300358e-02 8.153433040333131210e-01 3.168239342591628455e-02 1.003176722938526888e-01
6.250000000000000000e-02 2.116119706589476568e-01 3.717175736905155015e-01 3.530148396698377655e-01 2.053193092233574490e-01 1.958577535553664151e-01 7.630752980451296352e-01 2.106674143538662114e-01 3.835761695450998904e-02 1.805402841988120732e-01 1.739162066333859447e-01 9.664886082115989319e-02 9.344897353011225039e-02 8.134273127972625472e-01 3.962653623250264601e-02 1.086977695908024344e-01
1.250000000000000000e-01 2.135933269038826909e-01 3.598221294157496475e-01 3.418218952815175182e-01 1.941226932534069471e-01 1.851858893823779550e-01 7.922645794852931633e-01 2.279172022086398686e-01 6.747923824122739611e-02 2.121781596528405645e-01 2.048842809853179958e-01 1.132068313322258102e-01 1.096281657424611616e-01 8.134505413192260059e-01 7.651497232594496600e-02 1.338770165854373251e-01
2.500000000000000000e-01 2.326101096956222636e-01 3.629568117894177437e-01 3.439953501541446190e-01 1.858073328506122113e-01 1.763305602507327652e-01 8.105589282465117673e-01 2.521605614169466492e-01 1.138819339876500358e-01 2.490463792016649192e-01 2.399495283618967578e-01 1.315007954246810440e-01 1.268943612840819912e-01 8.139972220549742676e-01 1.315688412311343258e-01 1.711309823251908613e-01
5.000000000000000000e-01 2.960787659034779251e-01 3.928584737214137479e-01 3.783076080347388959e-01 1.897259593763741259e-01 1.825715703013776059e-01 8.251289078862265036e-01 3.121343191859169419e-01 2.081888786375473144e-01 3.145489012123899863e-01 3.032553310010006054e-01 1.489839252957841642e-01 1.432643157545526458e-01 8.235131596326389358e-01 2.301866943236093033e-01 2.513399297217812633e-01
1.000000000000000000e+00 3.492668810124360257e-01 4.463833190915874050e-01 4.318406814301789520e-01 2.262922059995244317e-01 2.196954641858895607e-01 8.412548713634079300e-01 3.835199646454257039e-01 2.990756329960009285e-01 3.973327919326365976e-01 3.844226275914242041e-01 1.922892839769687889e-01 1.863099989807869838e-01 8.386802181570318648e-01 3.302399152732550802e-01 3.439866156172619593e-01
2.000000000000000000e+00 4.018617294126652362e-01 5.105382077510848271e-01 4.968523965954338428e-01 2.685990644649098869e-01 2.627899563575077369e-01 8.576702163639849941e-01 4.465075115110762050e-01 3.767876447144534735e-01 4.826084896279735359e-01 4.698826334456605025e-01 2.449024895074437824e-01 2.393774941551943813e-01 8.559550341086619163e-01 4.163713850857237997e-01 4.248452159294653918e-01
4.000000000000000000e+00 4.235412681460288820e-01 5.521008174291532900e-01 5.378733985621981795e-01 2.923993115760025741e-01 2.863130986650707088e-01 8.668591907555872611e-01 4.784413281262872575e-01 4.116792349021782260e-01 5.368378952342144350e-01 5.231051929228603958e-01 2.814620473882685214e-01 2.755450138620606504e-01 8.656901393758574814e-01 4.621162540900099480e-01 4.675642135700914248e-01
8.000000000000000000e+00 4.524619193952081342e-01 5.856766139618798661e-01 5.714537641222658948e-01 3.192861071610930690e-01 3.133318416528707018e-01 8.773273236185173962e-01 5.113642310885482267e-01 4.482212421513375178e-01 5.794266538814939471e-01 5.653807526764462743e-01 3.155904820550926027e-01 3.096569951146349586e-01 8.769419522421764146e-01 5.039684320728363698e-01 5.073500513498058195e-01
1.600000000000000000e+01 4.639934166413198779e-01 6.006782667177363866e-01 5.864396406065505163e-01 3.399972069768433247e-01 3.342571786210017382e-01 8.818537047547739816e-01 5.251000985484867156e-01 4.630968805795593890e-01 5.991579912672969632e-01 5.849050151459828095e-01 3.370075536652380466e-01 3.312546220462401214e-01 8.817372459342691648e-01 5.233006648540607930e-01 5.242262754634047228e-01
