3.125000000000000000e-02 2.812920421079676547e-01 3.871489989640922169e-01 3.725047186256655873e-01 2.283241318130713737e-01 2.212659793145593523e-01 7.729873763618675397e-01 2.666653056108662101e-01 2.260177283887110714e-02 1.521862099995635043e-01 1.420704275615948531e-01 8.651647574542366270e-02 8.131547649828230195e-02 8.156697352264639100e-01 4.528101424972322264e-02 1.032412785217554502e-01
6.250000000000000000e-02 2.161032742155669373e-01 3.605404104172744706e-01 3.438008803469665420e-01 2.057257201752188402e-01 1.973356696426030454e-01 7.614966995289278451e-01 2.041561806609041851e-01 3.992327312188866106e-02 1.718687871489472663e-01 1.658531334472172492e-01 9.261248926478021781e-02 8.975443647524244950e-02 8.135633828613271223e-01 4.353092511548566773e-02 1.042308340411014084e-01
1.250000000000000000e-01 2.165637107557275287e-01 3.353632019837000655e-01 3.201667553917376674e-01 1.813531258358503095e-01 1.739161105362888038e-01 7.826415816399800995e-01 2.067905200700415891e-01 7.047956148118240949e-02 1.964635682989599175e-01 1.906144050461437423e-01 1.026486288822405502e-01 9.974139953491174826e-02 8.119149832570555780e-01 7.405301351475687688e-02 1.235362065470954479e-01
2.500000000000000000e-01 2.253729470043343286e-01 3.248477358895193179e-01 3.098123677030641954e-01 1.682766333662631675e-01 1.610683239622686391e-01 7.982020896103665386e-01 2.153697925297128890e-01 1.113737431735536965e-01 2.198136494857109158e-01 2.125874747930976416e-01 1.096078929499393895e-01 1.059240771042817414e-01 8.090220405802222015e-01 1.142448285403023789e-01 1.462166945891906766e-01
5.000000000000000000e-01 2.598906648421966392e-01 3.372660062499843736e-01 3.231109726399686854e-01 1.667143128977360556e-01 1.601088392539495586e-01 8.117640200531544004e-01 2.646694321870231570e-01 1.837371906176569480e-01 2.731400455715136122e-01 2.628292454277338375e-01 1.303538355345763011e-01 1.253368599811693906e-01 8.152918036971108506e-01 1.919645851537387371e-01 2.156318970234018251e-01
1.000000000000000000e+00 3.138869286062744846e-01 4.015575637834219447e-01 3.881007711243693037e-01 2.129417746204440576e-01 2.063356876548158580e-01 8.336684299198638959e-01 3.348695464029080582e-01 2.676459410974661446e-01 3.587923431653761153e-01 3.466684912076974934e-01 1.807889701150279804e-01 1.748145122426561504e-01 8.327984710344762398e-01 2.859914644356579272e-01 3.013879760458821888e-01
2.000000000000000000e+00 3.390047088754682414e-01 4.498253887623229752e-01 4.348848923352854334e-01 2.414131038415069930e-01 2.341386858657606984e-01 8.464087080597967327e-01 3.714436846052111552e-01 3.165103231177718857e-01 4.272411872908538633e-01 4.132125552047222206e-01 2.245645387717132013e-01 2.177801284179569086e-01 8.456543283450970172e-01 3.430014284926463097e-01 3.537174124877727199e-01
4.000000000000000000e+00 3.829657981685503088e-01 4.969704918136124139e-01 4.824104601394834102e-01 2.864019702838344617e-01 2.791384507647605706e-01 8.651462890412766615e-01 4.272461695876808574e-01 3.723210945329398225e-01 4.851819478086871751e-01 4.710632335449337349e-01 2.792121016000389533e-01 2.722156176065799738e-01 8.643639998928523971e-01 4.101816056167101321e-01 4.181939523295192251e-01
8.000000000000000000e+00 3.849125665433029697e-01 5.011839870798939778e-01 4.857946796526623201e-01 2.862878143282202026e-01 2.785276521215021006e-01 8.637851897282557978e-01 4.322327459742780764e-01 3.811418015961476891e-01 4.965237612208789342e-01 4.812855642042940807e-01 2.842857320049687053e-01 2.765852793830526068e-01 8.635463615231726564e-01 4.236204259951368845e-01 4.288315635133484460e-01
1.600000000000000000e+01 3.891413303200438323e-01 5.167965953671135315e-01 4.999522459170169242e-01 2.961973350107646730e-01 2.876055579847510146e-01 8.669175683059762161e-01 4.427184264446791806e-01 3.883474997778552096e-01 5.157027780472406286e-01 4.988176534233230708e-01 2.956203217566104047e-01 2.870154815970748508e-01 8.668252035774952624e-01 4.403857131619993148e-01 4.419682365758375031e-01
