3.125000000000000000e-02 3.620022490508578716e-01 3.819468039582435415e-01 3.685161815808382646e-01 2.277053178871999983e-01 2.218534845536812294e-01 7.020520109889561988e-01 2.803387954659833370e-01 3.777386958475506540e-02 1.431153483870124532e-01 1.322927977114902454e-01 8.589617788858074088e-02 8.037811844815680173e-02 8.099242137895509286e-01 8.465374188438758163e-02 1.145540513230835361e-01
6.250000000000000000e-02 2.853757456695589223e-01 3.522217694055329584e-01 3.381905281653900808e-01 2.092172344837100739e-01 2.026885758079846889e-01 7.167616148148787669e-01 2.150341008361472406e-01 5.819577578506429649e-02 1.622799312702556673e-01 1.559590353194417189e-01 9.069351235753723983e-02 8.788335450606618582e-02 7.987978371070901806e-01 7.360748253179595635e-02 1.117615135102043300e-01
1.250000000000000000e-01 2.672553252767690957e-01 3.191045235465103103e-01 3.070504110440209211e-01 1.815312260534708844e-01 1.760530415314768837e-01 7.443400330317898606e-01 2.013413532478834089e-01 8.873743477727241702e-02 1.799860122986624289e-01 1.746947782643516189e-01 9.900699088873506082e-02 9.659331388362513149e-02 7.942123273308691056e-01 9.074886803888967957e-02 1.187454008283136270e-01
2.500000000000000000e-01 2.483442406722903839e-01 3.018206469295226513e-01 2.890528929874033315e-01 1.724692475423127425e-01 1.671718229116587184e-01 7.659942200759233266e-01 1.987500906177070981e-01 1.208366763867974036e-01 1.908378405474262518e-01 1.845139509523178734e-01 9.764826407207556624e-02 9.482499319066468868e-02 7.848377142579537891e-01 1.089011775190805720e-01 1.247487822329252788e-01
5.000000000000000000e-01 2.441731932251221537e-01 2.581050555619042730e-01 2.474403461552263650e-01 1.367332387590275422e-01 1.325844733999411718e-01 7.649932413146808274e-01 1.841102834448456460e-01 1.686230375272682325e-01 1.996613272174774245e-01 1.914637929250951331e-01 9.797612028990987376e-02 9.450361203014200073e-02 7.806934079979677144e-01 1.326566166146712911e-01 1.439550889331098205e-01
1.000000000000000000e+00 2.449670364225261243e-01 2.544734188419910392e-01 2.432415604270845577e-01 1.329314476097882558e-01 1.288773543678982947e-01 7.684338004409387857e-01 1.948622130792031781e-01 2.069689635995853871e-01 2.235699257416566277e-01 2.135133708157595789e-01 1.054303355443868412e-01 1.018381187318780912e-01 7.769140664197141666e-01 1.634540047727298662e-01 1.727241016609003532e-01
2.000000000000000000e+00 3.000299772502563744e-01 3.335841003187980380e-01 3.205746163528551129e-01 1.689026091804540775e-01 1.638241269349283158e-01 7.981793699993660063e-01 2.810770014067888178e-01 2.810767901333930952e-01 3.166548966412767729e-01 3.043922381461157678e-01 1.615429722175906746e-01 1.568329370466585992e-01 8.018946251642390388e-01 2.627659348331215505e-01 2.683830143346990216e-01
4.000000000000000000e+00 3.598265173703749653e-01 4.043671180679159760e-01 3.921562862088012191e-01 2.320219905034384689e-01 2.276788779476399682e-01 8.255360948651577768e-01 3.579789207815463614e-01 3.502226434610059558e-01 3.941554994068924844e-01 3.822345715520979459e-01 2.148343371019915404e-01 2.106040903656715979e-01 8.264872367738331782e-01 3.482922689851378761e-01 3.503626002564342312e-01
8.000000000000000000e+00 4.330056459794998092e-01 4.746054128634643043e-01 4.638876882454901485e-01 2.979019255174216174e-01 2.948302802068326067e-01 8.550986869059042927e-01 4.432696726744588811e-01 4.297117712530732492e-01 4.708848621834234582e-01 4.602371811726300166e-01 2.951348281876132185e-01 2.921154116584598892e-01 8.555866108835673556e-01 4.388029183805841615e-01 4.406092580838907313e-01
1.600000000000000000e+01 4.656427749787306336e-01 5.219894255023932450e-01 5.115853723827714639e-01 3.197862400900607360e-01 3.168479912070283344e-01 8.662994828564937189e-01 4.813973683451636676e-01 4.649337493501158325e-01 5.209701734225693492e-01 5.105199945688426721e-01 3.177853886207562262e-01 3.148415341624343222e-01 8.663920505122347793e-01 4.805445785296331707e-01 4.807672245851953297e-01
