3.125000000000000000e-02 5.116620752984388926e-02 5.077111355517174296e-01 4.375214420137372162e-01 2.200872393504615110e-01 1.915914083047423611e-01 7.485535453809104567e-01 3.329589288883823273e-02 3.568681230310751570e-03 2.280596889050484632e-01 2.178480444343766642e-01 1.041675466865935040e-01 9.968579119304600555e-02 8.165397382469347098e-01 -3.857893304617185382e-02 2.101514368213844297e-02
6.250000000000000000e-02 7.440619277838129118e-03 5.012299599586231835e-01 4.183170958440488585e-01 2.014895151931409278e-01 1.687628306319023941e-01 7.582974306813905496e-01 6.543917274849597948e-04 3.417234505851374140e-03 2.794448428545610597e-01 2.616321063555978044e-01 1.135337421401868691e-01 1.067063400139989515e-01 8.157540262116725893e-01 -4.617199701553786895e-02 6.469687675854888555e-03
1.250000000000000000e-01 6.334610472541506859e-03 5.107580213578355455e-01 4.212896261279399091e-01 2.009245781630611127e-01 1.663362505072583375e-01 7.868260810956234641e-01 0.000000000000000000e+00 2.621841632307854702e-03 3.426508707425062195e-01 3.113837789654526067e-01 1.360527867352739062e-01 1.240073869867496792e-01 8.164064386428705467e-01 -3.211879228504679190e-02 6.030004196648843309e-03
2.500000000000000000e-01 3.507104399073686374e-02 5.019161771772934211e-01 4.159822440741993699e-01 2.059785133856509853e-01 1.726991329421928012e-01 8.068262968845858474e-01 3.591077377770626744e-02 2.347516651533980425e-02 3.783681877764384360e-01 3.359295962473158315e-01 1.545860296109528298e-01 1.380889652048962468e-01 8.166864466264038835e-01 6.135069069666964844e-03 2.887039634074373140e-02
5.000000000000000000e-01 4.951476565309717581e-02 4.810571271387241721e-01 3.960475565505309770e-01 1.953657651676322937e-01 1.630359608137882388e-01 8.096965585884954297e-01 4.928089978604146409e-02 4.231211012332653648e-02 4.073593143177429154e-01 3.502699238080885791e-01 1.645910153393591036e-01 1.427204620913715138e-01 8.147308150539981364e-01 3.139968646914879924e-02 4.520288580055506489e-02
1.000000000000000000e+00 4.881755027334360592e-02 4.790486499211272786e-01 3.893718280517141639e-01 1.834280117136899702e-01 1.497416923309234926e-01 8.075985338858895357e-01 5.726683815634600605e-02 4.797726992229160714e-02 4.406802656974960763e-01 3.675253588796832949e-01 1.686007191131362326e-01 1.410650990585393394e-01 8.107163109750057384e-01 4.589210629879787728e-02 5.702603079681873438e-02
2.000000000000000000e+00 1.448580895091867438e-01 5.037610562356082955e-01 4.293191799721042257e-01 2.312754325159251667e-01 2.030851130811790195e-01 8.257980419082870949e-01 1.588544179647146393e-01 1.446680067509288348e-01 4.839075412242377916e-01 4.181070857406394836e-01 2.283253264282472939e-01 2.033050489732710076e-01 8.265179091039265291e-01 1.546708834758944440e-01 1.586022121478349312e-01
4.000000000000000000e+00 2.144849979916580995e-01 5.316892217285924538e-01 4.690586644779909942e-01 2.595068244054283824e-01 2.350092235208906255e-01 8.469081719817063147e-01 2.360228953142062547e-01 2.134413601604741861e-01 5.213769771966121347e-01 4.625428369678479257e-01 2.538841402482055476e-01 2.308753073264857014e-01 8.465841327415346562e-01 2.356899452568974040e-01 2.352200832374791162e-01
8.000000000000000000e+00 2.807428654583193350e-01 5.515012459576215109e-01 5.014824864389739734e-01 3.223935969972118731e-01 3.024992269262052336e-01 8.573194323683462903e-01 3.086016526568655660e-01 2.807428654583193350e-01 5.478029541751450182e-01 4.992934846803937510e-01 3.210286732028124757e-01 3.016907721852823965e-01 8.573320643232267280e-01 3.089255101240716561e-01 3.086016526568655660e-01
1.600000000000000000e+01 3.017737330496783055e-01 5.608365219002252600e-01 5.121222742984332665e-01 3.440794916030486261e-01 3.248967725042021804e-01 8.640396964644259103e-01 3.305423525515982508e-01 3.017730223550129098e-01 5.601272413203105538e-01 5.116664113050409801e-01 3.438296177190350300e-01 3.247387811880735331e-01 8.640484142266062761e-01 3.305465468508029803e-01 3.305384366640149452e-01
