3.125000000000000000e-02 1.922753382943730716e-01 3.799506685981209886e-01 3.623104334124967463e-01 2.406571546269927753e-01 2.319580915684860967e-01 7.318102961764324510e-01 1.826000675486977309e-01 1.379227433464482420e-02 1.530891283837998718e-01 1.441737208497666234e-01 8.912623170356424873e-02 8.429416108131869423e-02 8.156209540763570409e-01 -2.577462869112133806e-03 8.144838180079347345e-02
6.250000000000000000e-02 1.625578978142282194e-01 3.549208330679901047e-01 3.345037656683123029e-01 2.025244371770641150e-01 1.922984300291780968e-01 7.654931245619605029e-01 1.696433694930566949e-01 2.837605754403451155e-02 1.750144242772475045e-01 1.691406675292069506e-01 1.018757642108550077e-01 9.897711148440264950e-02 8.145424607193085809e-01 1.740904309771445016e-02 8.988020369490476447e-02
1.250000000000000000e-01 1.480962905945162056e-01 3.237157390046028760e-01 3.038459915169253178e-01 1.784759736581971457e-01 1.688051252545332281e-01 7.874300313083923974e-01 1.606762205251953124e-01 4.675041128292033860e-02 1.953255060412975863e-01 1.887317689250301855e-01 1.107323953738086064e-01 1.075213632656485951e-01 8.134331522605611209e-01 3.635820814174701293e-02 9.788840691946767980e-02
2.500000000000000000e-01 1.499235650201188319e-01 2.993411967234119730e-01 2.788983037648925523e-01 1.554055209519071834e-01 1.455711592070816351e-01 7.988828154845752927e-01 1.592228997511943023e-01 7.487790002100627729e-02 2.066051626609812508e-01 1.980746071636783345e-01 1.130406903454886786e-01 1.088617913590710640e-01 8.088160675893035778e-01 6.854660268932624700e-02 1.095307763205228824e-01
5.000000000000000000e-01 1.799818774080062800e-01 2.861998087782005040e-01 2.701447799202006395e-01 1.381375472694307827e-01 1.303586299119771086e-01 8.012570549924031837e-01 1.818986634949904257e-01 1.261640524079200298e-01 2.327794450773882362e-01 2.219433018142149550e-01 1.132589613629706449e-01 1.078432836348866553e-01 8.076957619194073956e-01 1.196643346279157860e-01 1.484292676944770073e-01
1.000000000000000000e+00 2.541915756363195555e-01 3.393056800900688952e-01 3.239559204383529734e-01 1.688425498641498435e-01 1.616118227192527845e-01 8.140961720894587250e-01 2.639335672790329435e-01 2.153231669816432214e-01 3.034658873738931284e-01 2.903507842794594840e-01 1.437656512073931248e-01 1.375747156556974271e-01 8.155897708837148707e-01 2.183774380457048636e-01 2.363691051507596785e-01
2.000000000000000000e+00 3.369291900827111608e-01 4.174647203843338539e-01 4.046852695346652151e-01 2.270422616563952389e-01 2.210746955799053060e-01 8.358315834095439989e-01 3.569021641388722133e-01 3.155294584065530539e-01 3.953023172613450154e-01 3.834593817866809307e-01 2.065169279794769608e-01 2.010067982261212194e-01 8.358447630212215707e-01 3.308772740417685876e-01 3.395709609252632322e-01
4.000000000000000000e+00 3.751214573294046062e-01 4.551250031073348912e-01 4.423431881625644047e-01 2.415580254464789467e-01 2.363658136670101217e-01 8.429342161337064487e-01 4.014569795862313883e-01 3.640448916833810000e-01 4.420413839714503190e-01 4.295432058265045705e-01 2.310737599149406685e-01 2.260101029174895748e-01 8.422531198113527573e-01 3.870141109071546515e-01 3.917819785464520810e-01
8.000000000000000000e+00 4.239182659950925802e-01 5.095711132310903890e-01 4.957721090692424615e-01 2.794282138501509305e-01 2.751020337821759032e-01 8.565117143253035970e-01 4.581681928177474550e-01 4.197917657871726438e-01 5.038904241805641782e-01 4.901852007359421837e-01 2.761481065359243092e-01 2.718309417484140456e-01 8.562820872365901614e-01 4.514990861840323388e-01 4.543280712919350872e-01
1.600000000000000000e+01 4.815811919323096935e-01 5.443800559751232893e-01 5.338883748005199825e-01 3.336209185680246714e-01 3.313694061660293899e-01 8.795519513031208048e-01 5.119952809376138170e-01 4.807001151813432571e-01 5.429461419555544621e-01 5.324231167001873821e-01 3.315821177549091447e-01 3.293152290491609957e-01 8.794749089908935336e-01 5.105357402689985058e-01 5.111433603029031936e-01
