3.125000000000000000e-02 2.589739415023854519e-01 4.354026434644925891e-01 4.126940514022664486e-01 2.597234501937611406e-01 2.487318036170511892e-01 8.044224809060560588e-01 2.965801459125632644e-01 1.784534649948181853e-02 1.766868426825906335e-01 1.662615521908530347e-01 1.013894548062484330e-01 9.577673933010533158e-02 8.163288081898436577e-01 3.331756587306811124e-02 1.082355807627121969e-01
6.250000000000000000e-02 2.208215705150027020e-01 4.504621811822012156e-01 4.237025418416314748e-01 2.466206328431212735e-01 2.336135702761459321e-01 7.986046935773147837e-01 2.798433764085940245e-01 4.683840545976081932e-02 2.300221008151950575e-01 2.217725953443704379e-01 1.314448125975471449e-01 1.274578429508698152e-01 8.172352169071768202e-01 6.129007239285459013e-02 1.422628533003596762e-01
1.250000000000000000e-01 2.381730830776730423e-01 4.585447839142108295e-01 4.328186486174486203e-01 2.406925783581631562e-01 2.283679511899384118e-01 8.071622759815670900e-01 3.055815550512011036e-01 8.805625647387603505e-02 2.800624496633465355e-01 2.700711084305154608e-01 1.489488848223481932e-01 1.442730379675997987e-01 8.200493027848337890e-01 1.115995762564254146e-01 1.902358086903027656e-01
2.500000000000000000e-01 2.673101390871244765e-01 4.678366246055636335e-01 4.422517246622350573e-01 2.215278634667739721e-01 2.097594455333246510e-01 8.279218411507385245e-01 3.378862014317565166e-01 1.485078023624046284e-01 3.309991434545960232e-01 3.184539307548988063e-01 1.632526569497219082e-01 1.574425939421176257e-01 8.241582592887625180e-01 1.907805308700332436e-01 2.423030013445863218e-01
5.000000000000000000e-01 3.199594372046823398e-01 5.101574845841030381e-01 4.870106143807524379e-01 2.483132734257553209e-01 2.378773739526319764e-01 8.447093624637217468e-01 3.942258583038880104e-01 2.377167002027065490e-01 4.136906650424151954e-01 3.971935612168714380e-01 2.050856796250243308e-01 1.974116522452188938e-01 8.367251120367206196e-01 2.930167562079312171e-01 3.255305841470922945e-01
1.000000000000000000e+00 3.818474762893877550e-01 5.645171100137716946e-01 5.427359342311265378e-01 2.780909156036112106e-01 2.682440240778695140e-01 8.640045326901124589e-01 4.636908702411060568e-01 3.351788264989211674e-01 5.044733625041311065e-01 4.857190386266933002e-01 2.436131448071189032e-01 2.349353724997073345e-01 8.575267967751344367e-01 3.991114039457947515e-01 4.213785362874686857e-01
2.000000000000000000e+00 4.122364210013062524e-01 5.821902603505210161e-01 5.617399311548134655e-01 3.048797424837123016e-01 2.959221621876653718e-01 8.729233295959499817e-01 4.907252833771580947e-01 3.917343547505520718e-01 5.520727701207399640e-01 5.335182152104320785e-01 2.861842559076844261e-01 2.778798228641158885e-01 8.698940927150473623e-01 4.550822563874080684e-01 4.703873734615747204e-01
4.000000000000000000e+00 4.261820881446538034e-01 5.968806108270204858e-01 5.772544312745035988e-01 3.139484897477164971e-01 3.050998986093073073e-01 8.801002978283860578e-01 5.087665229868310046e-01 4.165991862977442839e-01 5.815241563709542261e-01 5.626965964230232764e-01 3.039899599025177590e-01 2.954310687330674035e-01 8.782281717888736905e-01 4.879790318653697834e-01 4.989071956705837252e-01
8.000000000000000000e+00 4.319431850057435240e-01 5.886229541720872094e-01 5.689561588987789298e-01 3.163389002372126724e-01 3.076613401693764627e-01 8.776072164532899844e-01 5.086058061317467738e-01 4.287068118053523613e-01 5.828933308843082806e-01 5.634872504249087699e-01 3.137402792386805861e-01 3.051165394119856877e-01 8.770285009064716641e-01 4.980140238866164193e-01 5.051664384593415047e-01
1.600000000000000000e+01 4.301957608485535989e-01 5.837293241905202601e-01 5.640794362714538490e-01 3.086496020530014595e-01 3.000230106530394902e-01 8.762974766151068184e-01 5.062115658107718685e-01 4.295119549918507418e-01 5.824439508366613394e-01 5.627760332121534148e-01 3.075473415577130165e-01 2.989086962341226394e-01 8.761589091070477453e-01 5.030736688269995538e-01 5.054847687801123923e-01
