3.125000000000000000e-02 7.573815676141258668e-02 5.063479808454280917e-01 4.371588487049539173e-01 2.234573660379645665e-01 1.955738282661824978e-01 7.692674921575649583e-01 5.475036074241842327e-02 5.598068732452450569e-03 2.284927396935290955e-01 2.182565092108866289e-01 1.068259466190110418e-01 1.022318427431694737e-01 8.169486400840153539e-01 -2.569335358832590399e-02 2.547870630939106859e-02
6.250000000000000000e-02 1.001760381070725819e-02 5.002186138719378894e-01 4.172412670289836756e-01 2.012495552420326961e-01 1.685295213457689567e-01 7.574591678147313267e-01 6.545343083994354565e-04 4.546735205296617913e-03 2.791830117463287575e-01 2.614556375349904038e-01 1.139993731617036932e-01 1.072162835457021041e-01 8.157679973181681810e-01 -4.352578823083868426e-02 7.722812918113993591e-03
1.250000000000000000e-01 8.888888888888888881e-03 5.107580213578355455e-01 4.212896261279399091e-01 2.009245781630611127e-01 1.663362505072583375e-01 7.868260810956234641e-01 0.000000000000000000e+00 3.679035838883603412e-03 3.430623157185439531e-01 3.118989618430357824e-01 1.367095071546208518e-01 1.247014217604958675e-01 8.166864624869007994e-01 -2.951450747894041743e-02 7.287798213283436764e-03
2.500000000000000000e-01 3.996914028682706232e-02 5.018325735063797755e-01 4.160917196710480770e-01 2.057448655388812442e-01 1.726929959847013640e-01 8.068894303979902149e-01 3.939820707972370439e-02 2.612470356777054845e-02 3.776612981584456796e-01 3.352584366292091778e-01 1.526816887617311602e-01 1.362470311543596546e-01 8.161204091860231324e-01 9.621270391783749015e-03 3.083930823136519714e-02
5.000000000000000000e-01 4.877571830505681577e-02 4.818512879514198488e-01 3.962412331560560830e-01 1.942365501942601436e-01 1.617002512479669418e-01 8.094995293007458681e-01 5.050577963452451691e-02 4.137056028189299572e-02 4.073376096306930427e-01 3.497888275100370925e-01 1.622387849231145818e-01 1.402280973537995967e-01 8.141411054733791453e-01 3.233326854951235757e-02 4.588453309876716624e-02
1.000000000000000000e+00 4.629208158193253569e-02 4.782825582891791494e-01 3.884144309744377854e-01 1.789561146470410591e-01 1.452480211013248423e-01 8.074932027931531753e-01 5.534118561304623291e-02 4.545152807622893781e-02 4.397508066981619113e-01 3.663977268443625590e-01 1.636298507790724666e-01 1.360698833196549440e-01 8.104943227243910364e-01 4.393426474489195432e-02 5.502326489305190554e-02
2.000000000000000000e+00 1.500566210695821190e-01 5.060709004087169394e-01 4.315078031891114163e-01 2.198739526855102433e-01 1.916125434707420527e-01 8.255828579029445002e-01 1.627058111046388311e-01 1.498665383113242378e-01 4.862173853973463244e-01 4.202957089576465632e-01 2.169238465978323704e-01 1.918324793628340130e-01 8.263027250985838235e-01 1.585222766158186636e-01 1.624536052877591508e-01
4.000000000000000000e+00 2.303734563566396387e-01 5.514212906731589259e-01 4.889027994187582493e-01 2.787640289212870437e-01 2.542857749759910302e-01 8.544966099742004051e-01 2.541086862658683554e-01 2.293273733435398087e-01 5.410944062408468147e-01 4.823703986995153681e-01 2.731201005601629483e-01 2.501337287564180389e-01 8.541703819850942070e-01 2.537600270166321392e-01 2.533026942815032045e-01
8.000000000000000000e+00 2.982986354266368156e-01 5.690851825484846138e-01 5.193037306666660191e-01 3.330760658175944133e-01 3.135119044398341770e-01 8.647448414425922270e-01 3.264849082741885233e-01 2.982986354266368156e-01 5.653868907660081211e-01 5.171147289080857412e-01 3.317111420231950158e-01 3.127034496989113399e-01 8.647574733974727756e-01 3.268087657413946134e-01 3.264849082741885233e-01
1.600000000000000000e+01 3.113534532765492302e-01 5.707473862618734906e-01 5.222296397060082196e-01 3.585825823600904405e-01 3.396418824461916453e-01 8.679758415946688954e-01 3.401297787108311099e-01 3.113527508454972392e-01 5.700379860613141725e-01 5.217737240991469072e-01 3.583329305378762375e-01 3.394840800413654325e-01 8.679847180682415120e-01 3.401338884098866755e-01 3.401257733022017837e-01
