3.125000000000000000e-02 3.113159330135701341e-01 3.887251294221588105e-01 3.759780009109373045e-01 2.398982678350843611e-01 2.337832720989961865e-01 7.533411485356399373e-01 2.661724547093684556e-01 2.700378536720809616e-02 1.517336910587264442e-01 1.410962132555157178e-01 8.627991072301975650e-02 8.075752599118762864e-02 8.137121612885497290e-01 5.318090058139978565e-02 1.073151854489425017e-01
6.250000000000000000e-02 2.376692704631694353e-01 3.780161166311509779e-01 3.610156308079415788e-01 2.085647922600923077e-01 1.999641607331160420e-01 7.520023816270371420e-01 2.175207961736395357e-01 4.713754508137450727e-02 1.840104867730590621e-01 1.770513271384693832e-01 9.884186595948414589e-02 9.554234590649524073e-02 8.102978709288592984e-01 5.475076190532319337e-02 1.153615407888411853e-01
1.250000000000000000e-01 2.485053042258723865e-01 3.743157509976487440e-01 3.578649805963003416e-01 2.017877107066402553e-01 1.936580487788119864e-01 7.866324561002031590e-01 2.493048764409744322e-01 8.146315712167163936e-02 2.199131679038907050e-01 2.127339651299688938e-01 1.176814112272054486e-01 1.142040991381632759e-01 8.108322242683929648e-01 9.709099801317279399e-02 1.463329417505315200e-01
2.500000000000000000e-01 2.862556705047378802e-01 3.873536608985012619e-01 3.709105304350375776e-01 1.968094674064772009e-01 1.887279631637938382e-01 8.150659225050976842e-01 2.918135779686784059e-01 1.439339229391546626e-01 2.632150381365466751e-01 2.548459111488441953e-01 1.374670296497066957e-01 1.333039625852457111e-01 8.159702592162676460e-01 1.712375694620238142e-01 1.970903856637186147e-01
5.000000000000000000e-01 3.343202270073007965e-01 4.260862797675175062e-01 4.130106217245104183e-01 2.260336528488851304e-01 2.194967613729487954e-01 8.373903218330635001e-01 3.519570113099669828e-01 2.360539080300113890e-01 3.369454855241793556e-01 3.266722034062267133e-01 1.726387678901658562e-01 1.673475253014476971e-01 8.306217214383845304e-01 2.654736164141554000e-01 2.803780668693298117e-01
1.000000000000000000e+00 3.586309702214730000e-01 4.568336711630421876e-01 4.431271424366268752e-01 2.234908496233565800e-01 2.172807525266716999e-01 8.418659971964159716e-01 3.908591252387610959e-01 3.066756275026225054e-01 4.054615672753347777e-01 3.932863257634540699e-01 1.875084385951035215e-01 1.818633116548728224e-01 8.393843718037281576e-01 3.369491732582192700e-01 3.497876916470084030e-01
2.000000000000000000e+00 4.123925807177759584e-01 5.237096839096302414e-01 5.101284860954442557e-01 2.736623366575241523e-01 2.678393912624426609e-01 8.590059171050273834e-01 4.577374765784293920e-01 3.871912971963716865e-01 4.950200284471742429e-01 4.824949705546945911e-01 2.513493632533749800e-01 2.458744533040630731e-01 8.573700926989622495e-01 4.273060085913569228e-01 4.356879676639552890e-01
4.000000000000000000e+00 4.464229887121862195e-01 5.725654639496601250e-01 5.587867903710216355e-01 3.160871451739726834e-01 3.103924660228358223e-01 8.744898642607713546e-01 5.026631191466027770e-01 4.343429680989249753e-01 5.570308747795480464e-01 5.437736776650640147e-01 3.049012531913218305e-01 2.993912269360732292e-01 8.731865373529968943e-01 4.855845268827913563e-01 4.915777969736014885e-01
8.000000000000000000e+00 4.567203906001269242e-01 5.980421220209056754e-01 5.830974892563645096e-01 3.360328880817811670e-01 3.300034905002907082e-01 8.795282740462828652e-01 5.179605141822760661e-01 4.524380049701702267e-01 5.917443328378744205e-01 5.769909492417316654e-01 3.319211337270089324e-01 3.259175368186200128e-01 8.791264532221985117e-01 5.103436378846587518e-01 5.138892337132383581e-01
1.600000000000000000e+01 4.683954064796316819e-01 6.083133043322543898e-01 5.936399921088504339e-01 3.442901978891863002e-01 3.385539001891919031e-01 8.832310253543572687e-01 5.308025533822340325e-01 4.674810290709508487e-01 6.067691263588952388e-01 5.920854530011376848e-01 3.411120393014403507e-01 3.353641260312598127e-01 8.831076670589488309e-01 5.289034246095833947e-01 5.299054543018689722e-01
