3.125000000000000000e-02 1.951715019033560816e-01 3.827520375235379246e-01 3.646076075149862206e-01 2.402825019541184326e-01 2.313421230945299500e-01 7.335234532354547587e-01 1.888038886079141387e-01 1.453867373825969318e-02 1.539992816033003975e-01 1.451293275053505694e-01 8.921608198126879108e-02 8.445558864074320660e-02 8.158064167988798854e-01 8.898692962564537501e-05 8.405687477875696534e-02
6.250000000000000000e-02 1.544280116563570282e-01 3.555802032441739424e-01 3.336856901050247459e-01 1.945314003172498307e-01 1.836739214224691608e-01 7.630128399265604378e-01 1.630129837594292141e-01 2.713567439316918323e-02 1.757251205292774399e-01 1.695084246026155594e-01 9.899560593997398794e-02 9.597993134255056180e-02 8.140542532079841909e-01 1.248238186547803545e-02 8.645927068262364290e-02
1.250000000000000000e-01 1.502764445815183703e-01 3.253159096546090479e-01 3.053158743011638032e-01 1.800540397445683505e-01 1.702804543030432549e-01 7.888409246868962610e-01 1.667291639951722360e-01 4.812022014373799894e-02 1.950908383602174001e-01 1.885211953961612175e-01 1.103176233402945461e-01 1.071272043736538199e-01 8.134125943109721257e-01 3.846677351343527618e-02 1.003824462273229939e-01
2.500000000000000000e-01 1.449990224627658586e-01 2.992676592109766998e-01 2.783771808738879638e-01 1.560570499056946892e-01 1.461243806585980076e-01 7.989782660738700137e-01 1.542819090961634609e-01 7.376518781781075951e-02 2.082759265763845236e-01 1.996175844502311447e-01 1.153896050545578783e-01 1.111869469236325264e-01 8.096650334203389088e-01 6.615019680356988563e-02 1.076677640767013111e-01
5.000000000000000000e-01 1.795348458561329685e-01 2.870621465725320398e-01 2.712018157590812550e-01 1.434502988260289991e-01 1.357708493433316121e-01 8.031249532801978397e-01 1.832059022544216820e-01 1.267891887000993090e-01 2.335434536175170772e-01 2.230141169058043049e-01 1.180186482452995622e-01 1.127234791457097096e-01 8.090342375958594623e-01 1.211233535693870406e-01 1.500842702597650902e-01
1.000000000000000000e+00 2.519888017876600328e-01 3.450376094696347984e-01 3.292783758397930249e-01 1.730659886432491523e-01 1.655577663840073765e-01 8.173733331476313868e-01 2.652739395463613592e-01 2.147070684818067898e-01 3.099014061444744228e-01 2.964409392943917476e-01 1.507479061657085451e-01 1.442955109624555754e-01 8.188160719919462815e-01 2.199592586554581231e-01 2.387981723480362972e-01
2.000000000000000000e+00 3.409461348691604221e-01 4.325749584605836917e-01 4.186682303643212699e-01 2.371849689924768467e-01 2.306843668410094306e-01 8.377613903358911429e-01 3.684208433575528185e-01 3.190681221954618230e-01 4.097604828947817301e-01 3.968749919315513464e-01 2.171068747118594378e-01 2.110374399579786342e-01 8.373702317446855004e-01 3.407645673474466452e-01 3.504328063367650459e-01
4.000000000000000000e+00 4.033563506303400326e-01 5.217427987476560558e-01 5.065892379859812111e-01 2.782249385714147261e-01 2.715283125007104115e-01 8.611899425050159040e-01 4.544050071249917666e-01 3.920770164591396711e-01 5.082380274679235699e-01 4.934631680947560994e-01 2.694341142181397308e-01 2.628905178787275254e-01 8.602519447608987235e-01 4.386769652159780986e-01 4.443260391595733050e-01
8.000000000000000000e+00 4.336343011239011114e-01 5.627819241167943964e-01 5.480954239039079745e-01 3.072108683454010114e-01 3.008338610968601667e-01 8.700270059908041809e-01 4.902423703640413355e-01 4.294421168969080327e-01 5.568761249726310592e-01 5.423386907220143494e-01 3.039878043149613074e-01 2.976285215672373474e-01 8.696799578747854698e-01 4.827826178313877059e-01 4.863064275741525999e-01
1.600000000000000000e+01 4.516882013686608910e-01 5.847432038298373547e-01 5.704265598178487329e-01 3.204254928323511664e-01 3.144479878368600101e-01 8.783056187968192319e-01 5.111656372583898156e-01 4.508019549326123254e-01 5.832771074126483768e-01 5.689371801264155870e-01 3.183291819151391477e-01 3.123358652312596684e-01 8.781980091009242706e-01 5.094189803273905248e-01 5.103098695557718445e-01
