3.125000000000000000e-02 5.974837387507796888e-02 5.063479808454280917e-01 4.371588487049539173e-01 2.234573660379645665e-01 1.955738282661824978e-01 7.470452699353427040e-01 3.252813852019619673e-02 4.786159071827281869e-03 2.280346004906209090e-01 2.178750397382841764e-01 1.054801212788719356e-01 1.009953624994087418e-01 8.167467745195441386e-01 -3.356410410972369279e-02 2.273575695599173649e-02
6.250000000000000000e-02 9.320719695634733723e-03 5.004387462301093104e-01 4.175205934696392673e-01 2.012515290078081831e-01 1.685320258615672639e-01 7.581752596223615415e-01 7.446560091130210004e-04 4.218289861188693340e-03 2.792908983644357135e-01 2.615725006329016611e-01 1.139659737675703249e-01 1.071745868812371966e-01 8.159151296901953065e-01 -4.422109683877116504e-02 7.444323701012387981e-03
1.250000000000000000e-01 7.713920817369092527e-03 5.107580213578355455e-01 4.212896261279399091e-01 2.009245781630611127e-01 1.663362505072583375e-01 7.868260810956234641e-01 0.000000000000000000e+00 3.192726503858758866e-03 3.429547594538842614e-01 3.117652978157574584e-01 1.366442709824606250e-01 1.246203504298508957e-01 8.165563034968861267e-01 -3.069005303413191443e-02 6.726014985090991195e-03
2.500000000000000000e-01 4.017915529626507609e-02 5.012943247344538999e-01 4.157039737223231501e-01 2.095319494365723012e-01 1.765050459188890752e-01 8.065958004779764101e-01 3.942433251748870410e-02 2.779468856876871757e-02 3.776983794097788505e-01 3.355901572012964795e-01 1.552612979104985302e-01 1.389533627594671528e-01 8.166072820774921137e-01 9.853332638177659392e-03 3.163064852893023721e-02
5.000000000000000000e-01 5.410358261611453862e-02 4.834452200085233020e-01 3.979841711760088718e-01 1.935762898171363156e-01 1.610871625206303226e-01 8.095406277584096255e-01 5.474445798959012843e-02 4.631973578413711712e-02 4.082456975037032643e-01 3.510085623327036664e-01 1.663545801191008977e-01 1.445019416228013887e-01 8.142945356706000615e-01 3.666730223557611995e-02 4.938378754640230378e-02
1.000000000000000000e+00 5.148285086613760969e-02 4.836624452996968748e-01 3.940323818913334941e-01 1.865675412965368818e-01 1.528687030961081994e-01 8.090674246651390344e-01 6.180899153629972054e-02 5.062622105774420428e-02 4.450956399126250740e-01 3.719778578215533482e-01 1.712022426457797952e-01 1.436512285365564301e-01 8.120460406105067808e-01 5.036826952143506203e-02 6.146006329309815219e-02
2.000000000000000000e+00 1.477782127463787010e-01 5.028809931511319942e-01 4.285809342924075116e-01 2.236815481491044588e-01 1.955340211238447146e-01 8.252881064716501847e-01 1.604359304209693193e-01 1.475881299881208197e-01 4.830274781397615458e-01 4.173688400609427140e-01 2.207314420614265860e-01 1.957539570159366749e-01 8.260079736672896189e-01 1.562523959321490963e-01 1.601837246040896112e-01
4.000000000000000000e+00 2.274873570501838860e-01 5.394371668723345614e-01 4.779809374043273995e-01 2.693266413365513756e-01 2.453218289309281319e-01 8.505269817717168168e-01 2.459192504017820580e-01 2.264804415200372401e-01 5.292284831927380750e-01 4.715837220554804365e-01 2.637204610150518658e-01 2.412038022469292775e-01 8.502377588735506864e-01 2.456426064410514032e-01 2.451603454272311411e-01
8.000000000000000000e+00 2.880718862321624552e-01 5.592760529463984831e-01 5.090532750642619009e-01 3.224330392856903926e-01 3.027519622516703923e-01 8.601517443979217470e-01 3.158961007884323879e-01 2.880718862321624552e-01 5.555777611639217684e-01 5.068642733056817340e-01 3.210681154912909396e-01 3.019435075107475552e-01 8.601643763528022957e-01 3.162199582556384225e-01 3.158961007884323879e-01
1.600000000000000000e+01 3.005798213744513836e-01 5.618006993030466578e-01 5.128364714498915289e-01 3.409908603877513933e-01 3.217874790295127685e-01 8.637887309425715809e-01 3.299880332339016897e-01 3.005791185306072588e-01 5.610912025396032066e-01 5.123804693385964892e-01 3.407413343869081790e-01 3.216298054658069949e-01 8.637975494819964961e-01 3.299921999299839648e-01 3.299840841035213135e-01
