0.03125	0.23168555682979633	0.40062538840890627	0.3893615925727022	0.2598328462636946	0.25251704901291644	0.7804495189002376	0.2252013478448248	0.0021471544951009074	0.07308623564206494	0.05966764034565443	0.04483334112847133	0.036522643642886314	0.8670062633317468	0.008614942253345807	0.05902695195922688	
0.0625	0.1391432248378266	0.32775314114954435	0.3118694959729146	0.16812800867181052	0.1599922799814138	0.7943704275433355	0.13628734156495506	0.0045097501017501	0.09268053577073192	0.08732463304767142	0.0465643602656705	0.04387484137234585	0.8668561374115251	-0.009940308073618145	0.05192310169515839	
0.125	0.110908777468716	0.27253135287280517	0.2570361282097031	0.12889595169616078	0.12157515157686105	0.8082125946395886	0.1135248138236511	0.010703915696335383	0.11020553664428938	0.1096802352934895	0.05147914825195882	0.05123313166410707	0.8664939745546419	-0.015543116994737852	0.058143893390086264	
0.25	0.09740864565487076	0.21061191828744122	0.19879276322287517	0.09464083425036518	0.08933458831679444	0.8257477851470032	0.09781061781288716	0.0259091532453782	0.12272489341117368	0.12177970367066193	0.054729263768196104	0.05430940718751263	0.864902628532127	-0.00973756957774249	0.06543910467917878	
0.5	0.08890004689454115	0.1711587767796407	0.16194162990757763	0.07980272069295793	0.07551141091735698	0.8296891391713543	0.08675898526283121	0.05012371625099843	0.13873110696815566	0.13440436675924833	0.06403867765925138	0.062044397880533564	0.8617338814749876	-0.020400316307505294	0.0784971349907025	
1.0	0.13267225475887207	0.18388580914855512	0.1772295549506692	0.09424262003111016	0.0908420051902161	0.8434649267531666	0.1453190892522783	0.11286242786531145	0.17468333546618608	0.16853351765427912	0.0876987522900696	0.08461841308166072	0.8583562299268891	0.06503037664868026	0.14120652311070564	
2.0	0.43602232928538565	0.37549096834978146	0.3747663322809488	0.2703126183218724	0.2698434303202323	0.8794910070848404	0.48578548933368443	0.4276152715538564	0.36927807746409813	0.368282564703975	0.24491124004056036	0.24429822544656749	0.8820330084773715	0.46705879583468574	0.4806763059049505	
4.0	0.7294799724247	0.7160533194385637	0.7152176924665261	0.6622328690615036	0.6615069117872368	0.9471126353808966	0.7939164876567019	0.7281508159121376	0.7135180927232916	0.7127720451006461	0.631746164655789	0.6310210741613458	0.9469937332219477	0.7920455737997967	0.7928067087033067	
8.0	0.8615176293374333	0.8737582560029586	0.8726159910305998	0.721718243886762	0.7208281473017968	0.9751872140521884	0.902570449862204	0.8615176293374333	0.8737582560029586	0.8726159910305998	0.721718243886762	0.7208281473017968	0.9751872140521884	0.902570449862204	0.902570449862204	
16.0	0.9382375087708066	0.9623003228091356	0.961475880002747	0.8372208662065604	0.8365787836325701	0.9893558282963701	0.9582363678896586	0.9382375087708066	0.9623003228091356	0.961475880002747	0.8372208662065604	0.8365787836325701	0.9893558282963701	0.9582363678896586	0.9582363678896586	
