0.03125	0.18531124930657578	0.38730237858971256	0.373555017594842	0.23923321334281605	0.23064187652118698	0.7753556853928314	0.179806455770002	0.0016774786602120888	0.07214354822418048	0.05928836401774196	0.042610095984227395	0.03497174141063323	0.8669748410473439	-0.0035319177848441193	0.049210305444789416	
0.0625	0.12462029026881953	0.30329179015855884	0.28799358279619885	0.1544466347039406	0.14666221737161836	0.7913016386808365	0.11331147448451546	0.003998809760342163	0.08714677663004283	0.08219269159634811	0.04349868620768803	0.04102580252772455	0.8667940419555563	-0.015387707764096276	0.04508582524161016	
0.125	0.10969309835874488	0.2611076753442694	0.2461824111409338	0.12344679293389076	0.1164018734166035	0.8077727144184885	0.11101676644408516	0.010638680779310348	0.10630016638047406	0.10580327324959704	0.04964341740591271	0.049410828225433454	0.8664651639750147	-0.016173701968391976	0.05710839016778328	
0.25	0.08329864398238176	0.19253469189502526	0.18079667202912958	0.08587461725935676	0.08064159263016663	0.82526795986584	0.07895016953074949	0.021951383984599084	0.11373110433681424	0.11272067294277437	0.05037837031343721	0.04993216505281311	0.864772492944615	-0.018220615015713326	0.054529250409653965	
0.5	0.07730464482799163	0.14725608481206462	0.13890268559628463	0.068315480517906	0.06444321401695845	0.8287946812882158	0.06773340970243674	0.04349329950063089	0.12205161449074305	0.11804928591068495	0.05602277639936357	0.05418506153385187	0.8612490360372975	-0.03163371350162991	0.0637976251926182	
1.0	0.1011987480573058	0.16004783321633484	0.1528198692992005	0.07857100413917507	0.0750236293864107	0.8423348484810591	0.1049851115827141	0.08580382599992564	0.15446697469532303	0.14785029849453057	0.07463748998712891	0.0714408936153863	0.8573904608346401	0.027699032651667975	0.10413077840008125	
2.0	0.29682400054970504	0.28447482938684376	0.28257392033678363	0.19098407600995843	0.18978349598121685	0.8582638580890674	0.3219044906187004	0.2911698852184022	0.28309033349193946	0.28080985171387557	0.17777268975554544	0.1764019181872442	0.8618816400742615	0.3028016728944981	0.32028345175334655	
4.0	0.7014247376842916	0.6763218888672726	0.6758750659730465	0.6763218888672726	0.6758750659730465	0.9409375251528213	0.7676228289168131	0.7001899483794946	0.6740696587969986	0.6737003427608907	0.5904210593685377	0.5901003121391694	0.9408622086180299	0.7658281982763014	0.7665840533137555	
8.0	0.8701826940162334	0.8713215482221122	0.8705025147740431	0.7589166026944808	0.7582769313242832	0.9769954048301208	0.9085227456401498	0.8701826940162334	0.8713215482221122	0.8705025147740431	0.7589166026944808	0.7582769313242832	0.9769954048301208	0.9085227456401498	0.9085227456401498	
16.0	0.9369512859620827	0.9595624444379466	0.9587418447539082	0.8349626251484906	0.834323535833815	0.9891321241888699	0.9573153856594689	0.9369512859620827	0.9595624444379466	0.9587418447539082	0.8349626251484906	0.834323535833815	0.9891321241888699	0.9573153856594689	0.9573153856594689	
