0.03125	0.23387932650937163	0.4049316668227657	0.39351241120977787	0.2631468295144356	0.2557076438007484	0.7817781801073709	0.23004908413747266	0.002167632478207576	0.07363407472444007	0.060107432581193755	0.04520953372276188	0.03682401672411047	0.8670114528211814	0.009389354068325107	0.05997175343562318	
0.0625	0.13329742788484938	0.31763848192971056	0.30203456537986567	0.1627376063172062	0.15474705702320332	0.7926205343003355	0.12497303914150104	0.0043448062967686	0.09023324848152688	0.08503262019354688	0.04529314704591485	0.042685114924494644	0.8668221158497186	-0.01212382994155182	0.048766822600517665	
0.125	0.11027717598874935	0.2722771207597661	0.2566654566807138	0.12843349226795348	0.12107796509000983	0.808063138837346	0.11157004415737617	0.010711123032417908	0.11015869906208967	0.10964743830728665	0.05134155995058043	0.051102888483788134	0.866485202290523	-0.015773485717564418	0.05744688434968427	
0.25	0.09384967900847237	0.22099402586460695	0.20776603157841217	0.09858515781637667	0.09268690440822212	0.8275243772596458	0.10051299008516093	0.02473184701522897	0.12833542691038688	0.12723945900088168	0.05685189847724527	0.05636787231247655	0.8652075854249773	-0.010570124031098659	0.06658477536015989	
0.5	0.0901966061280202	0.16429269461812196	0.15583915626736836	0.07732211352291701	0.0733432867396057	0.8284227326430427	0.0833169631475871	0.051003715162293725	0.13385308056397624	0.12985671638328367	0.06225492696147883	0.060394498408034146	0.8611683078363382	-0.020841993897859713	0.07609743606142559	
1.0	0.13171069532594828	0.18716279583258455	0.18022820829800232	0.09552177575254868	0.09198966468258606	0.8444529358432764	0.14705180961379632	0.1118154854370997	0.17756997057027438	0.1711666149364553	0.08878522211124591	0.08558792815287794	0.8590902039188526	0.06517666161445616	0.14252839005951573	
2.0	0.45028468658868037	0.3979113891135013	0.39723960421306453	0.2867831324125302	0.2863476804142583	0.8839297499862988	0.5022613290000041	0.4417131106968483	0.3910545337153334	0.39006634122646155	0.25935932906737935	0.2587503698974682	0.8863476884553894	0.4830864222978127	0.49712401902494274	
4.0	0.72490789874408	0.7146563171232325	0.7130753351567881	0.5565748994024997	0.555343629409011	0.9450551944286858	0.7898262872306004	0.7236802614846413	0.712097433076982	0.7106864453094252	0.6800040988386027	0.6786515579888407	0.9449682499585181	0.7880700340312922	0.7887464021088185	
8.0	0.8756870781340172	0.8809939811099421	0.8801903012315021	0.7661992019340845	0.7655712935169141	0.9782574735775311	0.9131138304160793	0.8756870781340172	0.8809939811099421	0.8801903012315021	0.7661992019340845	0.7655712935169141	0.9782574735775311	0.9131138304160793	0.9131138304160793	
16.0	0.9378608677238726	0.9611055626478393	0.9602820894113588	0.8365180449670102	0.8358767218115112	0.9892616027806342	0.9578991150362471	0.9378608677238726	0.9611055626478393	0.9602820894113588	0.8365180449670102	0.8358767218115112	0.9892616027806342	0.9578991150362471	0.9578991150362471	
