0.03125	0.14420368292252697	0.38963751177022327	0.3709928622549737	0.22467890069783167	0.21378302935953147	0.7790510154783676	0.15733270839792168	0.0012640501739454469	0.07396452903487712	0.061395790314341815	0.04124252484359251	0.03421559552628924	0.8669807698275204	-0.012086819535832915	0.04347807595190387	
0.0625	0.09292593842318056	0.2940304108214943	0.2748796471128421	0.14398682436733798	0.1346448845023415	0.795155456289113	0.09443887243629341	0.002870918259597854	0.0862746033749859	0.08194599155387358	0.041597066882835675	0.039511935406788566	0.866836889928193	-0.023709660427860147	0.03777959856780248	
0.125	0.07158447037417828	0.24294230747042805	0.22469858795257297	0.11049206251920048	0.10221034867854513	0.8095937055899224	0.0754212697762882	0.006651778924898046	0.10147331663566188	0.10124640059950955	0.04572860602198833	0.04562603979585772	0.866514827943693	-0.030708552376006264	0.0407399328545507	
0.25	0.06404169508821249	0.17546008601075647	0.16292524137340653	0.07671083655549991	0.07123067274588397	0.8265011019152982	0.05818470498679331	0.01670683786971961	0.10563418579142592	0.10439158893644485	0.04592785603065872	0.04538806004916797	0.8649397201808353	-0.02801816282780925	0.04210055753719542	
0.5	0.06673004925450617	0.1258823693574291	0.11823210584543709	0.05745220786540526	0.05396440668201332	0.8272184225405926	0.046961661507705275	0.037562458514665456	0.1074846671884303	0.10370287601422526	0.048665241658736307	0.046954414373549205	0.8605531978926331	-0.042290962826604175	0.0483378831470405	
1.0	0.0837906030911503	0.1053369114352046	0.10059977627669517	0.052202145622615284	0.04985649064852966	0.8376781995439672	0.0660249989412198	0.07115833716029347	0.10756493162871816	0.10297333083074048	0.05241941489572599	0.05018303340768935	0.8538814350807933	-0.0007124992614976234	0.06908916356331118	
2.0	0.13072005521867755	0.13560134555138106	0.13194326723902594	0.074377163089664	0.07238873117990693	0.8446523344555101	0.12256310459080026	0.12803044990344187	0.14019043112343674	0.13618689212567073	0.07460734006266638	0.07249196260731543	0.8487882617389774	0.10189256913118945	0.12388767849256274	
4.0	0.39738205304146945	0.3900185908435851	0.3892216521755971	0.3332681892759249	0.33265998600717506	0.8741404285501579	0.43619156638510564	0.3968264821200416	0.38968538032584193	0.38885998359568996	0.3033784170394087	0.3027831421673704	0.8743678493278848	0.434768884497026	0.43589810149775393	
8.0	0.7815342296877636	0.7876121128496153	0.786038299316087	0.6133929302438041	0.612167243031484	0.958104938179766	0.8390764384886673	0.7815342296877636	0.7876121128496153	0.786038299316087	0.6133929302438041	0.612167243031484	0.958104938179766	0.8390764384886673	0.8390764384886673	
16.0	0.8921923849678676	0.9254701146090346	0.9241150159075971	0.720756849966699	0.7197014980368804	0.981253355521131	0.9265057736538684	0.8921923849678676	0.9254701146090346	0.9241150159075971	0.720756849966699	0.7197014980368804	0.981253355521131	0.9265057736538684	0.9265057736538684	
