0.03125	0.03400483481063658	0.5004262334528934	0.4282266503680038	0.21938312309007463	0.18987074481478422	0.780265758360337	0.01986230458353085	0.0003593844476806077	0.10216268263106312	0.09024449024847181	0.044066350821730056	0.038575135306165007	0.8669786336604819	-0.03087065093761058	0.010942496509068287	
0.0625	0.0	0.5095003782142954	0.41231276940158235	0.19410267343192242	0.1570764516375215	0.8047401385872938	0.0	0.0	0.1542023031403442	0.15241518889205696	0.058730123980335336	0.05804926477052077	0.8669705469050376	-0.044400972808099105	0.0	
0.125	0.0	0.49111624035467827	0.3886740959175331	0.18422805633625716	0.14579954228397551	0.8184912715879786	0.0	0.0	0.2089904746243676	0.20707275980470188	0.07839020686263166	0.07767094794715104	0.8669705469050376	-0.05140234791578744	0.0	
0.25	0.0	0.47983519909581523	0.37431722979033133	0.17849667532161945	0.13924429799536595	0.8379087547657083	0.0	0.0	0.2870327451373708	0.2646894730641801	0.10677147473302666	0.09846037650018534	0.8669705469050376	-0.05150891176412896	0.0	
0.5	0.0	0.46770397615011916	0.35897494578251327	0.17333357796884677	0.1330379678337844	0.842667403566909	0.0	0.0	0.36316324433534486	0.3063947852394352	0.13458868827045878	0.11355028715456734	0.8669705469050376	-0.0797029508195312	0.0	
1.0	0.0	0.4665718662924288	0.3575451109126475	0.17262391415996664	0.13228580093906475	0.8555191202513346	0.0	0.0	0.4287905398411631	0.33914202034831753	0.158644363259965	0.1254761364415209	0.8669705469050376	-0.07666194679211398	0.0	
2.0	0.0	0.4680109965322178	0.3593570815077794	0.17305465992187616	0.13287811115150425	0.8639643691134575	0.0	0.0	0.4629749347647463	0.35720534285101546	0.1711915891538036	0.13208177563118176	0.8669705469050376	-0.05142806120839667	0.0	
4.0	0.49388460725784933	0.6709612632554984	0.6273818691783496	0.5176787720544425	0.5014732129473706	0.9283187992336106	0.5236856200665538	0.49281126072008463	0.6689466463826623	0.6254416270349752	0.5264811107082258	0.5102816679447202	0.9282611369996424	0.5170118050097872	0.5228585750812138	
8.0	0.8876228662915663	0.9184434804487122	0.917118308598935	0.7152845017802837	0.7142524569059729	0.9804346586248089	0.923033211179663	0.8876228662915663	0.9184434804487122	0.917118308598935	0.7152845017802837	0.7142524569059729	0.9804346586248089	0.923033211179663	0.923033211179663	
16.0	0.9401798715033076	0.9647439362619552	0.9639209965489034	0.8396564955986789	0.8390155894989502	0.9896613397073715	0.9595186405628027	0.9401798715033076	0.9647439362619552	0.9639209965489034	0.8396564955986789	0.8390155894989502	0.9896613397073715	0.9595186405628027	0.9595186405628027	
