0.03125	0.044531864673485445	0.49996484910223354	0.42874324143202924	0.22496760385133913	0.1959866140689667	0.7807278408307876	0.0272988908490459	0.00048189488561382004	0.10193294989431485	0.0899472217666049	0.0447475471750174	0.039029604523424466	0.8669850869185363	-0.027605467183014508	0.013223028251784699	
0.0625	0.0	0.5095003782142954	0.41231276940158235	0.19410267343192242	0.1570764516375215	0.8047401385872938	0.0	0.0	0.1542023031403442	0.15241518889205696	0.058730123980335336	0.05804926477052077	0.8669705469050376	-0.044400972808099105	0.0	
0.125	0.0	0.49111624035467827	0.3886740959175331	0.18422805633625716	0.14579954228397551	0.8184912715879786	0.0	0.0	0.2089904746243676	0.20707275980470188	0.07839020686263166	0.07767094794715104	0.8669705469050376	-0.05140234791578744	0.0	
0.25	0.0	0.47983519909581523	0.37431722979033133	0.17849667532161945	0.13924429799536595	0.8379087547657083	0.0	0.0	0.2870327451373708	0.2646894730641801	0.10677147473302666	0.09846037650018534	0.8669705469050376	-0.05150891176412896	0.0	
0.5	0.0	0.46770397615011916	0.35897494578251327	0.17333357796884677	0.1330379678337844	0.842667403566909	0.0	0.0	0.36316324433534486	0.3063947852394352	0.13458868827045878	0.11355028715456734	0.8669705469050376	-0.0797029508195312	0.0	
1.0	0.0	0.4665718662924288	0.3575451109126475	0.17262391415996664	0.13228580093906475	0.8555191202513346	0.0	0.0	0.4287905398411631	0.33914202034831753	0.158644363259965	0.1254761364415209	0.8669705469050376	-0.07666194679211398	0.0	
2.0	0.0	0.4680109965322178	0.3593570815077794	0.17305465992187616	0.13287811115150425	0.8639643691134575	0.0	0.0	0.4629749347647463	0.35720534285101546	0.1711915891538036	0.13208177563118176	0.8669705469050376	-0.05142806120839667	0.0	
4.0	0.48165629474294064	0.6699688278662833	0.6259212850321199	0.4450196604492249	0.42844967034442716	0.925095960725599	0.513955477136568	0.480606347801642	0.66780726378344	0.6238823409057397	0.5144195091689412	0.49784981640707143	0.9250400810682897	0.50735214594401	0.5131146952638164	
8.0	0.9051456657894674	0.927581350448628	0.9265237059633489	0.7647807235704597	0.7639570291989972	0.9836065758482476	0.9351986130001835	0.9051456657894674	0.927581350448628	0.9265237059633489	0.7647807235704597	0.7639570291989972	0.9836065758482476	0.9351986130001835	0.9351986130001835	
16.0	0.9406971010553509	0.9661024245692553	0.9652760867672857	0.8407144873561976	0.8400709348221586	0.9897540843078978	0.9599037325409604	0.9406971010553509	0.9661024245692553	0.9652760867672857	0.8407144873561976	0.8400709348221586	0.9897540843078978	0.9599037325409604	0.9599037325409604	
