0.03125	0.14277679606049942	0.3806938918549493	0.36224518013919055	0.21714161309495233	0.20649242771695447	0.7784487654847249	0.15480977765596482	0.0012538420454050383	0.07293389711277332	0.0606060172972636	0.04034146694242543	0.03350326980691574	0.8669808751270935	-0.012427927110062131	0.043211145084120876	
0.0625	0.09695110344097624	0.29515575555275636	0.2767039483493237	0.14540295426538155	0.13633888669107097	0.794272483462942	0.09498499251253466	0.0030029440955240466	0.0863003583881802	0.08187082692510002	0.04182695837643489	0.03968200912664094	0.8668218827570693	-0.022885191045859298	0.03817089240054693	
0.125	0.08066617130292203	0.2595498524555204	0.24067225361611402	0.11859509917366826	0.10997791280736628	0.8112221642626389	0.09365348745678119	0.007534745274454134	0.10717290431149726	0.10690484469965578	0.04851299733519008	0.04839164830712936	0.8666222923443463	-0.026214234157758885	0.04839012919951185	
0.25	0.06626304802255215	0.1910746168939058	0.17697382867434577	0.08319273566807507	0.07705887837497599	0.8277312945267038	0.06770755089931509	0.017165576844904558	0.1139832930451811	0.11255315258597243	0.049360191174820905	0.04874280298294903	0.8651911131592274	-0.02587650293906087	0.047290423955267905	
0.5	0.06343111122895825	0.1181247289857728	0.11091791360046595	0.05407923613940646	0.05078456049087735	0.8269016057336398	0.0408486910364343	0.03570594083174144	0.10193044795103659	0.09834177672095504	0.046223296822688754	0.0445964466814578	0.8603661349055616	-0.04563186727674231	0.04355785647209433	
1.0	0.07481593358720684	0.09794557355851637	0.09314094702236682	0.04747037973789378	0.0451424434333115	0.8379859600072628	0.05447878137975302	0.06341253521263077	0.10111820402072669	0.0964544716136838	0.04831027100868461	0.046082778475157946	0.854079257753847	-0.01112844391904768	0.058326235365950996	
2.0	0.12247295291215998	0.12508173480509657	0.1215061609459982	0.06863185385004789	0.06670288121241641	0.8447472997002192	0.11230819356864534	0.12000405843551012	0.13009168174536673	0.12616891082341686	0.06921437653759425	0.067155330457082	0.8488646077860373	0.09138062966819341	0.1137674886561241	
4.0	0.31897039460925414	0.3177394277409861	0.31656120335012106	0.24124108558611512	0.24039545674822574	0.8662765203210006	0.3522846363428619	0.31838276077195204	0.31744433386671456	0.31620346348859696	0.22099182678621165	0.22015386463646397	0.8664847019489395	0.35065717343979685	0.3519581095100538	
8.0	0.7650969147152563	0.7714901945025326	0.7696315023703342	0.6008371676104829	0.5993896167224381	0.9534358481430786	0.8245270478102966	0.7650969147152563	0.7714901945025326	0.7696315023703342	0.6008371676104829	0.5993896167224381	0.9534358481430786	0.8245270478102966	0.8245270478102966	
16.0	0.9173372074736204	0.9416053940924595	0.9406152176237429	0.8200702227294496	0.8192990280340735	0.9852259208305938	0.943108647595697	0.9173372074736204	0.9416053940924595	0.9406152176237429	0.8200702227294496	0.8192990280340735	0.9852259208305938	0.943108647595697	0.943108647595697	
