0.03125	0.14365459180828621	0.41295949839932744	0.3918811849398106	0.23664394023994556	0.22440587394501565	0.7821619086893792	0.16915529037612545	0.0012437467384536637	0.07728659129203691	0.0641954301564652	0.04278130902974092	0.035511350267481125	0.8669910054059864	-0.011505420889066035	0.045520074237779234	
0.0625	0.10468618786599485	0.35547021438481885	0.3317580175334901	0.17379762941677201	0.16223097857310995	0.8002226902610193	0.12827626668119094	0.003205539404867679	0.1007945660291891	0.09574263109297473	0.04852488244028739	0.04609436502645362	0.8669305100113165	-0.018547945578790616	0.04754225777477281	
0.125	0.08596107837774136	0.29490541846912033	0.27352493489570817	0.1350226689555572	0.12524864485735487	0.8131506143306264	0.10855740132383988	0.00798735472791429	0.11979107164096134	0.11948110417690687	0.05432714246274541	0.054185658566721605	0.8667433001936962	-0.023167069702207974	0.05436682251923689	
0.25	0.07023778973689848	0.23015317190921084	0.21275278113265145	0.09981518852909557	0.09226771759609839	0.8311176517341972	0.08808033969540699	0.018025437864755925	0.1347453975266059	0.13298977811272955	0.05813727570053397	0.05738079795487987	0.86581797594964	-0.020925411445287694	0.058240717075789226	
0.5	0.09190254828218239	0.20539980466987173	0.19330816072374785	0.09415569745096072	0.08861874882973028	0.834676170792474	0.11051818964944489	0.05128851056357334	0.16247152771047835	0.15693118489813193	0.073755401838435	0.07123967505526092	0.8638088930321552	-0.012892087325582688	0.09501968372752909	
1.0	0.15369788356156638	0.24728483959897174	0.23815864061485453	0.12683773655269945	0.12216652865112358	0.8513870756855401	0.19487003204701217	0.13003969512307684	0.22893130335935083	0.22071176430987957	0.11499545763862229	0.1108737534543723	0.8642946491923921	0.10052975903149228	0.18541045755656108	
2.0	0.6185446376072586	0.5750834712708907	0.5750365643121251	0.4692715459401181	0.46923620343796024	0.9221510082764525	0.6868444060062121	0.6060476661868351	0.5586644628149721	0.5585866111662388	0.4068955605823633	0.4068373655790847	0.9225085213736979	0.6654854832989683	0.6773593432819064	
4.0	0.7977756589830449	0.8138200142320086	0.8121452542023494	0.6715487602538259	0.6702438233301314	0.9610219867036862	0.8522405254899825	0.7963193904330315	0.8106882641421238	0.8091729262914846	0.7484314946124472	0.7469980968621546	0.9608543284826532	0.8502902010776543	0.8510287893675892	
8.0	0.9233786345014593	0.9530945055833276	0.9520973900992384	0.8300706091506986	0.8292940364756939	0.9863109608165503	0.9474681237377507	0.9233786345014593	0.9530945055833276	0.9520973900992384	0.8300706091506986	0.8292940364756939	0.9863109608165503	0.9474681237377507	0.9474681237377507	
16.0	0.9805382608494886	0.9894714785578204	0.9891947588836217	0.9475605358705274	0.9473450263715701	0.9966362052223421	0.9868506223362574	0.9805382608494886	0.9894714785578204	0.9891947588836217	0.9475605358705274	0.9473450263715701	0.9966362052223421	0.9868506223362574	0.9868506223362574	
