0.03125	0.23994720713675174	0.39165144212690317	0.3818973737139213	0.2585122670565227	0.2519817919172106	0.77796770880512	0.22701782808279777	0.002235451467445133	0.07135535348080743	0.05808168737907565	0.04446518720918413	0.036130507475580234	0.8669969517008557	0.009838277478996335	0.05931268706565125	
0.0625	0.13388057895564537	0.31403700993448175	0.2985134175382025	0.16092209900020418	0.1529915897796637	0.7922983455617145	0.12627822239552797	0.004312480352783479	0.08937884464734583	0.084238837153418	0.04484213194063841	0.042264974784363155	0.8668181043183237	-0.0123596465204103	0.04887971521472799	
0.125	0.10504928244327438	0.25308971919110423	0.23896348497269684	0.12035790051399695	0.11364813345647876	0.805665480003681	0.09770033413910138	0.010170348820089062	0.10343081398282475	0.10292538096227744	0.04855585375153149	0.04831750033953577	0.8663427987608792	-0.019202116355861765	0.051881507885392975	
0.25	0.08875853520963317	0.1974210490724954	0.1859756274945769	0.08852258514746311	0.08339825940931314	0.8241693542775572	0.08204726170933778	0.02346780428341597	0.1162205432126207	0.11525470483118139	0.051746868996077014	0.0513197871091305	0.8645832821690252	-0.0160576032383263	0.05647106222906216	
0.5	0.086390357284548	0.13822947646134026	0.13152263932856556	0.06622000422538646	0.06301583297851424	0.8253165714198607	0.06724815807888815	0.049131923639209124	0.11579026265858769	0.11254117659805496	0.054749114050602565	0.05321510277161222	0.8598363987532469	-0.027345335959298982	0.06462095174255296	
1.0	0.09383403005243279	0.1258953917987699	0.12052757387223571	0.06316219652676239	0.060471195029511496	0.8385284852270285	0.08253577058319589	0.07970170115841203	0.12505298943572396	0.11997133742691139	0.061608798539727026	0.05910691600081637	0.8545194352793806	0.012624786971026605	0.08409655967541227	
2.0	0.1655427701089561	0.15087352104459034	0.14784134314452363	0.08585284425980177	0.08414006161655738	0.8447405118621557	0.16346538539379704	0.16223780684352795	0.1550496250864007	0.15168081668814182	0.08517401180068791	0.08333432098773116	0.8489133454802819	0.14356863163830696	0.1643808298766405	
4.0	0.24166982328770698	0.22166680508796563	0.21908796748782286	0.11071322702996311	0.10942988086944135	0.8561121529276665	0.2588345357766987	0.24126155048327105	0.2219445819670487	0.2192973696292289	0.10913490014546309	0.10783589117882064	0.8563803457511071	0.2572789799482319	0.258721594945286	
8.0	0.40804628981655106	0.4187821769348162	0.4150802435686627	0.17531267397532524	0.17377044169774933	0.886853154830284	0.47176601334648627	0.40804628981655106	0.4187821769348162	0.4150802435686627	0.17531267397532524	0.17377044169774933	0.886853154830284	0.47176601334648627	0.47176601334648627	
16.0	0.513952150383202	0.5091446776786004	0.5077003358381786	0.2050506571166418	0.2044651123926886	0.8956954447503144	0.5758190812864333	0.513952150383202	0.5091446776786004	0.5077003358381786	0.2050506571166418	0.2044651123926886	0.8956954447503144	0.5758190812864333	0.5758190812864333	
