0.03125	0.24019149222156155	0.3959629610863303	0.3854987496312069	0.2585647028664061	0.25170569764595513	0.7798012326880395	0.23303218532686226	0.0022253746350624744	0.07212030817904477	0.05878135485856294	0.04450956824476339	0.0362052672330037	0.8670052842644156	0.010178864033714374	0.0604169665110168	
0.0625	0.13705428687559276	0.32477034012710304	0.30870545930273247	0.1652319850701904	0.157055637770208	0.7942633255210616	0.13304800174474682	0.0044622712175846424	0.0922262614510079	0.08695609110827145	0.04601789184703724	0.043388250692351846	0.8668598971112484	-0.010367522953227307	0.05129535927098887	
0.125	0.1034619503717181	0.2590154413530389	0.2438362120696736	0.12216032304186437	0.11500253037419443	0.8078209024639872	0.10423330642252877	0.009948780476457034	0.10581723643750088	0.10535183647686057	0.04931092244224282	0.04909336845578642	0.8664669106549965	-0.018779086346572934	0.05421681297988905	
0.25	0.08679229270130306	0.19867918722831618	0.18723291511071732	0.08924981995761941	0.08411774914216434	0.8234827873574148	0.07684756938985701	0.023123063655714277	0.11699938234753723	0.11602863410068202	0.05219270371819342	0.05176347511955485	0.8644844296885511	-0.017364483479013888	0.053913640549078434	
0.5	0.09183104165255256	0.15162135679775254	0.14440107651087727	0.07214628471297388	0.06871933120807627	0.8265170961603265	0.07830169488303565	0.052112182926561224	0.12483073349881754	0.12138172606459294	0.05860220857041145	0.0569828368871816	0.8603469502201918	-0.02162919005284853	0.07262930474155899	
1.0	0.09000786131417116	0.1252256638495274	0.11980280127146976	0.062561431243259	0.05985626858118696	0.8383687838811371	0.07688177057616598	0.07642512847215877	0.12469505925884883	0.1195406677238792	0.061219089763184985	0.05869266245622279	0.8544411696736564	0.008005916394981879	0.07900677397267633	
2.0	0.14674488974083505	0.14921968311525807	0.1456786710369554	0.08220935294104119	0.08026041220321124	0.8415476074764335	0.13545960343840133	0.14379284054007996	0.15345294087671518	0.1495657488186116	0.08201882734287924	0.07994271976718219	0.8458916638971749	0.1162269651167209	0.13683189132624707	
4.0	0.47943536795999286	0.43548805176345284	0.4349630172622992	0.3557455325978572	0.35533130251288736	0.8810941087527844	0.5298440819898884	0.4787628327600954	0.43477822550417244	0.43429148457798145	0.3582791706241571	0.3578149845320416	0.8813186529754354	0.5285505530364083	0.5293400754223441	
8.0	0.7534566779689703	0.7576431011499765	0.7559247518612651	0.5900530404642492	0.5887147886926106	0.9516654042375583	0.8159909237383658	0.7534566779689703	0.7576431011499765	0.7559247518612651	0.5900530404642492	0.5887147886926106	0.9516654042375583	0.8159909237383658	0.8159909237383658	
16.0	0.8941124725863567	0.9205420314873421	0.9193300838554972	0.7602068643119891	0.7592629867534672	0.9811548106514809	0.9269146553234158	0.8941124725863567	0.9205420314873421	0.9193300838554972	0.7602068643119891	0.7592629867534672	0.9811548106514809	0.9269146553234158	0.9269146553234158	
