0.03125	0.13200344538854925	0.5199108324041829	0.48321089271829337	0.24738329642561863	0.22990667167861883	0.8030690480190532	0.21624305160971807	0.0012117515911564379	0.10793349200626279	0.09318019529903476	0.05121675585620511	0.04414273926391955	0.8670330228062417	-0.013460370414004266	0.05713730693972041	
0.0625	0.12551553415090613	0.5113185580258616	0.4747216322308342	0.22245925233978806	0.20658981462468184	0.8488224372471811	0.21914270757970292	0.003192288814514313	0.14468504662595788	0.139006910055973	0.0625522626421425	0.06008959837212149	0.8671142282530304	0.008954099366577265	0.06697696931554019	
0.125	0.11266972320338398	0.47056234801617886	0.43252703649695967	0.1921740684246844	0.1766463657578949	0.8593534160030778	0.20347065358458472	0.008877424043457708	0.19158316630336766	0.19146513911741375	0.07805268730730941	0.07800427560828435	0.8672739286677913	0.021519362744138425	0.0824753703059293	
0.25	0.11371811890492751	0.436198161738627	0.4014050556234235	0.1744594286035211	0.16054495593762966	0.8638282306329451	0.19690466932143694	0.023038980613430193	0.23982810277853822	0.23628766819467298	0.09578822401639572	0.09437384900162217	0.8674982793878012	0.038615748624345726	0.10495265158423414	
0.5	0.13966174999065778	0.42391917921402616	0.39456605529757366	0.16983210558595538	0.1580756125825641	0.8687981635921103	0.23176622859036447	0.05980435716232109	0.30053843487651466	0.2884047197571733	0.12022531741202178	0.11537303466985464	0.869009136933375	0.07942450020269878	0.15946812527217777	
1.0	0.22748188704958724	0.44139347193292433	0.4233190047330238	0.18482468667901686	0.17725977840190646	0.8760671101782898	0.32061138851428883	0.1594787064102856	0.36696043308232135	0.3526243754503665	0.15315954711351107	0.1471768120222616	0.8743815545379287	0.2018634289284201	0.26582838790321683	
2.0	0.38272379554642183	0.5280821725523428	0.5182551335113137	0.2419719478568485	0.23755259948160123	0.89607224776035	0.4813154454300753	0.34666226754222623	0.4901716688979228	0.4792971339174539	0.22232797309273472	0.21746636705866268	0.893600252407108	0.4257825048695347	0.45250938819323316	
4.0	0.5352306542150782	0.6435442225024387	0.6393165785749655	0.33506885902928046	0.33288135607670916	0.9208232621828047	0.6290560122770609	0.5295955827891489	0.6360271944405996	0.6313375787758708	0.3236309315648673	0.32125603311464257	0.9202843293425067	0.6212205885221047	0.6246018935653848	
8.0	0.6191445759290423	0.6917822663162801	0.6897020600548893	0.4117015715705842	0.41048696128943296	0.9349547673690992	0.7044782416181228	0.6191445759290423	0.6917822663162801	0.6897020600548893	0.4117015715705842	0.41048696128943296	0.9349547673690992	0.7044782416181228	0.7044782416181228	
16.0	0.6937768231162569	0.7389259466693971	0.7383056324205125	0.4822233009098591	0.48184195112744754	0.9471413278904336	0.7673978493400327	0.6937768231162569	0.7389259466693971	0.7383056324205125	0.4822233009098591	0.48184195112744754	0.9471413278904336	0.7673978493400327	0.7673978493400327	
