0.03125	0.19941886374803613	0.5569296635073846	0.5238275855215436	0.27045628675113037	0.2544845895793791	0.813021162679578	0.2864729373542524	0.001832132161151543	0.11358047379724012	0.09752740683594527	0.05478255950618156	0.04691264225178754	0.8671030977216981	0.003909944130111734	0.07432961073615876	
0.0625	0.1541132890315115	0.549244127011457	0.5122948450625566	0.24004476897204413	0.22393120424717713	0.8543427223894573	0.2680012990433107	0.003901384244098616	0.1540627545428191	0.14775942452361684	0.06689949114111202	0.06415568456221603	0.8672241423371856	0.017845215691630494	0.0809928515409721	
0.125	0.1353360195099997	0.5147851179303427	0.4736193631567328	0.21026442430131467	0.19346503052409783	0.8646063505907359	0.2523742108836094	0.010458356836986916	0.2087120251211659	0.20854316251515112	0.0850298220861678	0.0849600351032381	0.8676169187611352	0.03153271535724782	0.10143717613202226	
0.25	0.14748964890881539	0.4896243179525065	0.45203636468481834	0.19608176730230364	0.18103509803497406	0.8706653019431567	0.2634945185899481	0.02943471026409683	0.26772159596636663	0.2640249903838057	0.10706147446527743	0.10558353609033169	0.8687092004692467	0.058614798941948765	0.13931573667518818	
0.5	0.17659264358684393	0.4847428610780883	0.45194063630580183	0.1942171703644196	0.18107724069891376	0.8765072567948897	0.30138849750331803	0.0749452287653978	0.34217055825562676	0.32867348904031257	0.1368915653805014	0.13149328014647604	0.872039873229325	0.11063410303412886	0.20654249484654486	
1.0	0.29409370531059364	0.5266396221991945	0.5067055049813937	0.22171363716133632	0.21334096232908767	0.8897474704773989	0.4181968798693251	0.20368550144038658	0.4354285796787913	0.4194852191309642	0.18264684603624598	0.1759700143896655	0.8832187536596967	0.2707403503691053	0.3452967181887211	
2.0	0.42015800288441457	0.585899026420029	0.573802711189078	0.26561287595316363	0.26015331803311936	0.906233601796765	0.5342882271981505	0.37911465347595513	0.5440279669804491	0.5308476531539383	0.24450161296093187	0.23859883124981587	0.9025225373530734	0.4720035850051422	0.5023123364928381	
4.0	0.4605614870049437	0.6114698680319866	0.6040604276499763	0.3389928565337007	0.33494628067657933	0.9130773193605736	0.572917484221164	0.4555935776161671	0.604847198451328	0.596951095992082	0.3247638735193251	0.3205754493822051	0.9126598277887185	0.5643568313918355	0.5690587348119568	
8.0	0.49784485456636024	0.6463180181693362	0.6400472460802131	0.38067699062338733	0.37700815331369125	0.919038721566881	0.6081160493334676	0.49784485456636024	0.6463180181693362	0.6400472460802131	0.38067699062338733	0.37700815331369125	0.919038721566881	0.6081160493334676	0.6081160493334676	
16.0	0.51114927602185	0.6511460958881438	0.6450505726471899	0.38722908580539395	0.383653858348736	0.9214598903058011	0.6213675613361118	0.51114927602185	0.6511460958881438	0.6450505726471899	0.38722908580539395	0.383653858348736	0.9214598903058011	0.6213675613361118	0.6213675613361118	
