0.03125	0.21118085048585575	0.5416140610502692	0.5127255703928622	0.2670173752546436	0.25284430013341236	0.8102288973421687	0.28047483682355245	0.001968055772237895	0.10971730820070391	0.09370126479049598	0.05372370530312328	0.04576299163200916	0.867076156804953	0.005720990864659556	0.07298242427270756	
0.0625	0.17128361268743225	0.532849210342207	0.5000480333676544	0.23470047109846787	0.2203064035633985	0.8535693830726423	0.2716601404665912	0.004396622433862135	0.1484904600837645	0.14203229812896473	0.06493683642346804	0.062103344047042805	0.8672073052173663	0.022099287331151563	0.08210194807179032	
0.125	0.14048383948981405	0.49022888200458514	0.4534212620013512	0.2008219716269694	0.18575149665148025	0.8622756552048539	0.23944463682240835	0.010986406260937599	0.197950492453358	0.19775387037086567	0.08087785448631216	0.08079676030431591	0.8674472649077215	0.03217668202954138	0.09625748946628683	
0.25	0.16794646415929093	0.47292811942347424	0.43937667606502406	0.18946229855847743	0.17602565687967214	0.8686563400181354	0.2630659642451754	0.03451643987709811	0.257514432124143	0.25442271570775155	0.10301520322161643	0.10177845375419645	0.868356060299214	0.06706378803141441	0.13879926945008866	
0.5	0.18557945593576902	0.4555386887179906	0.42831589907171674	0.18293699694074672	0.17200674661003285	0.8726907896476501	0.2831863460849499	0.07975094379779256	0.32008985084922126	0.3089932993799565	0.12834534020975114	0.12389684852528418	0.8704631450480298	0.11200889910343245	0.19332259218234177	
1.0	0.2938198517222168	0.48902059906328893	0.4725583186894532	0.20433202381940774	0.19746301890924176	0.8832400352558512	0.389405756983506	0.20675102020096753	0.40381215224578676	0.39038746030961946	0.16817759690521633	0.16259211423891645	0.8790438252497111	0.262009098170496	0.3211949869599919	
2.0	0.4463191668025047	0.5750831592289363	0.5661390993359104	0.2585680996542785	0.2545743369585386	0.9061309709325946	0.5445235526231554	0.4040288880795768	0.5327065602051528	0.5224869501608782	0.23759587048910183	0.2330614907324665	0.9023921241827555	0.4870723697187215	0.5112880281242055	
4.0	0.5353667869359511	0.6358226412057627	0.632145692693441	0.34154691012307636	0.3395605722052763	0.920174931049927	0.6262295225225425	0.5296877923993242	0.6283899185562914	0.6242702121605708	0.32849333863300356	0.3263282386135769	0.919652169156602	0.6184563349740593	0.6217575841069632	
8.0	0.6382555367622443	0.6919502199792374	0.690812321838565	0.43152252351595966	0.4308350544528262	0.9369570188157086	0.7184118561224992	0.6382555367622443	0.6919502199792374	0.690812321838565	0.43152252351595966	0.4308350544528262	0.9369570188157086	0.7184118561224992	0.7184118561224992	
16.0	0.7033224158277955	0.7404963410997949	0.7399605524206552	0.4713646836152364	0.47103020769647835	0.9488099717444285	0.7753289218203541	0.7033224158277955	0.7404963410997949	0.7399605524206552	0.4713646836152364	0.47103020769647835	0.9488099717444285	0.7753289218203541	0.7753289218203541	
