0.03125	0.19430840453941695	0.543616622880767	0.5131668687097986	0.26738004637868495	0.2524635187405698	0.809521509546048	0.27075420189003296	0.001804571071236541	0.11039624419259861	0.09446821647129493	0.05395127909663887	0.046044554433910735	0.8670726954946462	0.0016256799907529373	0.07027237986725259	
0.0625	0.16140426659304577	0.5265929905027367	0.49377033076545207	0.2317757148560625	0.2173970877948587	0.8513856380725677	0.25444883869274554	0.004159540600480656	0.14701659035267617	0.14067266345048876	0.06423813027520728	0.061454441188115806	0.8671668269260246	0.019066332455459536	0.07729002866940468	
0.125	0.1391028104382968	0.48259318535793927	0.4473498995631762	0.19799771061137497	0.18354957766570773	0.8602308126484448	0.22641899776610924	0.011058186836570394	0.19466063830364827	0.1944330075037343	0.079645152218021	0.07955108098903327	0.8673253750091302	0.031013031382986833	0.09134593426885655	
0.25	0.14725962490475938	0.44599727079277784	0.4159234654594462	0.1792424099491064	0.16716182118329415	0.8627330030783714	0.21811037192284455	0.030686525249636838	0.2424765292181233	0.2398025281953382	0.09729615098017094	0.09622349978993754	0.8673233491467262	0.05364517544489793	0.1156329641967484	
0.5	0.18774805763182414	0.42502313572630024	0.40276525140833525	0.17122776005236656	0.1622624034181645	0.8677557622394089	0.26052734760415136	0.08267689416023763	0.29770311388735027	0.2886472784521647	0.11973400204150879	0.11609294448527248	0.8685760653849142	0.109448872356946	0.17799908796697303	
1.0	0.2733749498683258	0.4594286850248766	0.4460269496481282	0.19544173571350718	0.1897419342124491	0.8790415530656522	0.359811685425086	0.19340492476361204	0.37872573101391305	0.36753013223576947	0.16045095557171413	0.15570691128627878	0.8763446791999765	0.2411131783858765	0.2974024411316805	
2.0	0.485249467207737	0.5814393037824224	0.5774569774061741	0.27997535329740114	0.2780989585802069	0.9070905982049633	0.5704016663499114	0.4409264037554144	0.5353461489223488	0.5299369105632087	0.25411641072575075	0.2515866839800841	0.9031774208254555	0.5164062324485588	0.534603022269949	
4.0	0.5837410304160198	0.6627016137892147	0.6593199534812587	0.3657551134279937	0.3639938878600766	0.9293366748693611	0.6739821033115836	0.5776049124607613	0.6547134828995295	0.6509051456133751	0.349114102984427	0.3471706522310288	0.92866645142223	0.6660147953042906	0.6691572167189033	
8.0	0.5814754311961355	0.6828375724680706	0.6791455554684025	0.3877426699786528	0.3856700872929692	0.9309185594980018	0.6774526115166455	0.5814754311961355	0.6828375724680706	0.6791455554684025	0.3877426699786528	0.3856700872929692	0.9309185594980018	0.6774526115166455	0.6774526115166455	
16.0	0.587664575311355	0.7001899500726949	0.6948273778742072	0.3814733541822516	0.3786283870468818	0.933816892620236	0.6894682678576954	0.587664575311355	0.7001899500726949	0.6948273778742072	0.3814733541822516	0.3786283870468818	0.933816892620236	0.6894682678576954	0.6894682678576954	
