0.03125	0.24391140810387224	0.5543071407546415	0.5275671281106458	0.276879370114698	0.2637654985313839	0.817441025139422	0.31034718961924723	0.002303634734438227	0.1109738892397841	0.09441799101417561	0.054963017651448474	0.046584599858287154	0.8671172428711186	0.017233651567114833	0.08107509563439833	
0.0625	0.1824807089462558	0.5364116705504894	0.5038118512021514	0.2361153076009137	0.22179668741558517	0.8555293085494613	0.2865676469289229	0.004732244772259984	0.14935187572329162	0.1428219277558813	0.06528637813878944	0.062424997522281436	0.8672512462730267	0.02561460309494224	0.08651211371063924	
0.125	0.1651862077372795	0.49344022907872764	0.4586012773650662	0.20248877253456796	0.18820803327190813	0.8635420946761311	0.2615580434399952	0.012980976078937737	0.1982833137662366	0.19801481655944944	0.08114269073829465	0.08103168171768536	0.8675309884864303	0.04100301389506469	0.10451786922742556	
0.25	0.17726887537747787	0.47121155853266183	0.438933280402785	0.1889726136987913	0.17603773249603938	0.8688140832833564	0.2690985705283609	0.03663076750457615	0.25597135782096264	0.2530794340029398	0.10249912663728297	0.10134186057281358	0.8683777270366034	0.07156802569931207	0.14172287383275656	
0.5	0.19276703463326786	0.45666175648439733	0.43083488143070037	0.18370180218684107	0.17331663817666693	0.8722042329459805	0.285262036684432	0.08328717697542586	0.32010744624159615	0.3096104217468084	0.12856371210335918	0.12434937219024474	0.8702681257861492	0.1162392537083545	0.19451590789045145	
1.0	0.3582819702454605	0.5179507344324847	0.5026792684998806	0.2157131993710631	0.20937981575506254	0.8922245127547708	0.45453830598878253	0.2518111093486227	0.42587334390069975	0.41315876648572003	0.17679844516028953	0.1715370291023967	0.8846931249447627	0.3183462472126288	0.3726079721936738	
2.0	0.46160275437836207	0.583535227160334	0.575232529615152	0.26144368159308756	0.2577562848768267	0.9083116311919384	0.5584042293228979	0.41798742100364594	0.5401433969830539	0.5305007779649908	0.24010769636301438	0.23584978606553864	0.9043100271540508	0.500844240906368	0.5241854700502387	
4.0	0.5842765423610167	0.666498571051428	0.6635023544563377	0.3483550299891308	0.3468040902064737	0.9280748996032129	0.6714951913895096	0.5781704509322697	0.6583847428064319	0.6549598052228842	0.33616669821554473	0.33443138621955304	0.9274160824265592	0.6637307395989712	0.6666512720193327	
8.0	0.6317054704466638	0.6929281436551918	0.6914960316155792	0.4110869369137025	0.4102470364320171	0.936282445056649	0.7133562440030315	0.6317054704466638	0.6929281436551918	0.6914960316155792	0.4110869369137025	0.4102470364320171	0.936282445056649	0.7133562440030315	0.7133562440030315	
16.0	0.6971290179038448	0.7374402472898479	0.7368389021606244	0.4591668334011144	0.45879523719523946	0.9477565909302645	0.7700603295309577	0.6971290179038448	0.7374402472898479	0.7368389021606244	0.4591668334011144	0.45879523719523946	0.9477565909302645	0.7700603295309577	0.7700603295309577	
