0.03125	0.14149814950441725	0.5234249195604669	0.4882233269581489	0.2512442568951036	0.2343499477406759	0.8032341323376414	0.2214095889381404	0.0012969391542785084	0.10838503605467435	0.09341354611841729	0.05185821251149543	0.04460188153188322	0.8670387466205755	-0.011289091768026569	0.058823276477693975	
0.0625	0.13196811412703346	0.5183319386735964	0.4819119791974654	0.2260319368358597	0.2102053500725471	0.8502024356121151	0.2317119720429858	0.003349168236420648	0.1462640754889736	0.1404441419329688	0.06336829201566074	0.06083890574421352	0.8671392755944588	0.010972445012817855	0.07056270260213646	
0.125	0.11362364170327126	0.4813549466672857	0.4414225889330822	0.19628034663483823	0.18000350240436994	0.8609246558607163	0.21324837506584338	0.00882662034788417	0.19608026027503	0.19596454948850697	0.07976407292539156	0.07971663192403536	0.8673637692305837	0.022502563892891042	0.08612445198364413	
0.25	0.12268876405857002	0.44143986575719596	0.4068538579608848	0.17662890683127236	0.16279352291756033	0.8651150127364241	0.21112583870547147	0.024829988398188094	0.24235109770178892	0.238873769198389	0.09683367123963016	0.09544432566087678	0.8677291163822822	0.04366639153030126	0.11229689764115094	
0.5	0.14289602370827975	0.4179801795156858	0.3898208150013483	0.1676018409303554	0.1563124159415428	0.8682845665060542	0.23123404589255064	0.061573959803673105	0.29615408949960953	0.28454682837628303	0.11857566997452448	0.11392920118472152	0.868808687395456	0.0810620108393711	0.15910686118248676	
1.0	0.23640945934931343	0.4329175640484852	0.4164159390012764	0.1821239329931175	0.17519982757885583	0.8754969046225689	0.323474331645686	0.1665814256207822	0.3595190145103578	0.3463045556572422	0.1507076930404161	0.14517830279539962	0.8740601204778485	0.2077012468456298	0.26802150546059006	
2.0	0.4201466723915105	0.5453339024730057	0.5388640381961144	0.2589338180998908	0.25593286964604606	0.8991753824475308	0.5104563346115711	0.38154760799023346	0.5042804084298229	0.4965478479332049	0.23635181318533452	0.2327887419363155	0.8963580259440821	0.456969723625695	0.47942270691623073	
4.0	0.6015653865967132	0.6635973304473808	0.6616674316477493	0.3584240679680385	0.35738705309500707	0.9308722391159074	0.686098892057769	0.5952857324362559	0.6553336580874322	0.6530216337529885	0.3443009798368034	0.3430920286325069	0.9301727388326941	0.6783788419561173	0.6811140233655981	
8.0	0.6156517810899211	0.6798575850980239	0.6796825687569784	0.5186347843387845	0.5185179302145817	0.927479146910767	0.6870092528570988	0.6156517810899211	0.6798575850980239	0.6796825687569784	0.5186347843387845	0.5185179302145817	0.927479146910767	0.6870092528570988	0.6870092528570988	
16.0	0.7135602500514657	0.7437933071343911	0.7437516795302661	0.6382026852464234	0.6381694030412814	0.9494577285658409	0.7821803604789345	0.7135602500514657	0.7437933071343911	0.7437516795302661	0.6382026852464234	0.6381694030412814	0.9494577285658409	0.7821803604789345	0.7821803604789345	
