0.03125	0.22113842211674095	0.5394147865495789	0.5125036534987804	0.2677837602853703	0.25457305233018046	0.8081017418919029	0.2791262451046014	0.0021362594479723716	0.10948082059980233	0.09333432423409076	0.05412882106889583	0.04596380063709117	0.8670817559575417	0.010732180602720229	0.07505464447297781	
0.0625	0.16111865188333238	0.5299742945574379	0.4965568546485133	0.23330919644754267	0.21866078076527146	0.8522622457715758	0.25872120708769664	0.0041327874229855534	0.14807652010766548	0.1417348349135147	0.06471479090024898	0.06193211422136209	0.8671827089192792	0.01922605336658967	0.07848081535274101	
0.125	0.11601227631631213	0.47933551536565594	0.44057665353946407	0.19571225320231408	0.17989975501699626	0.860054348610212	0.2081170478080036	0.009001138053184027	0.19489226119488573	0.19473644141929786	0.07937152807480148	0.07930734702476414	0.8672992057228036	0.022886635672205197	0.0840622411131717	
0.25	0.13479835548731267	0.44828548008482416	0.4148266407638621	0.17964940127672935	0.1662493035094627	0.8653581958744405	0.22350731481484193	0.027531670179742528	0.24517776758432194	0.24195680997502214	0.09810906627826485	0.09682084557278417	0.8677712509669806	0.049428198022091016	0.11861481654677626	
0.5	0.15575566118909015	0.42449648954589253	0.39748155847198824	0.1699891741349689	0.15917089838826487	0.8678998919693368	0.2389347693231539	0.0676906848595651	0.2999850257470812	0.28887965481294214	0.11995700885356857	0.11551630908719732	0.8686882160668826	0.08902551892973883	0.1642250662294877	
1.0	0.20274359877890724	0.41720725448296864	0.3998279809482116	0.17284940781648656	0.16565603373009985	0.8695746489950948	0.27626104644046234	0.14274552801527607	0.3471915416023439	0.33341476870275155	0.14343674619138977	0.13774862544408956	0.8701174815478847	0.17248281646923022	0.22923743868483362	
2.0	0.35944242727186054	0.5065068532477282	0.49774595017908146	0.2282776428206465	0.2243336401449504	0.8904056521756264	0.44907543772970315	0.3258307938364492	0.4702339758823939	0.4603859014349994	0.2102199676021776	0.2058214577596039	0.8886262771149911	0.3970153618174805	0.4222755016446655	
4.0	0.5454226634042709	0.6236576386958623	0.6213085477370217	0.32007361999081485	0.3188880784214182	0.9184402534040865	0.6288566589257014	0.5399003767426053	0.6160320839849126	0.6133103647713544	0.30944925623655245	0.3080992948157988	0.9179313598674412	0.6217196079211588	0.6243048725243444	
8.0	0.6517921440780877	0.6966118060145374	0.6958970461241774	0.4129588746663808	0.41254683573467654	0.9389439578651967	0.7294892684089159	0.6517921440780877	0.6966118060145374	0.6958970461241774	0.4129588746663808	0.41254683573467654	0.9389439578651967	0.7294892684089159	0.7294892684089159	
16.0	0.7064526689725807	0.7397698077492688	0.7391782114359335	0.43877319057144204	0.43842827123773154	0.9495341250795464	0.7783618672566301	0.7064526689725807	0.7397698077492688	0.7391782114359335	0.43877319057144204	0.43842827123773154	0.9495341250795464	0.7783618672566301	0.7783618672566301	
