0.03125	0.23690776112887274	0.5543360215837345	0.5266517830546368	0.27553151363982825	0.26199510414936195	0.8160987670522898	0.30628052402146655	0.0022185607433780094	0.11122420118797624	0.09475628043297446	0.05475371007156228	0.046492882464765836	0.8671120296516971	0.014328320897688184	0.07971328440802915	
0.0625	0.17015970950796724	0.5329576311405573	0.5000637407626957	0.23476393197869744	0.22032748773380248	0.8535630153161025	0.2713563028780715	0.0043592342580822206	0.14856631082073374	0.14211680036819294	0.06497404703229417	0.06214423051904875	0.867207087900079	0.021731823567290785	0.08194258456935849	
0.125	0.16334402495784262	0.4937932021740494	0.45881032646806774	0.20269507246391974	0.1883485139899987	0.8638697168381869	0.2621320727632523	0.012810031363894987	0.1984524941398707	0.1981909114363185	0.08123725547284992	0.0811290990284349	0.8675466614802281	0.04059937486436095	0.10476920773700818	
0.25	0.1695387183289254	0.4701658031681754	0.4371079104301188	0.18847853761460656	0.17523330650269772	0.8690402196655269	0.2667010610843775	0.03488723972001986	0.25591401645863543	0.2528874136890774	0.10243823829596706	0.1012271858153175	0.868428454268541	0.06809828638735124	0.14066896942322352	
0.5	0.2016083399146086	0.45878571250590844	0.43316040177523113	0.1844410742527824	0.17414400997942264	0.872667696167601	0.29375350405652667	0.08739971442889205	0.3213946819521869	0.31098604494075255	0.12900231467550188	0.12482635544258498	0.8704468394138836	0.12239542477478102	0.20008272905080537	
1.0	0.33723597361660124	0.5089457334528577	0.4924476599868745	0.21214341262813288	0.20528590098170058	0.8898133028470777	0.436909861862864	0.2368648846296654	0.4194857446018954	0.4059533336436357	0.1742998627061432	0.16868868972998713	0.8831994092781192	0.30140629657906626	0.35884595141424497	
2.0	0.4525159997177049	0.5765209173750114	0.5675766561066201	0.2577124112863658	0.253749235634529	0.9072368089913361	0.5513670729875609	0.4094866734254149	0.5340159962091503	0.5237868510332027	0.2368786041777362	0.23237184236314695	0.903339590546478	0.49347205939479355	0.5176088714546976	
4.0	0.53961487443672	0.643223468918394	0.6393567511420781	0.3487729970646872	0.34666930485270514	0.92154819442973	0.632833068956867	0.533943557825711	0.6356963065829244	0.6313782279128197	0.33492190944677375	0.3326408619509456	0.92099957874264	0.6249491304155593	0.6283480967370934	
8.0	0.6459893234939864	0.7003150189692481	0.6991466684560809	0.4219368911739343	0.4212392421631409	0.938453901162721	0.725508389423801	0.6459893234939864	0.7003150189692481	0.6991466684560809	0.4219368911739343	0.4212392421631409	0.938453901162721	0.725508389423801	0.725508389423801	
16.0	0.6982173887621548	0.7425216537150912	0.7417828932966654	0.4775589827169312	0.4770809877221763	0.9485153026488614	0.7722227739750618	0.6982173887621548	0.7425216537150912	0.7417828932966654	0.4775589827169312	0.4770809877221763	0.9485153026488614	0.7722227739750618	0.7722227739750618	
