0.03125	0.0	0.5385660073814067	0.44987353874409797	0.21034911283432983	0.1756990721115094	0.7934306881388444	0.0	0.0	0.12083112153621559	0.11007002918510092	0.047273060078917524	0.043055588462858146	0.8669705469050376	-0.042963869016781266	0.0	
0.0625	0.0	0.5350686614133239	0.44516594043348706	0.2037853344787827	0.16954598873935353	0.8423990092831938	0.0	0.0	0.16484258071239993	0.16302238104894523	0.0627639898831138	0.06207058474942696	0.8669705469050376	-0.02290003055420819	0.0	
0.125	0.0	0.5136575620690407	0.41753112935963993	0.19260633648898154	0.15656142485251484	0.8551366128275468	0.0	0.0	0.22511230452170575	0.2225702173978341	0.08440042650630301	0.08344781598450964	0.8669705469050376	-0.016375798127257916	0.0	
0.25	0.0	0.4963284975739032	0.3953046379425199	0.1847282154429831	0.14712822991107205	0.8610109957618006	0.0	0.0	0.29168380082196677	0.27128085358050785	0.10855861625171634	0.10096512177230632	0.8669705469050376	-0.013647350531811717	0.0	
0.5	0.0	0.48321900554817987	0.3785995813900034	0.17917728252891602	0.14038453292536301	0.8636775757746762	0.0	0.0	0.36148201980820394	0.3100047234700423	0.1340352843020812	0.11494798950382194	0.8669705469050376	-0.01548860982363596	0.0	
1.0	0.0	0.47473090785918914	0.36783980518767523	0.17571781034103093	0.1361529444753004	0.8648620530657778	0.0	0.0	0.4142548326527808	0.33361724701828943	0.15333171334348913	0.12348469471555037	0.8669705469050376	-0.013039692608060613	0.0	
2.0	0.0	0.4703413317397692	0.36229477147918915	0.17395076045655145	0.13399088433648823	0.8657295609737368	0.0	0.0	0.4502788641251961	0.3501840752942554	0.1665299133437774	0.12951113140231815	0.8669705469050376	-0.012991127434781164	0.0	
4.0	0.0	0.4691946746644038	0.36084874578111564	0.17347838819717984	0.13341894565364346	0.8666984941510212	0.0	0.0	0.4669496000714245	0.35931985785657117	0.17264742612313638	0.13285298610935756	0.8669705469050376	-0.00821870338460024	0.0	
8.0	0.0	0.46912902413153856	0.360765971198542	0.17344799873750544	0.1333836375458077	0.8669705469050376	0.0	0.0	0.46912902413153856	0.360765971198542	0.17344799873750544	0.1333836375458077	0.8669705469050376	0.0	0.0	
16.0	0.0	0.46912902413153856	0.360765971198542	0.17344799873750544	0.1333836375458077	0.8669705469050376	0.0	0.0	0.46912902413153856	0.360765971198542	0.17344799873750544	0.1333836375458077	0.8669705469050376	0.0	0.0	
