0.03125	0.17412888121709252	0.28747135720704314	0.27459515855004013	0.16041481843472125	0.15311865535030666	0.7589597214632641	0.14475159341710073	0.008481404239704015	0.10313148284058446	0.09554137597392913	0.057888945342246145	0.05361492842107227	0.8663968571194676	-0.0337050352095095	0.06842631042624299	
0.0625	0.15765003287034166	0.31206022932708616	0.29611216215044406	0.1559872490892237	0.14787387038948477	0.7879822379083891	0.16070867641923764	0.008615984166461765	0.12141140253304641	0.11689236375025638	0.06108594155293599	0.05876153320145995	0.8665942459532248	-0.02528853759032491	0.07392451500409117	
0.125	0.13488474054639238	0.2636909171659853	0.25258549929092455	0.12794224036182672	0.12256807739157616	0.8039661144160888	0.11641580652554613	0.015756589616348866	0.13150655826964072	0.13072473242009575	0.06325388534464324	0.06288025674816658	0.8658994205957022	-0.021063390331811815	0.06943020969026416	
0.25	0.11934931175138408	0.24289805116877589	0.23217314560893235	0.10931061480805049	0.1045061521702328	0.83309022511192	0.11712935006959677	0.029315580825869502	0.14337720859453534	0.14258195049816993	0.06395875062470843	0.06361017409112277	0.864484903399449	0.00796840330297505	0.07272010065561071	
0.5	0.1387851661592679	0.23906042940754757	0.2289544469330939	0.1047255283145067	0.10033969806195839	0.8402272344186814	0.14512367885364533	0.058868224354992296	0.1714620884855065	0.16819471972655145	0.07469910408564015	0.07328985061849805	0.8624961522848407	0.03680234404470094	0.10373179392352197	
1.0	0.19498616094555668	0.25469058402105327	0.2485998396263634	0.11401631991562924	0.1113039562996486	0.8446230108321036	0.20327937344882133	0.13745360850019905	0.21623936299088448	0.211320939812649	0.09629432701030859	0.09410889041943657	0.8581792895387169	0.11819086929898337	0.17126841335160045	
2.0	0.33079021074214854	0.38081410536921045	0.3772709787706693	0.18640950654251714	0.18470399491467596	0.8703049915628673	0.3759932881457713	0.2908172336979663	0.3489899322425861	0.34448765202353016	0.16814805295420315	0.16600380290420585	0.8720906285261805	0.32045361982638854	0.3463288209532703	
4.0	0.45634188081026866	0.5197255628360875	0.5168406492606786	0.26525087595098873	0.26379267239362514	0.9010693341078003	0.5353918183587549	0.44051282020670096	0.5054832080423299	0.5017910169444562	0.25282368962661195	0.2509899262874327	0.9003355286186103	0.5122751032673699	0.5227168080142572	
8.0	0.5703549828272069	0.6409702968989066	0.6385519972009492	0.3783606850117277	0.376985057961614	0.9261818800970169	0.6598683953184479	0.5679676123961485	0.6382755068788043	0.6356654860216744	0.36107573310787827	0.3596428491605878	0.9259347014212785	0.6566962646084423	0.6579772987510091	
16.0	0.6244329596788591	0.6859396404166175	0.6841088304953677	0.3935235353977259	0.3924759497174699	0.9358297722025567	0.7091667955937153	0.6244329596788591	0.6859396404166175	0.6841088304953677	0.3935235353977259	0.3924759497174699	0.9358297722025567	0.7091667955937153	0.7091667955937153	
