0.03125	0.3810342974919922	0.2740490970007296	0.26965951899499196	0.15669583838042928	0.1537338182060434	0.521720046147345	0.15851977864012565	0.034420041337772656	0.09258516219889557	0.08100038560406099	0.05350295674588375	0.046953103013249134	0.8582414614266038	0.05872384580022878	0.09401513516440116	
0.0625	0.34223511423733255	0.28438376559734146	0.2759029190653288	0.1428513437233649	0.13810852818347075	0.558288619848377	0.15760578990134375	0.03541857648377459	0.11024981577512483	0.1021220075168503	0.05730331606266661	0.053071206238148906	0.8582652630012039	0.053916366991319256	0.09613428854363056	
0.125	0.2587991733084052	0.27297893070765167	0.2670000017383233	0.1366870586880649	0.1329235114697181	0.6232731360548007	0.11137068041204976	0.0471551662511683	0.12869153470115158	0.12563021921058753	0.0644407479825905	0.06276320610718347	0.856669327434221	0.02996419795314763	0.08406872329331286	
0.25	0.22347394970586	0.26872624750746343	0.2671120950926681	0.12480269330785823	0.12407283249535928	0.7486030068615603	0.12062852960997376	0.07195055523315984	0.14757792129207856	0.14739372905034115	0.06777057792821664	0.06767626811759855	0.8519202336412077	0.04535901767928564	0.07934046094719985	
0.5	0.18591008790233668	0.21656898468756158	0.21413346239094508	0.09845982092632903	0.09741018672157149	0.7920016125898188	0.10995133538469726	0.09031883395244455	0.15275674706807735	0.15200399689216088	0.06898238241803833	0.06865854879879006	0.8477731946920436	0.04561631769922915	0.08358246207038493	
1.0	0.1540010788818961	0.15427441382044835	0.1522078613059862	0.07217636037072848	0.07129181885303325	0.7868952982484656	0.0624414159180811	0.11566683540246085	0.1381531941393987	0.13637489823702423	0.06443423916005446	0.06366973813149597	0.8241761770894858	0.03013504810850185	0.060505876019329406	
2.0	0.15937086341473622	0.12012581880539726	0.11941331370200614	0.05855215066822196	0.05822351951350979	0.7740046018530548	0.05348286866063482	0.14467233672005236	0.11792433127250371	0.11704088505368584	0.05659849711117587	0.05619853268389195	0.7927608648919922	0.04104375208802944	0.0532085240170445	
4.0	0.19135010074850273	0.13782174053637558	0.13764887928289257	0.07510855258069618	0.07501530820378981	0.783632615243297	0.10684354671746943	0.1864786225489728	0.1395843976918341	0.13939833894372014	0.07372207577771954	0.07362487937638149	0.7894947190236408	0.10124926834009404	0.10561283241392709	
8.0	0.24186283208808454	0.20449926834999693	0.20377923020640837	0.14563655391074723	0.14506610127409864	0.794407755015029	0.18991843106980322	0.24113257240748096	0.20459447809634254	0.20388255514050724	0.13454799451515081	0.13404134139349533	0.7949138266333695	0.1889163746935093	0.18945793841800435	
16.0	0.347429795930137	0.3808445257329412	0.3807282764671086	0.3579936634696576	0.3578812268676103	0.8519693628603985	0.36798457358104864	0.347429795930137	0.3808445257329412	0.3807282764671086	0.3579936634696576	0.3578812268676103	0.8519693628603985	0.36798457358104864	0.36798457358104864	
