0.03125	0.03077541181197268	0.41883701067194246	0.3352087628616077	0.16940051148369273	0.13706252322796544	0.7635066627238795	0.01119178694377119	0.0012987453374025094	0.16102657435806972	0.15451924171918877	0.06606981224476723	0.06316015016060349	0.8669497281130967	-0.0753791674535739	0.013403040024377432	
0.0625	0.03077541181197268	0.42826456223013515	0.34724110295376304	0.17183988342143847	0.1407090713000147	0.7885230863996504	0.01119178694377119	0.0012987453374025094	0.17839543320412465	0.17450884983401252	0.07228759922702135	0.07040796311968522	0.8669497281130967	-0.06407917981525398	0.013403040024377432	
0.125	0.0	0.4859361440608419	0.3820671878382032	0.18202937667363642	0.1431216250155912	0.8210489166534455	0.0	0.0	0.23362897384532796	0.22915949629932914	0.0874901591433068	0.08581949600248226	0.8669705469050376	-0.07077760193320233	0.0	
0.25	0.0	0.48593805326830664	0.38205526631288084	0.18081470385943615	0.14216063859152883	0.8479305531807	0.0	0.0	0.2936774946464126	0.27178619270259385	0.1092699352925666	0.10112549198445653	0.8669705469050376	-0.04165353376160881	0.0	
0.5	0.0	0.479025830314	0.3732779395933616	0.17771759310421237	0.1384853185265661	0.8546440693884867	0.0	0.0	0.34762412473682425	0.3027296593126535	0.12896578157362898	0.11231039713186383	0.8669705469050376	-0.040567229227863766	0.0	
1.0	0.0	0.4720627302651498	0.3644682538931502	0.17476347440519	0.1349306583677317	0.8596544056546002	0.0	0.0	0.4084585181095203	0.33148203238457874	0.15121484304307992	0.12271760495168738	0.8669705469050376	-0.03878184131267357	0.0	
2.0	0.0	0.47021896817262265	0.3621406027674164	0.17393185881564266	0.13395414986673299	0.8642829745491184	0.0	0.0	0.44496200866919555	0.3482994359791455	0.1645881415203202	0.1288334708577946	0.8669705469050376	-0.022363475050999428	0.0	
4.0	0.0	0.46926029511255807	0.3609314942366845	0.1735186537481863	0.13346184742432515	0.8659608672244856	0.0	0.0	0.463108197315483	0.35747653086257763	0.1712428603559038	0.13218359824542938	0.8669705469050376	-0.015164135932204762	0.0	
8.0	0.0	0.4691460508223749	0.3607874372946168	0.17345673135044365	0.13339344853706245	0.8668607418992844	0.0	0.0	0.4685757359557094	0.3603967659133769	0.17324499787449027	0.1332483358103204	0.8669705469050376	-0.004840016956043016	0.0	
16.0	0.0	0.46912902413153856	0.360765971198542	0.17344799873750544	0.1333836375458077	0.8669705469050376	0.0	0.0	0.46912902413153856	0.360765971198542	0.17344799873750544	0.1333836375458077	0.8669705469050376	0.0	0.0	
