0.03125	0.05020935736391772	0.4134299808387839	0.33099204883582695	0.16592750468609424	0.1344763921753301	0.7586564526179521	0.01716325402523972	0.002327917282127031	0.1603312374228097	0.15351381307806208	0.07045118516858533	0.06680889495711864	0.8669378587214194	-0.06660106311234416	0.01825575988663475	
0.0625	0.05020935736391772	0.4228575323969766	0.3430243889279822	0.16836687662383998	0.13812294024737937	0.7836728762937232	0.01716325402523972	0.002327917282127031	0.17770009626886465	0.1735034211928858	0.07666897215083945	0.07405670791620038	0.8669378587214194	-0.05530107547402424	0.01825575988663475	
0.125	0.0	0.4859361440608419	0.3820671878382032	0.18202937667363642	0.1431216250155912	0.8210489166534455	0.0	0.0	0.23362897384532796	0.22915949629932914	0.0874901591433068	0.08581949600248226	0.8669705469050376	-0.07077760193320233	0.0	
0.25	0.0	0.48593805326830664	0.38205526631288084	0.18081470385943615	0.14216063859152883	0.8479305531807	0.0	0.0	0.2936774946464126	0.27178619270259385	0.1092699352925666	0.10112549198445653	0.8669705469050376	-0.04165353376160881	0.0	
0.5	0.0	0.479025830314	0.3732779395933616	0.17771759310421237	0.1384853185265661	0.8546440693884867	0.0	0.0	0.34762412473682425	0.3027296593126535	0.12896578157362898	0.11231039713186383	0.8669705469050376	-0.040567229227863766	0.0	
1.0	0.0	0.4720627302651498	0.3644682538931502	0.17476347440519	0.1349306583677317	0.8596544056546002	0.0	0.0	0.4084585181095203	0.33148203238457874	0.15121484304307992	0.12271760495168738	0.8669705469050376	-0.03878184131267357	0.0	
2.0	0.0	0.47021896817262265	0.3621406027674164	0.17393185881564266	0.13395414986673299	0.8642829745491184	0.0	0.0	0.44496200866919555	0.3482994359791455	0.1645881415203202	0.1288334708577946	0.8669705469050376	-0.022363475050999428	0.0	
4.0	0.0	0.46926029511255807	0.3609314942366845	0.1735186537481863	0.13346184742432515	0.8659608672244856	0.0	0.0	0.463108197315483	0.35747653086257763	0.1712428603559038	0.13218359824542938	0.8669705469050376	-0.015164135932204762	0.0	
8.0	0.0	0.4691460508223749	0.3607874372946168	0.17345673135044365	0.13339344853706245	0.8668607418992844	0.0	0.0	0.4685757359557094	0.3603967659133769	0.17324499787449027	0.1332483358103204	0.8669705469050376	-0.004840016956043016	0.0	
16.0	0.0	0.46912902413153856	0.360765971198542	0.17344799873750544	0.1333836375458077	0.8669705469050376	0.0	0.0	0.46912902413153856	0.360765971198542	0.17344799873750544	0.1333836375458077	0.8669705469050376	0.0	0.0	
