0.03125	0.05492890238057198	0.39993669040739055	0.31777566798217893	0.15326689058596316	0.12203195431926421	0.7428199515278395	-0.0002720152645831898	0.002883236470677032	0.15849090398561175	0.15164824951887396	0.06558067592966049	0.062286214102791226	0.8668072698323531	-0.06515237540108312	0.016455636690253902	
0.0625	0.05492890238057198	0.4093642419655833	0.3298080080743342	0.15570626252370887	0.12567850239131345	0.7678363752036106	-0.0002720152645831898	0.002883236470677032	0.17585976283166668	0.1716378576336977	0.07179846291191462	0.06953402706187296	0.8668072698323531	-0.05385238776276321	0.016455636690253902	
0.125	0.0	0.4859361440608419	0.3820671878382032	0.18202937667363642	0.1431216250155912	0.8210489166534455	0.0	0.0	0.23362897384532796	0.22915949629932914	0.0874901591433068	0.08581949600248226	0.8669705469050376	-0.07077760193320233	0.0	
0.25	0.0	0.48593805326830664	0.38205526631288084	0.18081470385943615	0.14216063859152883	0.8479305531807	0.0	0.0	0.2936774946464126	0.27178619270259385	0.1092699352925666	0.10112549198445653	0.8669705469050376	-0.04165353376160881	0.0	
0.5	0.0	0.479025830314	0.3732779395933616	0.17771759310421237	0.1384853185265661	0.8546440693884867	0.0	0.0	0.34762412473682425	0.3027296593126535	0.12896578157362898	0.11231039713186383	0.8669705469050376	-0.040567229227863766	0.0	
1.0	0.0	0.4720627302651498	0.3644682538931502	0.17476347440519	0.1349306583677317	0.8596544056546002	0.0	0.0	0.4084585181095203	0.33148203238457874	0.15121484304307992	0.12271760495168738	0.8669705469050376	-0.03878184131267357	0.0	
2.0	0.0	0.47021896817262265	0.3621406027674164	0.17393185881564266	0.13395414986673299	0.8642829745491184	0.0	0.0	0.44496200866919555	0.3482994359791455	0.1645881415203202	0.1288334708577946	0.8669705469050376	-0.022363475050999428	0.0	
4.0	0.0	0.46926029511255807	0.3609314942366845	0.1735186537481863	0.13346184742432515	0.8659608672244856	0.0	0.0	0.463108197315483	0.35747653086257763	0.1712428603559038	0.13218359824542938	0.8669705469050376	-0.015164135932204762	0.0	
8.0	0.0	0.4691460508223749	0.3607874372946168	0.17345673135044365	0.13339344853706245	0.8668607418992844	0.0	0.0	0.4685757359557094	0.3603967659133769	0.17324499787449027	0.1332483358103204	0.8669705469050376	-0.004840016956043016	0.0	
16.0	0.0	0.46912902413153856	0.360765971198542	0.17344799873750544	0.1333836375458077	0.8669705469050376	0.0	0.0	0.46912902413153856	0.360765971198542	0.17344799873750544	0.1333836375458077	0.8669705469050376	0.0	0.0	
