0.03125	0.33271989497749865	0.2995032210664059	0.2953736291511047	0.1624253451606613	0.16016388305706925	0.662763152153144	0.17336754876283467	0.025816213688742762	0.10274953027921159	0.09260125834044249	0.05984596157381857	0.05387670659579049	0.8619878382056015	0.030513360115506465	0.09084472640735171	
0.0625	0.28814728956110985	0.31497459502085684	0.3060298094601367	0.1533818765938128	0.14924123079776652	0.6888360173691617	0.1619380431277395	0.026461060385925744	0.12097386153625118	0.11427753248852526	0.06392051591898713	0.060105664897402565	0.8620006100886466	0.027351123798355727	0.08970147562388711	
0.125	0.21403186143279646	0.3091437624130568	0.3004264721898501	0.1471064570212185	0.14308082866943367	0.7234351650638574	0.10890119108198629	0.03488175419069134	0.14469033540915022	0.14282450809152572	0.06843137276632096	0.06748811222497245	0.8608859680239009	0.00882520009817032	0.07633599238987046	
0.25	0.20127357989413047	0.29964843216674947	0.2955262656918226	0.1350458645340024	0.13319459057437208	0.7807243052507722	0.12133589681949142	0.060045211483407156	0.16567142376435956	0.16558006602087944	0.07402033520020504	0.07397909176361872	0.8563114210489411	0.0362595723086941	0.0789258647227821	
0.5	0.17046603065477703	0.2601854416661252	0.25464177741900673	0.1146162508938634	0.11219486788134891	0.8153794614783211	0.12156848074972877	0.07860890827320395	0.18176729937929242	0.18008142771513497	0.07965008033062033	0.07891869013413551	0.8546508397161927	0.04353476317573739	0.08991948863060328	
1.0	0.22529438180948577	0.3096218714598744	0.30418379955287317	0.1390431224461393	0.13666770897392264	0.8349816906714753	0.21423633014612725	0.16263139332034468	0.2584744701441325	0.2539138916990458	0.11528501259689317	0.1132877617595798	0.8525650116228144	0.13819366274557582	0.18034381204485092	
2.0	0.3521948961367324	0.4339233570590058	0.4296632791873375	0.19935833562031188	0.19740557201017686	0.8709959200962538	0.39920255945711325	0.3098855214132801	0.39637701980414064	0.3910541591133641	0.1804312172458781	0.17801198734299656	0.872556331816052	0.3430518506885042	0.3669086056069645	
4.0	0.49923078875207877	0.5652255026689491	0.5624861384085076	0.2780227217573574	0.276687059733134	0.9072511485565717	0.5774568048325811	0.48199966653295484	0.5488679666966746	0.5452535440186124	0.26561468053866083	0.26387479791275076	0.9062220199162614	0.5545756175075743	0.5634674892679384	
8.0	0.6093867907796428	0.6538018345381502	0.6524986928680366	0.3658154048711747	0.36509926034340234	0.9306123631903548	0.689513529792051	0.6068561424709571	0.650856158028227	0.6494048874602009	0.3523014410912172	0.3515268347118565	0.9303327177496682	0.686503187945179	0.6874586913250467	
16.0	0.7101480115604872	0.7392202042110982	0.738884885123519	0.47752688499683904	0.47731207676068443	0.9497881390677974	0.7807321238322895	0.7101480115604872	0.7392202042110982	0.738884885123519	0.47752688499683904	0.47731207676068443	0.9497881390677974	0.7807321238322895	0.7807321238322895	
