0.03125	0.16447759683140145	0.47267671215645646	0.43724945260219117	0.2351512385072935	0.2173913828851946	0.7864812657028151	0.2542812592079856	0.008623211334365995	0.15803196261093516	0.14987209826977183	0.07793190007746567	0.07379003971617207	0.8674727407330701	-0.02532463427100176	0.10325593439488859	
0.0625	0.1614420611101497	0.47734802720370295	0.44367587315670154	0.2280054516145662	0.2117461955125496	0.808668491724689	0.25716442651344196	0.009517386745288802	0.17505111903957554	0.17030793912741826	0.0827034160117542	0.08039170503604233	0.8675519200742163	-0.013653947244238573	0.10838075211132484	
0.125	0.14709926230566656	0.46600517854961965	0.4337891423735477	0.2116878270416172	0.19707959587624896	0.8318950331895525	0.24313241735666277	0.015955362193624718	0.21091880803674776	0.21038102754919388	0.09508188763643212	0.09483985324422887	0.8679426168720752	-0.0043390879890469036	0.12050393597097817	
0.25	0.14990750767279207	0.46312194239045273	0.4339955848705803	0.20111460679385842	0.1884661968389479	0.8576466243755737	0.25576798691390035	0.03438129883914195	0.26014272479103256	0.25766618397526897	0.11229083138791549	0.11122697098159269	0.8688966224820935	0.03996571655277013	0.14663516430623832	
0.5	0.19991524200853342	0.486782280192778	0.461745114982155	0.21132618409057585	0.20050704135867675	0.8692124047806132	0.3120794079630726	0.07896014901268117	0.33014193268822967	0.3223951149398154	0.14247612531847004	0.13915167653455324	0.872061158565281	0.09947478391426248	0.2116994116139949	
1.0	0.3002018275234028	0.5407071230456545	0.5216026654478393	0.24084471231318028	0.2323870980416062	0.8871872906608902	0.4267814237616019	0.20255292458156524	0.44289858139683425	0.4289767050102851	0.19594266160466897	0.18980568193041378	0.8839910571414913	0.25291557136499865	0.35211770961979794	
2.0	0.44817041127636903	0.5993692910140951	0.5889879041126072	0.28219993004611943	0.2773097084758581	0.9099490872630289	0.5625953315625016	0.38766523527801566	0.5460472450654358	0.5346389861680675	0.25412900002137906	0.24881817518039068	0.9048651050048513	0.4745945917040598	0.5175620317097306	
4.0	0.4680524110302418	0.6157923354663518	0.6082448812419936	0.31795126660408907	0.3140759329210042	0.9128978159542068	0.5769749503646284	0.45006923962497325	0.5985979552740409	0.5899915624476735	0.3024218075468259	0.2980959343876096	0.9114536853989703	0.5482312540358313	0.5633483716988213	
8.0	0.5047548772873192	0.6558775991049814	0.6493115644664581	0.3601795588554198	0.35659166937094094	0.9206640029326163	0.6162250102162046	0.50261558448155	0.6533934776135271	0.6465729308922055	0.3482267108179429	0.3446073835838168	0.9204701780203763	0.6127196908654173	0.6145801043242385	
16.0	0.5039343326791098	0.6514653035314729	0.645614408143307	0.3908933795139268	0.3874000444906041	0.9200175488956683	0.6135166688077606	0.5039343326791098	0.6514653035314729	0.645614408143307	0.3908933795139268	0.3874000444906041	0.9200175488956683	0.6135166688077606	0.6135166688077606	
