0.03125	0.17124128921151083	0.30403218380229563	0.28790287799904457	0.16242794174552322	0.15374514202131792	0.7635821294584371	0.16114797369473882	0.008753114848601497	0.10646693652765164	0.09884059698047869	0.057444675283990686	0.05339171425008985	0.8664333844136077	-0.03275644376928206	0.07260799862940565	
0.0625	0.18003643597437144	0.3206169394654081	0.30563083347817377	0.16382357851523874	0.15609897796270433	0.7872639737749154	0.18189086253728376	0.01063588843039335	0.12360560294680975	0.11877745971226591	0.06350337818705715	0.06099016457495714	0.8665223327738454	-0.014704722665747804	0.0833446362960329	
0.125	0.1571210025749512	0.2925234509690141	0.2804218791789726	0.14247363321866238	0.136690320662335	0.8032618992167352	0.14211598055982994	0.018736336337082795	0.1420355925538363	0.14114042358793294	0.06863587376999901	0.06820515067926936	0.8659727419386372	-0.010039783449275117	0.08185853310122466	
0.25	0.15127410469780078	0.28894830158763274	0.2779573806216485	0.13052336520497437	0.12558431037293816	0.833636728075503	0.1542162347918013	0.03779276511351219	0.16584997817003883	0.16519838254449945	0.07425853436612641	0.07397262369955683	0.8646137963278765	0.025779494400376617	0.0930419642838667	
0.5	0.15818813075611232	0.26759496966900076	0.25829677439269966	0.1186476893451582	0.11455660315199463	0.8389347075920457	0.1615999523950129	0.06789307849148012	0.1884306699077668	0.18552737117174503	0.08302484706798843	0.08175656607289618	0.8621017454082314	0.04977926997738988	0.11475208368022052	
1.0	0.25446624259913686	0.30343286532533276	0.2972150924277802	0.13728529915202498	0.13451665337292001	0.8515918077719136	0.2779602958355063	0.17979386983613055	0.2536874168613511	0.24860736957524324	0.11402614754765858	0.11176537687882751	0.8623162048488602	0.1784624623791901	0.23058468138374305	
2.0	0.3772543095604502	0.43799646124987984	0.434811904827363	0.21280924238826554	0.21128885025608274	0.8787279045317924	0.4355380899604066	0.33178078342118184	0.3989646721724417	0.3946821116858893	0.19106497555671673	0.18903751744573535	0.878921160061384	0.37513347071166775	0.40013636749627135	
4.0	0.5271425419639786	0.5731701297804364	0.5722482082212508	0.3123787881129805	0.31188753683124454	0.9104463883097136	0.6024313473161799	0.5088526004077749	0.5551049560791678	0.5535263372486365	0.29371509402850404	0.29288979412529165	0.9090977763212471	0.5797439315076968	0.5872129508232113	
8.0	0.6156652133482268	0.658340389431683	0.6577836162602315	0.4157470915499918	0.41539972931027913	0.9305607042040457	0.6937369444255874	0.6131227615129659	0.6552501211958058	0.6545782476207346	0.39226370438582264	0.39186500331864726	0.930271349995877	0.6907674643382515	0.691645700412528	
16.0	0.6899534910374807	0.7188526372132732	0.718703875873988	0.5262892326559024	0.5261827475179461	0.9450798215897077	0.761722684465601	0.6899534910374807	0.7188526372132732	0.718703875873988	0.5262892326559024	0.5261827475179461	0.9450798215897077	0.761722684465601	0.761722684465601	
