0.03125	0.2881779432214407	0.3063769824788882	0.2998350884042137	0.17332812483595275	0.16975168238757732	0.7346625060849933	0.20357167175629298	0.018827836620745685	0.10563658622645963	0.09638815232158822	0.06559161589430786	0.059792344079375746	0.8646353100781237	0.007638688779625276	0.09088167382933736	
0.0625	0.27555916287675836	0.32137455406519455	0.3142396649634798	0.16752805857334557	0.16413515183905986	0.742703181815472	0.18879801408074406	0.02189411345862127	0.12222116808844712	0.11590165550323532	0.06971052256873153	0.06576021236217036	0.8643727376129073	0.02223382566951842	0.09327516793553162	
0.125	0.2032244625753017	0.3082967267786255	0.3003611640071495	0.1499745500437907	0.1463280656159083	0.7642875370376006	0.12574734812949379	0.029889869869493872	0.14550162007282752	0.14396530437116867	0.07015323717984012	0.06939286527878108	0.8634630375444076	0.00721315894520415	0.08097540090359298	
0.25	0.20596392890078663	0.30669209923069835	0.30156188893299335	0.1400118952778415	0.13769856531603686	0.8010053209689044	0.15187269793270067	0.059044110814352666	0.17028549532308218	0.17011399638100436	0.07693231568546718	0.07685539219492273	0.859599005697379	0.047088616798829176	0.09415700914602916	
0.5	0.19204731746272252	0.30864859961378394	0.3014756827810915	0.13733503375279327	0.13417617807272314	0.8278369302150181	0.17246433465737665	0.08611119997271205	0.21184326612980192	0.2096981803010583	0.09362256723708963	0.09268530866883118	0.8587054900187189	0.06764255991205796	0.12232153386719893	
1.0	0.2754724437859026	0.34238919362615844	0.3378208592706439	0.1548630611728891	0.15286444222535117	0.8418043619491031	0.2817185039367541	0.1983616030215578	0.2821672811030332	0.27813876059984005	0.12669452121227076	0.12492374154509009	0.8566960272757204	0.19113285375466388	0.23351070356435583	
2.0	0.4027164761176426	0.4688523401284111	0.46570347048324345	0.21900165531991594	0.21755520214823862	0.8795507061220086	0.45813329668166947	0.35498220166750266	0.42639299011499665	0.4220812675417441	0.1970466766812657	0.19507619395708203	0.8796941923259499	0.3987208901974942	0.4203041614505688	
4.0	0.5348251155111582	0.5914046947377154	0.5896651839822411	0.30530258574421165	0.30440828649788687	0.9142226642928504	0.6143454351146594	0.5161002579965817	0.57319956625154	0.5706443269947699	0.2895418166738732	0.28825328864658106	0.9127532801863696	0.5907390279416012	0.59909594747658	
8.0	0.6252484444118699	0.6660104334962862	0.6651222607570447	0.3857243345520279	0.3852144082704586	0.933410898964488	0.7043335254661549	0.622653325097649	0.6629237711700429	0.6619033308125165	0.3694309712174724	0.36886523529528625	0.9331107263531067	0.7013103424688593	0.7022230722819167	
16.0	0.6950959103972741	0.7256211306578157	0.7253838221503631	0.4963943685748452	0.49623385795517594	0.9465403978212572	0.7669210740892749	0.6950959103972741	0.7256211306578157	0.7253838221503631	0.4963943685748452	0.49623385795517594	0.9465403978212572	0.7669210740892749	0.7669210740892749	
