0.03125	0.10396016432063662	0.30022279545354635	0.27583123939802245	0.14755514316960502	0.13547713043312867	0.767840162678917	0.12363176798958608	0.004681227294304475	0.10785925418498048	0.10130648318809699	0.052773877760341814	0.049468344959603026	0.8667549791103359	-0.05518954806263289	0.05586183268742284	
0.0625	0.10849712408864647	0.31542217997276023	0.2924396195330313	0.14983835944252577	0.13883919988262422	0.7906397919456849	0.13629797912171687	0.006218616692350779	0.1238677611422683	0.12008016475222953	0.05890897552117885	0.05704770654447233	0.8667266483270726	-0.04012310358417815	0.06387843607231927	
0.125	0.09038621516954286	0.2605662866489583	0.24262303874698907	0.11836171434403184	0.11021961006605255	0.812894727066452	0.10115804198004923	0.009972456715953287	0.13249304956685384	0.13212954938962612	0.05983553288752176	0.05967036917586575	0.8664571441736794	-0.037846484874824914	0.059084306921764515	
0.25	0.07243409718302633	0.22607787847021452	0.21067531558669353	0.09759072627049085	0.09095264582846985	0.8372704033085897	0.07645622318372454	0.017068442537412246	0.1371890120185658	0.1356224055721615	0.0589114214979287	0.058243709731794026	0.8651380617038631	-0.01474969504544916	0.04953369817519743	
0.5	0.08039502326186994	0.19508741165813373	0.183755824034111	0.08416135365954594	0.07929524866970138	0.8404138048008555	0.07424372981913593	0.033238738347867905	0.14484050922643146	0.14096238748519493	0.062213850697065386	0.06055678471465964	0.8623167010935975	-0.003894073017289406	0.05641531850363839	
1.0	0.10084734050097692	0.18190293393628137	0.17380823080817828	0.0787641880783653	0.07525427692553606	0.8435403465190868	0.09308476510489004	0.06975456864661181	0.16072465069194108	0.15452176619946156	0.06934265945975762	0.06666040831430117	0.8572589603198495	0.029625344909186058	0.08155567910509112	
2.0	0.1913634269299623	0.25421413090275263	0.24843578722677567	0.1191187017438841	0.11641026703595547	0.852569143055512	0.20872147830988394	0.16771927624763583	0.2380897041530965	0.23190895812139098	0.11037251594608088	0.10750602241515153	0.8572976117028951	0.16450619522523505	0.19398405516916709	
4.0	0.360959528426764	0.41517060807143136	0.41314863019664944	0.2193955040387033	0.21835525004177167	0.8735603071735705	0.40841778309009474	0.3496316590845756	0.40575893910917615	0.40312317284332516	0.20914548456569282	0.20781419905731804	0.8744140491278776	0.39047927944466493	0.39941666052659675	
8.0	0.5391234586620495	0.582937270910312	0.5824395151533889	0.38566187607586117	0.3853657419418778	0.9120858995658987	0.6131953272681931	0.5370372229029825	0.5804136142037424	0.5798226920906183	0.3599142154739323	0.35957618538639613	0.9119252803834563	0.6105712779281175	0.6113894860479451	
16.0	0.6609343525061158	0.6916605238288548	0.6915290395795318	0.5461504268251007	0.5460507712433593	0.9390027540035699	0.7350849523739772	0.6609343525061158	0.6916605238288548	0.6915290395795318	0.5461504268251007	0.5460507712433593	0.9390027540035699	0.7350849523739772	0.7350849523739772	
