0.03125	0.10469362634284993	0.2941417866540629	0.2707571887537221	0.14593520429795775	0.13423965274239902	0.766744253151846	0.11907348171727657	0.0047679044125152606	0.10607964406445025	0.0994993001964067	0.05239601759281143	0.04905108082597455	0.8667170353994672	-0.05486147929771543	0.0550805836368653	
0.0625	0.11401789462013527	0.315513149442855	0.2928276445171275	0.14860781276898583	0.13775461354152374	0.792428916701867	0.14390890941876344	0.006177111949860799	0.1228323975811834	0.11898575871587007	0.057829482749470265	0.055994710219763766	0.8667416925436884	-0.039008067480156026	0.06485682400688904	
0.125	0.08723116611690188	0.2683844222887655	0.24937087467036365	0.1213945970988487	0.11280332306711886	0.8135175522167655	0.099851737521816	0.00963954309483068	0.13549333548863682	0.13515497163485646	0.06092874001177815	0.06077689592289419	0.8664969173124341	-0.03902092561036843	0.05812834517771592	
0.25	0.07651704523156506	0.22345280842553947	0.20865763601285478	0.09642736532629835	0.09004913918384301	0.8367514362818413	0.07843330265399193	0.018109966971191865	0.13555382182095294	0.13409707020773226	0.05819972229806071	0.0575777692741992	0.8650198447319234	-0.01305371801498063	0.05061129656570571	
0.5	0.07688697506134974	0.19600917074697094	0.18390401582777877	0.08377682022529795	0.0786152089251216	0.841842229020315	0.07474547524933657	0.03160847950942304	0.14563374081431615	0.1414552537093922	0.06200645185923661	0.06023273378981063	0.8627958066609412	-0.004954823983995759	0.05656933684243326	
1.0	0.12387590799370432	0.1967305965158503	0.18829875457371284	0.08533215859528889	0.08167691855253888	0.8468852906748323	0.1320529549327219	0.08545476177833763	0.17241441227692905	0.166024122641357	0.07457398862878307	0.07180815263288091	0.8592658141545604	0.055177312606706067	0.11317122726442592	
2.0	0.18609307862301816	0.23281589306400532	0.22824568962339006	0.11188331654375636	0.10968890259906808	0.8483866569866902	0.19148724570105516	0.16380776153349377	0.2191674124054359	0.21411345597986534	0.10394319453380511	0.10154719494391753	0.8539229919735535	0.15179828482029012	0.17853555189709663	
4.0	0.32386481263075445	0.3679679190631546	0.3664600627323543	0.20672799886494664	0.2058890703535073	0.8637336106092459	0.3556674035201689	0.31373978932778485	0.36045371567030243	0.3584198542351431	0.1958214800829623	0.19472495388518724	0.8650481322580074	0.3394637706050106	0.34788068968537567	
8.0	0.4751239045460922	0.524671890363207	0.5245360641064727	0.40190678774688315	0.40180812599293797	0.8950069311668898	0.5391326104353468	0.47338656910144755	0.5224594383734076	0.5222796391012252	0.3636491434905988	0.36352796945056565	0.894964467575081	0.5368527615986134	0.5375687729554108	
16.0	0.5846425815385576	0.6134332507959516	0.6132697038801489	0.5686660540451581	0.5685374377036643	0.9194688528534533	0.6574059241722086	0.5846425815385576	0.6134332507959516	0.6132697038801489	0.5686660540451581	0.5685374377036643	0.9194688528534533	0.6574059241722086	0.6574059241722086	
