0.03125	0.07706040673302658	0.3391761902030669	0.32180622995663377	0.16306808555665808	0.1547428945884717	0.8347042169188571	0.08928624543175041	0.0006383846793720828	0.06387689104997976	0.051525722630746354	0.03040427861082882	0.024515724249845414	0.9015105726899565	-0.01850085665831197	0.024988257079371134	
0.0625	0.05446474215168673	0.2939609235851818	0.273818369812206	0.12707835378873497	0.11836999162091837	0.8433555708725031	0.07185440183789418	0.0015685154645998169	0.08300035080584921	0.07752981536973765	0.0357515655712181	0.03339489773945186	0.9014505816049635	-0.02881401770240073	0.02806916741689826	
0.125	0.0464268945531674	0.2213529043681394	0.2049484921935679	0.09278452130574695	0.08590776214651594	0.8414281559518291	0.053903281426273396	0.004410664168126338	0.09371995874797465	0.09303322882285023	0.039191825881384486	0.03890452774226727	0.9011825734202656	-0.04950881625717615	0.032629951560286564	
0.25	0.03929729078125736	0.14093479000578651	0.13128553969034323	0.05877738264851451	0.054753720925093195	0.8506329654753667	0.032365109001138107	0.01025875794130687	0.08798279430953218	0.08764126542850334	0.03661199921435903	0.03646989869230921	0.9000650003299875	-0.06784028224730233	0.030816204803018776	
0.5	0.04110657647803758	0.08492880275157944	0.08014427302801035	0.036484895396615	0.034429890634732514	0.861181782916433	0.026235144635911443	0.02268539021559359	0.0779778774723823	0.07612451562840399	0.03338903142456547	0.03259565147345067	0.8969820106656584	-0.07919911130570703	0.03356089076302556	
1.0	0.04671056319708552	0.05267513109803281	0.05058685519408805	0.024536029870997962	0.023563214312042575	0.8733959596491891	0.021234629318958264	0.039009053986478824	0.06011005946080815	0.05805540540839823	0.027808977681948305	0.026858442411745932	0.8897367882844991	-0.04758408524982509	0.027953316405149985	
2.0	0.09066995829232324	0.05565939421662884	0.054665478668471656	0.031074556415723258	0.030526793802690126	0.8764004107317517	0.07122155634775254	0.08841748931630881	0.058925314019880715	0.05779216927224815	0.032075730997564986	0.03146551178709854	0.8800006384217788	0.05221432473036436	0.0724173974316454	
4.0	0.15250197863001208	0.10970497124930119	0.10964693455482773	0.09231859728861452	0.09227590684502915	0.8472636166456248	0.11273100167593424	0.15234719334768926	0.11032797448415974	0.11026697135994842	0.08483138158463718	0.08478943580725011	0.8476196072678646	0.11190849785377648	0.11287235404144566	
8.0	0.5637543305541544	0.570043311973899	0.5681060706080565	0.3821114591246523	0.3808128874031186	0.9284108739846326	0.6520201377043208	0.5637543305541544	0.570043311973899	0.5681060706080565	0.3821114591246523	0.3808128874031186	0.9284108739846326	0.6520201377043208	0.6520201377043208	
16.0	0.6931804342867187	0.781118027868832	0.77517180381152	0.43332887021758515	0.4303307983359813	0.9500810550798032	0.7842820125111777	0.6931804342867187	0.781118027868832	0.77517180381152	0.43332887021758515	0.4303307983359813	0.9500810550798032	0.7842820125111777	0.7842820125111777	
