0.03125	0.08113447515608668	0.3452660073307786	0.3276752879803909	0.1656934765576223	0.15725326330761843	0.8359076309782317	0.09952249407541956	0.000670344953731945	0.06485699462321674	0.05230106133249961	0.030824762789936684	0.02485171297875956	0.9015159782864408	-0.017474929136808714	0.027102972807282372	
0.0625	0.05500822017608855	0.29278354498305437	0.2728785503498809	0.12665392674114256	0.11804121838423413	0.8431378232380974	0.07142237596870718	0.001586675898960576	0.08268257755537986	0.07721250313597809	0.03563909293588653	0.033281141044934084	0.9014472630888877	-0.028741243810297024	0.028015406293704158	
0.125	0.045397552243130634	0.21847179945867384	0.202333957912527	0.09161536994937654	0.08484722494258402	0.8410649816956525	0.050213294626344995	0.004321581321690508	0.09267656705405332	0.09199394468427263	0.03877217009632006	0.03848645004411279	0.9011614963465536	-0.05006566598224057	0.031157912642261653	
0.25	0.04009821776848873	0.13842857387390378	0.12911561992218445	0.05780066796505575	0.0539122747031671	0.8502953352931494	0.0320543233070887	0.010496661939150529	0.08665304956964688	0.0863354079720979	0.03610290643133489	0.035970592557142536	0.9000133805227497	-0.06757263007121454	0.030876693893555397	
0.5	0.040371179547669556	0.08404235557519216	0.07927548529571349	0.03611047487262067	0.03406332904501206	0.8613179038641938	0.025466957952157927	0.022278385225195145	0.07738600743137507	0.07553397711242062	0.03315265341758682	0.03235975914148635	0.8970321176852195	-0.07967577967436597	0.032920760878228976	
1.0	0.048777361472630634	0.04765557337579748	0.045817556724921896	0.02230305444379215	0.021443399025806803	0.8727397658471727	0.022592867583205896	0.04081292230770951	0.05588373492198482	0.054023156204908086	0.025960672929076785	0.025096903155720836	0.889272045593974	-0.0457850470584512	0.029378483961278547	
2.0	0.08482228705088739	0.05217585340010321	0.05129029062422548	0.029393339919019806	0.028905650193247867	0.875955367680849	0.06158197789128787	0.08264254154953268	0.05546300691719537	0.05443891829169691	0.03042086643321032	0.029869657341297862	0.8795860380856683	0.04290248081996278	0.06284448509064947	
4.0	0.1490779896642285	0.1096644722044156	0.10959664804032525	0.08958977017828114	0.0895372164868509	0.8457043248222881	0.10459379473476822	0.1489234767617798	0.11023541071701774	0.11016618285871234	0.08289660403662855	0.0828470303623014	0.8460674700269688	0.10380635384742261	0.10473582458006411	
8.0	0.493681715580241	0.5181868066636858	0.5121234857405299	0.26495701487074774	0.26178309091683233	0.9017659979190062	0.5872695784424412	0.493681715580241	0.5181868066636858	0.5121234857405299	0.26495701487074774	0.26178309091683233	0.9017659979190062	0.5872695784424412	0.5872695784424412	
16.0	0.6000333743920976	0.7384285428850412	0.7269917329313489	0.3820665437710385	0.376552421378077	0.9183145293162387	0.7028730521251286	0.6000333743920976	0.7384285428850412	0.7269917329313489	0.3820665437710385	0.376552421378077	0.9183145293162387	0.7028730521251286	0.7028730521251286	
