0.03125	0.10192713086395444	0.34271329932187394	0.32834888547928315	0.16925417216552457	0.16221680491809537	0.8313531627688115	0.10765731834284309	0.000875344224355235	0.06357813942811201	0.05084637110550687	0.031010564092933686	0.02478378377360986	0.9015000068414238	-0.014105536917809122	0.029771869492870223	
0.0625	0.06502458229217827	0.29088017398522803	0.2729696959901756	0.12681223409228426	0.11900159139087456	0.8408683077507625	0.07397790883596986	0.0019220537404401818	0.08159984310711152	0.07590977330430396	0.03543632823660321	0.03296491282795472	0.9014140022803658	-0.026698648412467822	0.029593692696383143	
0.125	0.05710120548960975	0.21412474460767883	0.20054921182881152	0.09098110386440658	0.08521236269617397	0.8383732881309894	0.05499071139901539	0.0055526483964758585	0.09030430439005725	0.08941277235335246	0.038260122619433165	0.03788215143749289	0.9010315548183867	-0.046625369497262294	0.03457627405874582	
0.25	0.05260981899830488	0.13104205871061408	0.12399040504723005	0.05572534668821334	0.05272717180816259	0.8462709392506783	0.03552282034120411	0.014088147957451785	0.08243119077492198	0.082294800812765	0.03495494424706207	0.034897136763486394	0.8993963353724489	-0.06288781688571374	0.034951448795393567	
0.5	0.05059360804619082	0.09300008048120897	0.08857786717715374	0.040734910915689725	0.03880041047160149	0.8586099623267935	0.03237684309158907	0.02821969302740296	0.08352657303169739	0.08192116240724556	0.0364539678553355	0.035754449744570926	0.896024769282253	-0.07312638917284942	0.039673009878402575	
1.0	0.0493546909645861	0.06083356954863432	0.058541753262987016	0.02879076905695315	0.02770592855610555	0.8734583585908707	0.026207025571576965	0.04123448290425296	0.0671054300242088	0.0649167734687777	0.031492642932192796	0.03046537506492364	0.8897896763548927	-0.04411277179933129	0.03250519504443376	
2.0	0.09705534993725429	0.06649465855687128	0.06508319750889355	0.035398263297285806	0.03464817723110668	0.8790162768820025	0.09145248343981886	0.09457803293895503	0.06934024883283132	0.0677869659643016	0.03623610171773392	0.03542554733229837	0.8824735534669079	0.07002533300503425	0.0922298579535606	
4.0	0.12211628431174677	0.092411771463665	0.09176014342773885	0.042134270397639124	0.041838437339159165	0.8647520203432302	0.09255520644306957	0.12197238563515493	0.0930308455225112	0.09235863795946182	0.04214429847824881	0.04184098177065358	0.8650355240827452	0.09149058868551033	0.09267297561452101	
8.0	0.11416264074624068	0.11899176313563202	0.11726167148008297	0.049059364379119466	0.04834611861250017	0.8752707190358837	0.10134175182014657	0.11416264074624068	0.11899176313563202	0.11726167148008297	0.049059364379119466	0.04834611861250017	0.8752707190358837	0.10134175182014657	0.10134175182014657	
16.0	0.1268155265707663	0.18513344577398336	0.18171176040881762	0.07181151284407025	0.07048428309723583	0.8791011499871759	0.1282819787355431	0.1268155265707663	0.18513344577398336	0.18171176040881762	0.07181151284407025	0.07048428309723583	0.8791011499871759	0.1282819787355431	0.1282819787355431	
