0.03125	0.10302482670761785	0.3481416060297098	0.33325268565763794	0.17102875451965677	0.16377977216837003	0.8313064339801626	0.11020330841200887	0.0008795850768124461	0.06452667507060404	0.051644163790616184	0.0313145859712416	0.025045204539810257	0.9014999237271939	-0.013940452828012354	0.030148255391789048	
0.0625	0.06438824672931683	0.2901541184789875	0.2721328735656182	0.12619139348635694	0.11835381654561272	0.8404909904268598	0.07156392187364062	0.001901017575647812	0.08143782869371721	0.0757817856851692	0.03528082509016835	0.03283028030418962	0.901407327392356	-0.027030403880945287	0.028851342846010042	
0.125	0.055959091671957326	0.22352575624814702	0.20844593778688725	0.094288578524143	0.08792715277472583	0.8401308837350389	0.06167614625121085	0.005396224306699933	0.0939860574320063	0.09314997103149894	0.03954248870475914	0.03919059027724572	0.901124765688506	-0.0462538182882261	0.0368431584407428	
0.25	0.05049865072176753	0.14801969311215932	0.139090788920685	0.06219546312495265	0.0584450118939069	0.8489165646233078	0.043509834618301046	0.013362060387360538	0.09128564852519738	0.09105442465607098	0.03826406645980621	0.038167205471549795	0.8998156734029094	-0.06245532986785933	0.03854263654512728	
0.5	0.04874412370225978	0.09999001778678661	0.09501055328467205	0.04357218662514621	0.041403899921877554	0.8596369806007887	0.03327773641284763	0.027096687977527907	0.08826471590472858	0.08646805799264087	0.03833708156213024	0.037557468300915074	0.896414032804274	-0.07387802532585712	0.03988423229899404	
1.0	0.05184318665966865	0.07636840072022136	0.07347516260479649	0.036090061039396375	0.034722912823437105	0.8738576427641899	0.031949066053845905	0.04329787500692944	0.0802932208090203	0.07766666813364535	0.03763788268478916	0.03640693600989931	0.8900815700782374	-0.04041852188549165	0.03766678097343727	
2.0	0.05823559874517874	0.06909695180437422	0.06704386808891044	0.03476073701318857	0.03372850774707169	0.8799303028455052	0.03456341340206048	0.05668434694799825	0.07172535879397483	0.06952447068668892	0.035602345588077046	0.03451044548187236	0.8832929507712045	0.014375052426939445	0.03611445168497392	
4.0	0.08239054942590203	0.08147306487381976	0.08008705011668846	0.0459210111351397	0.045147683760933296	0.8723390970091879	0.049564800982001625	0.08228189859385243	0.0820901248742861	0.08067638056755275	0.045138280494684255	0.04436783513205013	0.8725923658184778	0.04835170002006303	0.04969531220357437	
8.0	0.49850981031818165	0.5230107510977373	0.5186788825222185	0.37636406600684114	0.37346501242230634	0.9024269306574618	0.5858498502722369	0.49850981031818165	0.5230107510977373	0.5186788825222185	0.37636406600684114	0.37346501242230634	0.9024269306574618	0.5858498502722369	0.5858498502722369	
16.0	0.7509621101311353	0.7899996434705499	0.7875564368217371	0.5295525973793176	0.527914866986011	0.9646465213508189	0.8291717055683986	0.7509621101311353	0.7899996434705499	0.7875564368217371	0.5295525973793176	0.527914866986011	0.9646465213508189	0.8291717055683986	0.8291717055683986	
