0.03125	0.10625185773945571	0.34365217622568534	0.329661327541655	0.1701982693010759	0.1633345794702183	0.8305065564866823	0.11020913938856185	0.0009157182369266008	0.06358184783484572	0.05078619944451077	0.031088589066065247	0.02481406549991256	0.9014968503993719	-0.013383059179221415	0.0303456312810712	
0.0625	0.07094484478787652	0.28796011741913674	0.27104683882039704	0.12606505480754077	0.11866022695273822	0.8398513407388201	0.07729519570386487	0.002124175142457979	0.0805840228948814	0.0748329232577005	0.03513415917399025	0.03262612046506052	0.9013998744960796	-0.025330863852688512	0.030979726437487903	
0.125	0.05561789010619852	0.21915084116446665	0.20488058215138022	0.09283572835073584	0.08679063367967782	0.8384240318327805	0.05352075515943285	0.005400349058868946	0.09227068732293672	0.09139879723083502	0.038979812416583604	0.038611204254740766	0.9010358713851618	-0.04716971881277057	0.033893135127211996	
0.25	0.05330699675046442	0.14001839164867247	0.13230241949281704	0.05941392119809593	0.05614161597998396	0.8470506652678397	0.040055554006426033	0.014274493400369312	0.0870613060860714	0.08690286956987296	0.03684289205902027	0.03677595793660596	0.8995246528558496	-0.06192090785477193	0.037394015466931114	
0.5	0.05189836700795727	0.10627953292422232	0.10101755434524981	0.0462139241608805	0.04392597339446456	0.859962650215167	0.03957777285189833	0.028905274242426664	0.09251831826735547	0.09064589975210306	0.04008565789022684	0.0392745003231202	0.8965516519458422	-0.07076698306157342	0.044717987958000326	
1.0	0.058001244923195375	0.09076413059393507	0.08713965935356159	0.04213978277752697	0.04045738964843317	0.8760342312778336	0.050283125183162226	0.048369328591087404	0.09251603080303443	0.08933377759866273	0.04266053418408	0.04119362606123963	0.8916441102606282	-0.0296839291135498	0.05393931791288533	
2.0	0.1567053155756095	0.14260538175791695	0.14024333764155084	0.07939589451670734	0.07809692679113076	0.8852866331666916	0.18343778991910717	0.152792310157221	0.14253168820848916	0.13999703912196954	0.07748591129079452	0.07612174372540062	0.8884075310715861	0.15868965681785185	0.1825496009589282	
4.0	0.5122169647209787	0.49970703712144954	0.4976283219524583	0.41973349437491525	0.4181044030635982	0.9167074934242857	0.6025641955445646	0.5116331759720184	0.49853895206984894	0.4965859584928845	0.47343837874816963	0.4716317267321465	0.9168268755185631	0.6011628276849115	0.602032073187638	
8.0	0.7254521917865044	0.7535286871880051	0.7512064422599461	0.5051053842850385	0.503548736957956	0.9605077399333929	0.8079037814558042	0.7254521917865044	0.7535286871880051	0.7512064422599461	0.5051053842850385	0.503548736957956	0.9605077399333929	0.8079037814558042	0.8079037814558042	
16.0	0.7977964414559782	0.8805456064125352	0.8770616371023557	0.5909470072508257	0.5889384599416994	0.9705012514159892	0.8651792044042808	0.7977964414559782	0.8805456064125352	0.8770616371023557	0.5909470072508257	0.5889384599416994	0.9705012514159892	0.8651792044042808	0.8651792044042808	
