0.03125	0.10382426926502109	0.3444693786738585	0.33019223119009566	0.17025639005970136	0.16326970931499285	0.8305340068757857	0.10711927325135442	0.0008938385889520987	0.06378768506121643	0.05098776333915073	0.031127785371742368	0.024862741268794883	0.9014967487719157	-0.013855921038001522	0.029667353901784165	
0.0625	0.06693278094197104	0.28986153334710246	0.2723897824162494	0.12658128547124012	0.11894896337570879	0.8400071460488086	0.07212829821897765	0.00199666078526584	0.08120570726126519	0.07548149346028407	0.03532175220784077	0.03283163481261542	0.9014011127249303	-0.026393376849246225	0.02931907164111893	
0.125	0.057469999912775835	0.22662661116463764	0.21159960133572486	0.09579656758135172	0.08944411318400333	0.8395431376689985	0.06121100717275626	0.005560176898897702	0.09497355139917556	0.09410104852033167	0.04003787194706833	0.03966995867863159	0.9010932354777588	-0.04593147734708878	0.036872021023350444	
0.25	0.051272709856127544	0.15337821374115407	0.1442967635014273	0.0647286263416801	0.06089705675457966	0.8490403897571079	0.04530516400160607	0.013605979856160872	0.09400009073851308	0.09377689927439703	0.039573077068009915	0.039479195344264306	0.8998391304150692	-0.06186073846206495	0.03964299365562891	
0.5	0.053841577656088366	0.11789653605624184	0.11190350410488273	0.051121311928413404	0.04852295470649452	0.8614142692230018	0.049158395117957526	0.029833036580187572	0.1003828311793162	0.09828072410058279	0.04336499278711116	0.04245703973921421	0.8971194544753092	-0.06792280356259836	0.05143002614690868	
1.0	0.053532067323583635	0.08717090101287771	0.08357471888932277	0.040511420286721105	0.03884120000974523	0.876522259799078	0.04467024798485782	0.044617537779417266	0.08941832764115645	0.08624415370416558	0.04124239488175184	0.03977916463525239	0.8919729020990437	-0.034544217572839216	0.048666778035212174	
2.0	0.14135510448409663	0.14300283077433382	0.140516489229463	0.07972893939904084	0.07838552703613624	0.8854381080810049	0.16031096027564617	0.13780023622970358	0.1428740185277071	0.14021405862269054	0.07772386552349456	0.07631375960226144	0.8885458133078075	0.13608837206718927	0.15972457016839442	
4.0	0.5367863227460882	0.5272974327872907	0.524969832936319	0.39298927392983835	0.39131804369451	0.9210876977663768	0.6296143200105887	0.5361720418546887	0.5259732910938999	0.5237858151951913	0.47962909666079545	0.4776856748549273	0.9211886011877614	0.628199591741434	0.6290340980378214	
8.0	0.7353028736527311	0.7652708966747044	0.7629348775806664	0.5129764226887229	0.5114105422620672	0.9621928474841059	0.8160833291825937	0.7353028736527311	0.7652708966747044	0.7629348775806664	0.5129764226887229	0.5114105422620672	0.9621928474841059	0.8160833291825937	0.8160833291825937	
16.0	0.8230859534808193	0.8830290510145955	0.8808803026691121	0.6238992160658947	0.6224409856105391	0.9761987601037394	0.8838407720132029	0.8230859534808193	0.8830290510145955	0.8808803026691121	0.6238992160658947	0.6224409856105391	0.9761987601037394	0.8838407720132029	0.8838407720132029	
