0.03125	0.0	0.5480472764621938	0.4619695058858461	0.209127858099093	0.17628160772242568	0.8436306183794781	0.0	0.0	0.11036099518726308	0.09620393120700745	0.04210402188134876	0.036702825981812626	0.9015426835179914	-0.030223842952897206	0.0	
0.0625	0.0	0.5224516589223769	0.42886787779752933	0.19589017806519257	0.16080146767155193	0.8498040490416958	0.0	0.0	0.15473075973826608	0.1513437456345626	0.0580123868814388	0.056742510260104385	0.9015426835179914	-0.040038967120707605	0.0	
0.125	0.0	0.4971334761065737	0.39634259643841585	0.18481172421414582	0.1473420095763227	0.8488036751360207	0.0	0.0	0.21000533934622392	0.20926035435577423	0.07806901219040989	0.07779208348075864	0.9015426835179914	-0.06291770538631178	0.0	
0.25	0.0	0.48502222352003777	0.380892005166001	0.17952283506453645	0.14098078452338866	0.8601021713485956	0.0	0.0	0.2829216231593808	0.2667313936060313	0.1047181063810749	0.09872560666968415	0.9015426835179914	-0.08236204769633983	0.0	
0.5	0.0	0.47807764504358846	0.3720759706928848	0.17657986763859296	0.13742773346145085	0.8731316785450499	0.0	0.0	0.3627960298982786	0.314446995335676	0.13399983025958018	0.11614196790196345	0.9015426835179914	-0.10178598479825049	0.0	
1.0	0.0	0.47895798497462555	0.37319119962414044	0.17673106163303848	0.13770409666046005	0.8900593665600143	0.0	0.0	0.4341795576486585	0.3512773474837999	0.160208023967145	0.1296179190830275	0.9015426835179914	-0.08236804858753881	0.0	
2.0	0.0	0.48064827703764024	0.37533468390868985	0.17729065811511346	0.13844496321379046	0.8993176910472256	0.0	0.0	0.4723404738395785	0.37081501452656773	0.17422608623283925	0.13677771132083777	0.9015426835179914	-0.04105915740364475	0.0	
4.0	0.0	0.4812643053855993	0.37611635049873676	0.1775062039843728	0.13872415818527636	0.9013951858474597	0.0	0.0	0.4809486814480814	0.37593241461159815	0.17738962153480803	0.13865618376480646	0.9015426835179914	-0.011003055255080534	0.0	
8.0	0.658471446968295	0.7372092211726228	0.730898660617495	0.37957924219081407	0.3765132132311376	0.9434216820022094	0.7538541929287635	0.658471446968295	0.7372092211726228	0.730898660617495	0.37957924219081407	0.3765132132311376	0.9434216820022094	0.7538541929287635	0.7538541929287635	
16.0	0.8428274650070001	0.9045691515178849	0.9024956138978814	0.6401662794330318	0.6387628033144537	0.979057682014026	0.8976490421111716	0.8428274650070001	0.9045691515178849	0.9024956138978814	0.6401662794330318	0.6387628033144537	0.979057682014026	0.8976490421111716	0.8976490421111716	
