0.03125	0.10478280201512444	0.34521208339615844	0.330951323276064	0.17025538964196751	0.1632724561672956	0.8306172467996985	0.1087347716925808	0.0008981031941600775	0.06389303995650104	0.05106328337213275	0.03112538503742384	0.02486044708656477	0.9014969624795857	-0.0137363164615383	0.029936946444496498	
0.0625	0.06984296885559889	0.2907146442850965	0.2734743685630968	0.12715050196605057	0.11960744980971554	0.840031961108194	0.07645125376707808	0.0020851408785085438	0.08132717574013719	0.07554899695640874	0.03542704725107395	0.03290985846285647	0.9014022845226833	-0.02559754755528417	0.03064419846458406	
0.125	0.055055569544150106	0.22606018056843125	0.21079387192898938	0.09555811242521423	0.08910477325938701	0.8402746519110021	0.0613036775157292	0.005300987344969673	0.09487242471334634	0.09402747959954197	0.03999641111419205	0.039639857852064544	0.9011295913250803	-0.0465688659511924	0.036593565769963886	
0.25	0.04891016203296638	0.1437048333799301	0.13510436622593186	0.060566358007158407	0.056941863076822766	0.8488729973247657	0.04063310974371836	0.012923506980141521	0.08911518843689685	0.08889170948283578	0.037465464711455496	0.037371555880055654	0.899808287308454	-0.06340954688318891	0.03680685470936912	
0.5	0.04842563241628828	0.09842314167413325	0.09337094595883692	0.042751348875656375	0.04055801814309591	0.8604443983558852	0.036028469356033516	0.02687017261375067	0.08719465569952427	0.08535153477111201	0.03774464898270853	0.036947364949076286	0.8967252523356393	-0.07341486321248122	0.04167613211788785	
1.0	0.05387185825383191	0.09120460145669987	0.08727484387453294	0.04194005841154717	0.04013337595310957	0.8772635267183093	0.048348277668500715	0.0448363490680086	0.09283589016482978	0.0894052384863354	0.042413776777674446	0.04084682881557828	0.8925045169297341	-0.03307990971486725	0.05183753385901698	
2.0	0.10212624179611911	0.1136385453955121	0.11105975866432008	0.06020248414040681	0.058839448726303235	0.8827411894699546	0.10834767093895584	0.0994829514566025	0.11471602860332122	0.1119810068621152	0.05967359617544958	0.05825362313783442	0.8859773626944994	0.08470513074671487	0.10871189108660931	
4.0	0.39153861198042106	0.3841786517344308	0.3830752953688292	0.3198781059581522	0.3190000995382098	0.8992740280231841	0.45995710043063054	0.3910704078368147	0.38345902869973303	0.3824222516490933	0.32973587198759036	0.3288990844877927	0.8994437740955821	0.45863952888702586	0.45957060550176115	
8.0	0.6252445496990505	0.6792030075647315	0.6738656279664488	0.37973541124283056	0.3770328554612263	0.9352873263588698	0.7191935679398622	0.6252445496990505	0.6792030075647315	0.6738656279664488	0.37973541124283056	0.3770328554612263	0.9352873263588698	0.7191935679398622	0.7191935679398622	
16.0	0.807125275820541	0.8662132126246709	0.8639714015439222	0.6120495355293893	0.6105294591555402	0.9736107681490862	0.8722174536269212	0.807125275820541	0.8662132126246709	0.8639714015439222	0.6120495355293893	0.6105294591555402	0.9736107681490862	0.8722174536269212	0.8722174536269212	
