0.03125	0.0831209993061403	0.3539062703999759	0.33609104712581817	0.17060930639748295	0.16204199452151263	0.8359474470286321	0.10218102087303811	0.0006837136030290315	0.06623888084155495	0.0533855819757875	0.031603340528620884	0.025461521612253506	0.9015163769826285	-0.017111913546039907	0.02762651032060932	
0.0625	0.05478896253921635	0.30744991178338094	0.2859188047710435	0.13261320965915804	0.123326976953907	0.8443190178606507	0.07799304372742669	0.0015587094497263377	0.08657712760605454	0.080941329815335	0.03721162253440494	0.034788966709938904	0.9014660908761204	-0.028496725179262338	0.029575245025116704	
0.125	0.04944717374048989	0.23354923081600898	0.21658224578847038	0.09815766477538987	0.09102584515751028	0.8417757142566353	0.060508995501245354	0.004709344207719965	0.09795546474896263	0.09719982952079773	0.041067758677641	0.04075084159933947	0.9012039751758927	-0.04811425154410792	0.035510246271008857	
0.25	0.04376467685965983	0.16184620569345767	0.15094616793904359	0.0676395473115857	0.06308512642584649	0.8516560825284222	0.04563965901418324	0.011412153587037604	0.09867019031743832	0.09830563669570239	0.041145381591198404	0.0409934848006104	0.900244235252101	-0.0645600555808803	0.03839789402711974	
0.5	0.048454970178628015	0.12669394539994303	0.11948212542336796	0.05427391260058145	0.05118450990394532	0.86329845968271	0.049044670014320425	0.026684235616697426	0.10647354274861409	0.10391170746718612	0.04547285533111387	0.04437881246644605	0.8978339930161873	-0.07087411316431329	0.050407040886436084	
1.0	0.07977322169511032	0.10996605567176236	0.10657446986745549	0.05321352610191525	0.051572952885689374	0.874592771953669	0.07793315892729925	0.06679997407664269	0.10878981248734951	0.10584759481271008	0.05211853383232753	0.050709669344515415	0.890684252731368	-0.00514577452673927	0.0796239564089174	
2.0	0.3477883642146485	0.3139705266314036	0.31352899812924423	0.22525157116383987	0.22495909494594332	0.8978580398180878	0.4097727706463437	0.33966681611047633	0.305471194357238	0.30489645847342783	0.20631240553140126	0.20594895401689808	0.9003280844023941	0.38642786196307866	0.40405623361314175	
4.0	0.49332807731102746	0.5619621360638277	0.5525701566243827	0.478620297116788	0.47043532224651957	0.8892552682965477	0.5896498704423966	0.49281870054926047	0.5601408643766314	0.5511220496997928	0.5080600709677581	0.4998788040164972	0.8894733715974656	0.5885533077236923	0.5890687670211923	
8.0	0.8214496462840657	0.8690409457285366	0.8672359907052192	0.6469094475252112	0.6456662435765663	0.9756241739585985	0.8809390251768059	0.8214496462840657	0.8690409457285366	0.8672359907052192	0.6469094475252112	0.6456662435765663	0.9756241739585985	0.8809390251768059	0.8809390251768059	
16.0	0.7951845023833075	0.9148316652497256	0.9107581467319399	0.6475987309162625	0.6452076507119433	0.9679613637384079	0.8626847451016783	0.7951845023833075	0.9148316652497256	0.9107581467319399	0.6475987309162625	0.6452076507119433	0.9679613637384079	0.8626847451016783	0.8626847451016783	
