0.03125	0.10085067878251283	0.5459552864195982	0.5110142102020389	0.2298040656664412	0.2150831737340872	0.8963424007394039	0.2154633412057485	0.0006813046167925952	0.11673125303172852	0.09920846438877735	0.04897628849037035	0.041589855996577385	0.9015682526278326	0.005865926662078707	0.0464362490331937	
0.0625	0.08172533877681827	0.5171638678410267	0.4771178309302379	0.20531299720415905	0.18942507568834077	0.9046475931327821	0.1892938734243613	0.001906791027892438	0.1607457811076785	0.15453496461982258	0.0637535627220263	0.06128524163907443	0.9015987241632928	0.012047485234143337	0.055128693759312154	
0.125	0.09640451759775466	0.48338163122471006	0.4443989331501087	0.18743642835016222	0.17232415984015953	0.9085308183462912	0.20893770702205977	0.006665145026082839	0.2062337176331285	0.20600192394185704	0.07993238680010499	0.07984227134344768	0.9017438339634092	0.02826572956850536	0.08010655480957714	
0.25	0.10482017303426508	0.4407196131614617	0.4061403253387691	0.16907238756197082	0.15580897138366884	0.9046853335126904	0.20429112274715244	0.019661097175605758	0.24930303853564983	0.24663294460486446	0.0956121168622432	0.09458863499478715	0.9018606259471085	0.04166262092824702	0.10511658725423285	
0.5	0.1542515609854734	0.42690027922176643	0.40016118994713795	0.1637077646040983	0.15345629605500496	0.9061635145871894	0.2556122439636533	0.06405607267462557	0.3040163301847269	0.29431761840446097	0.11655018173754242	0.11283335961115167	0.902621417497133	0.09793083735868785	0.1696898225426134	
1.0	0.1921285478808769	0.43808176824287715	0.4203120560455972	0.17026315338153072	0.16335889747895468	0.9052807787229424	0.28344394777699133	0.13051223708524756	0.36533385749375735	0.35235481898366683	0.14192603978167864	0.13688528843290576	0.9027517626722901	0.17369108049415885	0.2285420234638987	
2.0	0.2072726061630193	0.4457238178586298	0.43155672190111927	0.17499551349285267	0.16943399821603033	0.9034858124872842	0.2936219268179683	0.18178410910529408	0.41285393254238745	0.39899603617846013	0.16199349303672655	0.15655649822620443	0.9024967602808965	0.24046544654208132	0.2703752665329676	
4.0	0.22965845858193043	0.47117172278306463	0.45989816918723053	0.18650441555910427	0.18204189703281673	0.9020034839115801	0.3087818223846422	0.2228071989642871	0.46105021956072456	0.44933290776255586	0.18235984421073717	0.17772518752522595	0.9017569734143628	0.29464370811253227	0.3024107930526505	
8.0	0.23758672428008304	0.45961824520936945	0.45041993425283067	0.18216609974856812	0.1785205730028849	0.9001938164404184	0.3106953908889928	0.23687767983306643	0.4586622551553573	0.44934673823159865	0.18164399808372036	0.1779548855840106	0.9002251120616185	0.308883736418268	0.3100743954708332	
16.0	0.26335290095085595	0.4637221360187331	0.457257051193032	0.18418065943489284	0.1816132482922021	0.8966366325262735	0.32554754147278275	0.26330633969381745	0.463709200289823	0.45723159151189574	0.1841471789003261	0.18157531862614812	0.8966430029823591	0.3254127794289727	0.32550953594149534	
