0.03125	0.09520873232578195	0.5429251193823526	0.5075132897457215	0.228114958935338	0.21321600629328566	0.8958691353873759	0.2083170077355736	0.0006387168030515501	0.1163971872409347	0.09904140048425694	0.048758781543729944	0.04145773037241519	0.9015664449023679	0.004669895417310578	0.04478816690684849	
0.0625	0.08203060269618787	0.5161506295488005	0.4760865327477871	0.20492263888788323	0.18902182762198683	0.9049961875997109	0.19298598543499862	0.0019094187117261855	0.16047822080149646	0.15429995544791336	0.06365285670628754	0.06119796881336877	0.9016061190061659	0.012096943842449272	0.056101300065900014	
0.125	0.08754746014969425	0.48425793914729603	0.4449839311349142	0.18781658570842005	0.17258959918367195	0.9078955818220298	0.1952029387794436	0.005996155550874428	0.20665557002198637	0.20641817937383883	0.08011200091970438	0.08001964385989375	0.9016971979345968	0.025390856402645497	0.07480445428591244	
0.25	0.10656036632452939	0.44573913716550395	0.4104977734352683	0.17095577584884208	0.15744143977613362	0.9049295679818586	0.2081980192652459	0.01998388130859327	0.25223307535410944	0.24948042206339394	0.09671261773362763	0.09565766226277642	0.9019116113882774	0.0426038256288096	0.10716798955316387	
0.5	0.14341539846828183	0.4272056115222226	0.3995744625013373	0.16372668858240244	0.15313801406946764	0.9057696298976122	0.2438141783257381	0.059264234065593946	0.3045960965675746	0.29452891326035163	0.11670445946164532	0.11284799853408985	0.9024599865712224	0.09080368467082206	0.16194280168420086	
1.0	0.17339201504531943	0.4324219950067046	0.41269639915696377	0.1679433091203359	0.16028409645294944	0.9058667141502644	0.27015467439396124	0.11690579659328004	0.36162982729785154	0.34732461940642084	0.14038783934638538	0.13483568574936516	0.9031414672225679	0.15904651770417222	0.21826693787406298	
2.0	0.2009354611868536	0.4549659852529847	0.4378031722606718	0.17812216001445932	0.17140344502046842	0.9069131526983967	0.3029968123750615	0.17543773348027197	0.42219373304427243	0.4056709841214448	0.16520130686383577	0.15873659423843928	0.9054443136693644	0.24271593810048184	0.27934497094082494	
4.0	0.21573250358921597	0.4671283341300742	0.45305587729697694	0.18422567861729516	0.17867658680227605	0.9043869849618783	0.3058120540240254	0.20906256222626926	0.45745267743888485	0.44300759940737927	0.1802863419037822	0.1745941354201639	0.9040586663398873	0.28990652781840687	0.29958503001594167	
8.0	0.2205867868824336	0.4700099434415084	0.4568486220636765	0.18535070056035607	0.18016076094070949	0.9028593080276632	0.30453701833062724	0.219906650587395	0.4690795441348149	0.45580159420868743	0.18485732365024338	0.17962495263120196	0.9028780165526056	0.30247560249126154	0.3039390416737675	
16.0	0.22894805930876855	0.4830289755461158	0.4704160230451816	0.19085778474316412	0.18587449979438592	0.9040389602790025	0.31610546279057583	0.22890044337731758	0.48301334675519625	0.47038674263124214	0.1908249936021752	0.1858370235454761	0.9040429349188643	0.31593211052283154	0.31606611196362816	
