0.03125	0.12114925197840357	0.55032394411056	0.5168040988173377	0.2324693280407561	0.21833073159993238	0.8978262481403743	0.23816913692952396	0.0008312599048501396	0.11702874552425886	0.09919363350933275	0.0492496741268368	0.041698974155231584	0.9015766696861384	0.009998373120861184	0.05149408905136508	
0.0625	0.08992907043250482	0.519495840996572	0.480091941242633	0.20646040189234785	0.19081357485936537	0.9054262987624453	0.2030112819900079	0.002096235037124889	0.16109351374052044	0.15473948818337918	0.06395574731068168	0.06142697034702469	0.9016142138507496	0.014053027359491701	0.05904059208229684	
0.125	0.09652129156676297	0.4883744771079817	0.4499452687710505	0.18946519243191456	0.17456163168880026	0.9077433196151843	0.20100224203964698	0.006660010795074877	0.2078985877183069	0.20761761419038308	0.08061561682521515	0.08050628800998075	0.9016857929386916	0.02794823976273183	0.07685016776484754	
0.25	0.13759369895648804	0.4528457691443739	0.4204606122113915	0.17375584101113148	0.161332271705846	0.9050950591945117	0.2356884523795509	0.02649541158941567	0.2546835688371537	0.2524429692140513	0.09769314586739669	0.09683423407870119	0.9019323195669491	0.05637858867887913	0.1207560687578906	
0.5	0.16385816961193586	0.42904921553392317	0.40457384846952305	0.1645390193606543	0.15515228946918797	0.9043736084338858	0.2542828908319536	0.06921508405472968	0.3044341403278407	0.29573166732052086	0.11671805307615565	0.11338156319198782	0.9019131215878984	0.10301672707423834	0.16842039381370844	
1.0	0.1936049769796619	0.43553004619980024	0.4189528877144443	0.16928392201352788	0.16284210175080288	0.903389147893475	0.2760560748125169	0.13236606773894985	0.3627225215125552	0.35055743193726274	0.14092177188319682	0.1361965113661882	0.9015224186192541	0.17275417315267236	0.2223255561466873	
2.0	0.21724632572843014	0.4498126093815492	0.4375256913046126	0.17684339278143968	0.17201314099023024	0.9017983578540756	0.29538255784181944	0.19114073954669836	0.4159880310875314	0.4037758918311085	0.16344302297300772	0.1586451160023206	0.9010488892899066	0.2458621214648026	0.2717972416098348	
4.0	0.22066088607707218	0.47025020730152634	0.4571842029659351	0.1855158964143409	0.18036114931513755	0.9027187455354447	0.3032389176933158	0.21397331573389988	0.46038114886315035	0.44691153408814843	0.18149720949463685	0.17618690340217277	0.9024496037763725	0.2885736142727529	0.29702295749626695	
8.0	0.20519722958730072	0.478766714451581	0.4629527027211965	0.18852277041428295	0.18229602440351134	0.9043906290769235	0.2972252652697195	0.20452564574359405	0.4778091391815768	0.4618772528114006	0.18802220229114863	0.18175312118065415	0.9044006197006864	0.29496964372504775	0.2966299473636843	
16.0	0.20555973037833214	0.47913762482135375	0.46362763895893755	0.1886114958072997	0.18250619484397204	0.9044249097351781	0.29806070296392273	0.20551611903992092	0.47912669558060206	0.46360309171672914	0.18858312465551333	0.18247326723195817	0.904428582268746	0.2978664270678332	0.298024111984456	
