0.03125	0.1425347396099472	0.5556403838630716	0.5230868132429297	0.23526053392809865	0.22153366318526632	0.8997808552978663	0.260734107611449	0.0010066876236476097	0.1175902404007784	0.09945896552538866	0.049577307634470526	0.04187950396678143	0.9015861067455548	0.01518205487160942	0.056668570688493236	
0.0625	0.12389430594849664	0.5241525628896728	0.48638796455107247	0.2085485009743305	0.19354620443174414	0.9081152775854944	0.2475257579573301	0.002903702410159953	0.16177634080548445	0.15509394479730437	0.06429368131112782	0.06162975398124754	0.9016688173474263	0.02259069453579738	0.0717175098947485	
0.125	0.1511182796100446	0.500374270069931	0.4632595219535237	0.19417745249385848	0.17978015178868575	0.9123353426024096	0.28160345375863577	0.010456601780408937	0.21198541302752233	0.21160802497363101	0.08222392630597988	0.08207711865274145	0.9019862075035613	0.04587056276479353	0.10703496081392738	
0.25	0.16258523237242697	0.4672572311508022	0.43297423447804323	0.1791951521609732	0.16604987095321994	0.9093724868532833	0.2865225579733961	0.030707636430353034	0.26293889353344035	0.260505416153753	0.10081011207398052	0.09987761853232198	0.9026791691535199	0.0690271035328236	0.14665500479535115	
0.5	0.15802952565655065	0.43994996291869803	0.4122450424194762	0.16862650597662437	0.1580084012066653	0.9071818802149096	0.2651129636051597	0.0653810536440806	0.3132549128886727	0.3032181671588184	0.12003355243665911	0.11618826990783582	0.9030132643078558	0.1009848721032894	0.17602306681035546	
1.0	0.17968894916170516	0.4467051255821045	0.4263346467999554	0.17352527584599714	0.16561499485322564	0.9070294590372564	0.28152666260719095	0.12094850547759431	0.37348168017748823	0.35870983023194236	0.14501663912166732	0.13928288990215937	0.9038952746480147	0.1656396842229253	0.22745728084968034	
2.0	0.19768423315899414	0.4531527573029612	0.4365875322523297	0.17751190994057092	0.1710231636734442	0.9054040924444197	0.2927730401800333	0.1728098444904167	0.4203620658902471	0.40436816420247174	0.16457532725218468	0.15831378742650876	0.9041439650881518	0.23584524391979017	0.2698220848158651	
4.0	0.2207608778724778	0.46856790503959084	0.4549469263145184	0.18491194127262817	0.17953718825739498	0.9045821139406985	0.3107728449815239	0.2139661075267568	0.4588102096532225	0.44480410492431366	0.1809353249050581	0.17541239499949826	0.9042420450333545	0.2948890803809875	0.30443613070609726	
8.0	0.22149142168481037	0.47332168479782954	0.4599705196363703	0.1867011065419383	0.18143477835684826	0.9038501798096507	0.3094762320252111	0.2207895918868235	0.4723720844118999	0.45890240725395753	0.18619837801503214	0.18088895851775838	0.9038654318933694	0.3073618082599411	0.3088612701743832	
16.0	0.23167611669694263	0.48707610280680297	0.474461949953938	0.19228701582077323	0.18730720778296012	0.9039358852950183	0.3178591343164104	0.23163033903510533	0.487060662268804	0.4744327969796235	0.19225480863944794	0.18727031150144696	0.9039401734501797	0.3176879038446307	0.31782146218767704	
