0.03125	0.0	0.5739307571555894	0.4955729196228999	0.2182186328221479	0.18841643932968466	0.8922509413113353	0.0	0.0	0.13077325976371243	0.11687303749890825	0.04971119627286075	0.044425107755929415	0.9015426835179914	-0.010657972174516712	0.0	
0.0625	0.0	0.5509620414661572	0.4657401495902141	0.20620873173537096	0.1743123133049142	0.9021868628373554	0.0	0.0	0.18158332814446715	0.17921388307058972	0.06795777251446053	0.06707084516617395	0.9015426835179914	-0.005674931654257394	0.0	
0.125	0.0	0.5301245377552186	0.43875987223510843	0.19696386039090225	0.16301812962111006	0.9055639411668945	0.0	0.0	0.2396303652383666	0.23812104828697372	0.08903124902778907	0.08847053666735541	0.9015426835179914	-0.00010123911535933859	0.0	
0.25	0.0	0.5099255182770304	0.41273052291665857	0.18873660768504624	0.15276233751044715	0.9028282849592577	0.0	0.0	0.3043657691949411	0.2867144211154646	0.11265266841257351	0.106119641146278	0.9015426835179914	-0.0021671779998318984	0.0	
0.5	0.0	0.4968936141021324	0.39602755923762223	0.18354948992315276	0.14629021658513786	0.9033557695109726	0.0	0.0	0.37248460076667306	0.3247713914703412	0.13759301148953323	0.1199681895278557	0.9015426835179914	0.002874633684578247	0.0	
1.0	0.0	0.4889270163329236	0.3858597465226562	0.18044109911161155	0.14240357938739248	0.9033394026799435	0.0	0.0	0.426163116051652	0.34967246884314085	0.15727751440897153	0.1290482812278017	0.9015426835179914	0.00878616271369987	0.0	
2.0	0.0	0.4840281111966577	0.37962637989724063	0.17856010023015606	0.14004584258670633	0.9023449316208684	0.0	0.0	0.4596114516274364	0.36461055401685616	0.16955249410485457	0.13450628654639046	0.9015426835179914	0.008117946770366157	0.0	
4.0	0.0	0.48198840127883014	0.37703547227346645	0.17778067741199138	0.13906895160103344	0.9017691662728982	0.0	0.0	0.47584571128394354	0.37289362772554957	0.17551478189266292	0.13754110252064042	0.9015426835179914	0.00518861620591139	0.0	
8.0	0.0	0.48136362322814535	0.3762423980575054	0.1775430401814699	0.1387708085485741	0.9015198770335241	0.0	0.0	0.4808423196212389	0.37586913215911244	0.17735059558941318	0.1386330024451946	0.9015426835179914	-0.0018225046655127297	0.0	
16.0	0.0	0.4813254554019169	0.37619395641200615	0.17752811298772228	0.13875227759133577	0.9015381548534019	0.0	0.0	0.48132483888868655	0.37619317396932594	0.17752785166721602	0.13875196248140603	0.9015426835179914	-0.0005119330093285085	0.0	
