0.03125	0.13243309129005296	0.5559026571147523	0.5215699939045816	0.2340379583476707	0.21960391380316796	0.9003049850513868	0.2560177113722945	0.0009176756004135882	0.11807976230735848	0.10011947543980615	0.04953468617284349	0.04196215365252139	0.9015875717689313	0.01311004527475724	0.05552953832005876	
0.0625	0.11634778030349509	0.5214175110833754	0.48206549991121966	0.20684415243595183	0.19124422952447953	0.907897576478417	0.24052697029411646	0.0027107933856329045	0.1615973092412214	0.1551948353183446	0.06404340029471936	0.06150111884270826	0.9016648282735528	0.020726664902021193	0.06973430720030364	
0.125	0.12719845475013475	0.4973159785484481	0.4583114013790762	0.19279644185847128	0.17768013113751857	0.911467713701183	0.2588130583515248	0.008654052777228517	0.21152803095688072	0.21124143760468428	0.08196609783925797	0.0818547420769984	0.9019283033475582	0.03827221518185477	0.09862298840574701	
0.25	0.12705213496208645	0.4635526688316042	0.42632162451271227	0.1776494164290991	0.163383652208164	0.9080897615703847	0.2522737574438821	0.02376236649852808	0.26229477332991286	0.2593600948000654	0.10049341804084762	0.09936955613991717	0.9024744366863791	0.05310548710180525	0.12988860618679202	
0.5	0.1428480656528047	0.45000782384474414	0.41944474812143284	0.17249516272991844	0.1607807161925508	0.9083051212161989	0.26130222913591156	0.058275997136410365	0.32132170995580706	0.3101001166268157	0.12313399168543379	0.11883444971499377	0.9034610831207074	0.09247396147325516	0.17399448384818644	
1.0	0.14871930545494172	0.4526632061258308	0.4277784532123494	0.17555619442871617	0.16590603804510842	0.9078199456973562	0.2622174868198443	0.09887653086296695	0.3801595894414563	0.36227975763453063	0.14737733278990045	0.14044645200186687	0.9044262918352934	0.1418591736369568	0.21251425555064288	
2.0	0.16876883515339663	0.46447199197024547	0.4426259560206711	0.18190514966364196	0.17335013340483627	0.9081697021326909	0.28541309070060183	0.1464918074080118	0.432061458070803	0.41139370318526913	0.16911808760501262	0.1610288838924964	0.906531023233482	0.21750332029416236	0.26348505753132545	
4.0	0.1871554647786829	0.4700660211017443	0.45007193315497795	0.1852780838114379	0.17739811595142546	0.908970893013978	0.30702383332466965	0.18095790053204522	0.46088254851134414	0.4406682005549893	0.18153612948419168	0.17357464567645225	0.9084822115362527	0.28554737356462345	0.30096058799792064	
8.0	0.19122048558419594	0.47554990700263067	0.45592142547159964	0.18725092183040304	0.1795222687238839	0.9086775597295687	0.30930053814273406	0.1905573301442629	0.47466085245949863	0.45492458323918605	0.186778511517746	0.17901248145265333	0.9086710371950101	0.3063871161686162	0.30868824886407986	
16.0	0.18355259281541186	0.4723997924060882	0.4525391435807194	0.18593489404584956	0.17811800060860444	0.9079653584464712	0.2994566012926039	0.1835126826208647	0.4723919384281622	0.4525178305223777	0.18590840951676907	0.17808719994315117	0.9079684064001816	0.2992213853726707	0.29942134763384953	
