0.03125	0.1247058193773577	0.547499887329858	0.5146383643167761	0.23095380949515895	0.217109189691553	0.8959954236125149	0.23372356189686946	0.0008634288651991906	0.11649359651805555	0.09869573412167967	0.04896960916505018	0.0414474637742021	0.9015697882528191	0.010186947136437006	0.050638462916909	
0.0625	0.11603913750801213	0.5214327286612901	0.4837653485691086	0.20741500282252492	0.19245023835199598	0.9068595211789713	0.23386076810137352	0.002727901281424149	0.1610489663693639	0.15442405728199346	0.06399184287897453	0.06135232780600194	0.9016434401789992	0.020376726480897157	0.06781574154732209	
0.125	0.14384814508329638	0.49679055795850646	0.45964995921411766	0.19277248116846496	0.17836761744249302	0.9112937729676036	0.2686074023116051	0.009940213863449327	0.2105977020056496	0.2102226932275677	0.0816787980036406	0.08153285715273177	0.9019150645515287	0.04335966017675066	0.10204023254335959	
0.25	0.15309185958674082	0.4629812173682774	0.42853692575322555	0.17754915261220816	0.16434247406688193	0.9084977631669947	0.2736332374126341	0.028944302756365437	0.2608118620610883	0.2583235883819797	0.09999117175286473	0.09903770164078572	0.9025315420963954	0.06454781442320019	0.14020462348627297	
0.5	0.16015721773599811	0.44177247578906265	0.4145607885524055	0.16933553699544387	0.1589061411977793	0.9066396085676368	0.2635359250937143	0.06655892673129495	0.31424515450624085	0.3044251364059257	0.12042002551646128	0.1166577172091253	0.9028000229091433	0.10197526320991183	0.17485916996415188	
1.0	0.18167363925785313	0.44241808408125083	0.4220810302175383	0.17178345869031025	0.16388878618254538	0.9072420985665819	0.2845242776905469	0.12232812075942631	0.37001030663024626	0.3552714264430925	0.14360664935624207	0.13788756607404534	0.9040360327382869	0.16764463482580633	0.22993033435262547	
2.0	0.19978408301196465	0.45600087045378557	0.43917738383578425	0.17861409962154456	0.17202459688622782	0.9061159883741702	0.29800370604179865	0.17453908457498205	0.4230286730983356	0.4068004420004233	0.16560721145560406	0.1592543196163275	0.9047566764039153	0.2395607497307967	0.2746738875174544	
4.0	0.21524775065629612	0.464549947705749	0.4509433015110039	0.1832837524252598	0.17791608367927422	0.9033758950375841	0.30118340177947633	0.20864989466244627	0.4548939028327016	0.4409076454933921	0.17934990736875145	0.17383622797243609	0.903081914373789	0.28590118342885934	0.29503189796711765	
8.0	0.22373799598865413	0.47528106656934305	0.4623425257286959	0.18739639505895114	0.18229479372339	0.9029536937308738	0.3076209851428248	0.2230452335666488	0.474319889157217	0.46126307894552754	0.1868900974129355	0.18174535866244979	0.9029707031339635	0.30554584746861624	0.307010605026872	
16.0	0.22632990120076785	0.47984713223875913	0.46731236832510037	0.18951470501056458	0.18456413199020022	0.9037296417805102	0.31281929294111277	0.2262837747635337	0.4798312116221341	0.46728274696848243	0.18948226615736777	0.18452699016417054	0.9037340351864571	0.31265130067788116	0.3127813962660792	
