0.03125	0.12811769430669756	0.5521948909387985	0.5187373671194229	0.23352468744448118	0.21941130335724573	0.8990455722819105	0.24766756435625203	0.0008863191535421162	0.11730349881576378	0.09939377329426925	0.04940905626858954	0.04181474478771842	0.901581989375986	0.011864790162803228	0.053691398338450304	
0.0625	0.09313471074612897	0.5190518198119562	0.4798730721769913	0.20624211726779448	0.19069021265356287	0.9054533525471893	0.20576941009346988	0.0021765982242048037	0.16090893756975472	0.1545321281531102	0.0638692194847879	0.06133157149660069	0.9016147580677558	0.014873381371562144	0.05987923442083407	
0.125	0.09503082441782122	0.4928918357537226	0.4532313043499549	0.1911193333428455	0.1757481051968161	0.9083935167311917	0.20591190669408369	0.006474370331547509	0.21009562334760878	0.20982774214673094	0.08142526469008125	0.08132103103478222	0.9017278184261148	0.027723501745710012	0.07872314865912873	
0.25	0.1132656991176519	0.45464407916070926	0.4190828139639001	0.17427722276748275	0.16064746641535527	0.9052096309282799	0.21514177831981546	0.021203200967818296	0.2569434690177064	0.2542162593585041	0.09846669601707873	0.09742198232481777	0.9019455044001136	0.04547503952328013	0.11046865972191752	
0.5	0.14140186511877287	0.4270777167696237	0.39955735192137504	0.16352004823095842	0.15298375380868953	0.904626178352472	0.23509756359864814	0.05882382818042272	0.3044930994009277	0.2944703821344169	0.1165543776098227	0.1127184515718815	0.9020199186524274	0.0888016892209875	0.1561570478153116	
1.0	0.16715282366546386	0.4304970985270525	0.4109518868551424	0.16677405776214868	0.1592036542955998	0.9037747508152932	0.25383382545321065	0.113205580197471	0.3599752265646067	0.34579702092963294	0.13939925132053832	0.13390974414045553	0.9017824598857441	0.1511937744591259	0.204893480275937	
2.0	0.19893469183066798	0.44445780544140073	0.4298779563155458	0.17381894429641168	0.16811901184272446	0.9013687933759025	0.2766170232091941	0.17472063430310672	0.4118230866865241	0.39760447416513367	0.16097017390325005	0.15541418225820205	0.9006777563005851	0.22749633327362936	0.2546210072248757	
4.0	0.21882187339231335	0.460660278716885	0.4481493890396604	0.18128623643315217	0.17636325071220696	0.901586318663443	0.2974798668044315	0.2122391064588875	0.45097909783697043	0.43806698110423453	0.17736188131272648	0.1722842396450573	0.9013572772653319	0.2832914134396782	0.291357368436604	
8.0	0.22730494558859826	0.4687196099981092	0.45723665548427084	0.18481651344431943	0.18028879031412498	0.9013504061403326	0.30495187895490405	0.2266163140889561	0.4677636514631363	0.4561616206027521	0.1843134154288713	0.17974182001566194	0.9013767332062244	0.30303870503462016	0.3043487127128111	
16.0	0.22983141420238504	0.47101283720895515	0.4596875351802138	0.18591923914272127	0.18144898922369582	0.901685730062234	0.30826174351192775	0.22978570687477848	0.47099673238289885	0.4596578720667555	0.18588683568094097	0.1814118825968059	0.9016906872294828	0.3081041018031267	0.3082244615074578	
