0.03125	0.12855049312835223	0.5495915240791291	0.5165116799965503	0.23218842436605502	0.21823684724640097	0.8984400660997736	0.24767278127784875	0.0008866167850599156	0.11684196856817328	0.09898883856975409	0.04917941798401331	0.04162016672025606	0.9015800076718398	0.01155478707982632	0.0535842035127382	
0.0625	0.12491034442378071	0.5236917691418574	0.4859936283015383	0.20836156589696264	0.19338603470869978	0.9081598529981811	0.24805573003600595	0.002929471115743035	0.1616373534058178	0.15495711245559024	0.06423746445705494	0.06157443653114408	0.9016692719770184	0.02285711156286308	0.07186356615961376	
0.125	0.14505038252695457	0.4965570000053342	0.45981343228221416	0.1927324161803544	0.17847708704005588	0.9112305032578794	0.26846425367485155	0.010074846423965328	0.2103850528392579	0.20999911162920562	0.0816178917869909	0.0814676819340277	0.9019147379435613	0.043837886193534355	0.10206532182296171	
0.25	0.15963287109011443	0.46615231754213654	0.4316567857417142	0.17875588392857866	0.16553012487547505	0.9090043067662741	0.2817064060734628	0.030154700119414825	0.262460689786955	0.2599833511990405	0.10061797030127624	0.09966875029155209	0.9026142295128399	0.06756882376308275	0.14420288273090603	
0.5	0.16200912390268102	0.43957688144864077	0.4126320675228675	0.16849414297615536	0.15816625889223798	0.9068886796900504	0.2664787897625824	0.06724612638707761	0.31264868249983196	0.302943903073536	0.11980925027700062	0.11609068724499291	0.9028904347921463	0.10323430014824471	0.17676308899278065	
1.0	0.18349455855775984	0.4492104659517112	0.42874165747365856	0.17446449815558865	0.16651676501582352	0.9076097988983491	0.28802399981329085	0.1234858141885272	0.3755928858041534	0.3607500343614404	0.14580886006839325	0.1400480982519813	0.9042758640234932	0.16959135778162343	0.23278113261825512	
2.0	0.1964480814346842	0.45164515428840135	0.43483670964604315	0.17696778526947415	0.1703821605935441	0.9059290406266977	0.2944287167630117	0.1715845876798504	0.41905021281163907	0.4028520624113613	0.16410414236302115	0.1577611046561047	0.9045889008289345	0.23601579875862164	0.2713829193020434	
4.0	0.21845773489557282	0.46853804462138965	0.4548501746466127	0.18477108714805474	0.17937316892019267	0.9038329704637	0.30573576878636116	0.21176010133358716	0.4587789476696642	0.4447051188285518	0.18079905959295303	0.17525270692845993	0.9035248564289995	0.29037630135588777	0.29950389554598705	
8.0	0.22151097939290748	0.47566263839771217	0.46283817626288604	0.18755033726036313	0.1824938497402099	0.9019972431743607	0.30205209453467	0.22082968870898378	0.47469617495384286	0.4617522356793895	0.18704161437455205	0.18194147471360267	0.9020213387315528	0.30008849955088224	0.30145481703810806	
16.0	0.22818953091425062	0.48330591273348433	0.470534852966985	0.1908024839857659	0.18576096900301894	0.903779739527341	0.3144070486258126	0.22814426109410327	0.4832915344263175	0.4705068633474478	0.19077092138821036	0.18572474333845818	0.9037842090437946	0.3142385453328644	0.3143699036831751	
