0.03125	0.17926759972442613	0.5389937107171539	0.5165427658757082	0.2375920405464127	0.22795927224872217	0.8839448545972559	0.23888490710157426	0.0016572848989515343	0.11783771940394787	0.09723551732049943	0.05207519856251671	0.042850997712922625	0.9015502376266612	0.016749550150743805	0.062208188767843606	
0.0625	0.19483802156157015	0.49801726558606696	0.4780933188911729	0.20764937420978868	0.19947238478806098	0.8930793669956133	0.256857990899103	0.004819211751584137	0.14577733021170727	0.13546747923914954	0.06060888017946381	0.05625772147146121	0.9014705672883426	0.034681203275568305	0.07378162239476918	
0.125	0.2159450326902892	0.42064538402879215	0.4087355836435558	0.17153364266206794	0.16671284698476385	0.8820111254322303	0.25501268418972256	0.02178769426891774	0.1801300216092936	0.17745262451891944	0.07322736364543239	0.07211766693789126	0.9004188312760493	0.05561109731129177	0.10447931072795913	
0.25	0.20135980700479522	0.39173097455568706	0.3815397005096585	0.15618452679857434	0.15212763947624156	0.8763886421655659	0.21794044014710687	0.04014777899359331	0.20700718288146103	0.20693648072583434	0.08245419038561239	0.08242586157982758	0.8979163014041639	0.06925388880286285	0.10632936429814421	
0.5	0.20181520786876922	0.3600374430454377	0.35132199286250165	0.14280287853480322	0.13935252043050603	0.8892786467645326	0.24079236888706862	0.07351580377884205	0.23767676528628093	0.23631055862940312	0.09420338445347115	0.0936626198999991	0.8972275436778947	0.10332131049132043	0.14473269536476638	
1.0	0.20709808496385781	0.35577804731318696	0.34999541406330603	0.14276103986477964	0.14044405122068712	0.886744818016248	0.24034621369035075	0.12388035711845287	0.27653870094012695	0.2730858967948274	0.11084555067898527	0.1094631573870973	0.8922757050584013	0.1479867363461787	0.17427166460838706	
2.0	0.21800387672359056	0.38184270277235	0.3762491566655419	0.15284439914334808	0.1506081360583822	0.8855491687258145	0.25080244395627965	0.17234447829013805	0.33281562312873003	0.3273343053451219	0.13309772755113541	0.13090730197755412	0.8879810344730064	0.1962978635428609	0.21065013527550797	
4.0	0.23657126287060537	0.44008561547874797	0.43264351105202226	0.17619920637291067	0.17322066677044004	0.8954188077885309	0.29408167155998277	0.21371582675920409	0.41305839377319187	0.40498211757636293	0.16520964860697493	0.16198035260449542	0.8947898436760621	0.26234855475708724	0.27241410907657143	
8.0	0.2561491646908075	0.46129342482990954	0.45452671798981664	0.18405747324828003	0.1813568994200646	0.8936342607445174	0.3116551817564813	0.24816398418990207	0.4502612061428587	0.44294873724391826	0.17948588852582092	0.17657018881426506	0.893405995266799	0.3006680134923201	0.3036938440646214	
16.0	0.2777770538225881	0.472837017911246	0.4668453719287423	0.18767372143833394	0.1852960772742893	0.8947867573411179	0.33699791401384427	0.2761809090968021	0.4707790338306673	0.46459888990251513	0.1867045489569032	0.18425407135628405	0.894752146904213	0.33465326019452335	0.3353775099243138	
