0.03125	0.1346098691896979	0.5490318613700882	0.5176703956773603	0.2353798666556302	0.22193373794902618	0.8911904994353321	0.23816916948155406	0.0010695860733427095	0.1216150373601275	0.10191586132053745	0.0521482291677924	0.043665788945234554	0.901582385477506	0.0028156628621023574	0.059463796746922946	
0.0625	0.16146693202353937	0.532427999600553	0.5022635623119156	0.21937478692123286	0.20702956638110365	0.906264016809514	0.28786958622201214	0.0034561690586197994	0.15826943212032957	0.1487205134148153	0.06505776284401929	0.061086106732341584	0.9016936877683255	0.02608719123305	0.08281888211425951	
0.125	0.15548703577196116	0.4827369980241687	0.4560415332458826	0.19504112796659603	0.18428116478133816	0.9009299156326447	0.27289192468261886	0.01314863732964342	0.21101837030533316	0.20937891772199038	0.08503522939267785	0.0843633607100189	0.9019947939216809	0.03352288613525678	0.1134745517908385	
0.25	0.17849782376554285	0.4712695078765048	0.44642675266168974	0.1871117051870387	0.17725267131081007	0.9092489239419519	0.3063516029282939	0.02876913513989212	0.253767305777356	0.25335346958706734	0.10066564104168377	0.1005016498443059	0.9027299548908839	0.06476177760654513	0.1519804947843072	
0.5	0.18094895061991179	0.45263241684124067	0.4314805878451692	0.1789526728742366	0.17060240950543049	0.9095375609437195	0.2961480173396904	0.0582309847595197	0.30178463255301946	0.29738906458253744	0.11923227092541064	0.11749765095564742	0.9032627171460907	0.09702663419024762	0.18104773146448655	
1.0	0.19311732751097416	0.4544737399068371	0.4367015772797161	0.181438918004295	0.17435084562869324	0.9108076264136271	0.30728049214832903	0.10511093807556701	0.35752791976854137	0.3475072951365844	0.14259707478080924	0.13860394477864174	0.9047327136277996	0.15224571290144062	0.2270595503715304	
2.0	0.1816552858562483	0.4576908359270875	0.4390386847369404	0.18220810713335417	0.1747851264019047	0.9094415598459606	0.2955933164079191	0.1363640404025464	0.40429944551897157	0.3884043863183294	0.16081821828414666	0.1544968394999259	0.9057208866780433	0.1947065330802616	0.25267176580890643	
4.0	0.19380895142405524	0.4727276595180744	0.4538201300374893	0.1882864466160147	0.18075500663952088	0.9106437967390759	0.3154620731330592	0.1718391719311013	0.44657425546726354	0.4279106870887087	0.17771021139915577	0.1702826465923663	0.9082566238568083	0.2594265500768461	0.2940050205785007	
8.0	0.18389665011295042	0.47016614589161154	0.4513956321360758	0.18655130953462323	0.17910420983160782	0.9082227729624435	0.29833291397109774	0.17685750721090476	0.4604209993222311	0.4413525339195553	0.18253503970452087	0.17497577247951707	0.9074468716355242	0.27782630967573596	0.29131407183236857	
16.0	0.1899060357719321	0.4734251470204035	0.45430689685077297	0.18687344953044832	0.17932680359320996	0.90845354408904	0.306310400215791	0.1885740560836834	0.4717461510322404	0.45245583199685396	0.18607979158405313	0.17847055277825458	0.9083231848705257	0.30200162562127014	0.30499378653402875	
