0.03125	0.17062763689825777	0.5304614439336618	0.5085355106709264	0.23468319301427884	0.2253952505874924	0.8636802137590432	0.21279468586926864	0.0018879997527916563	0.11633948133365742	0.09564129675280167	0.051676422175658224	0.042302002684400264	0.9014828420680109	0.020756426265652203	0.05865125812247703	
0.0625	0.1770163361332359	0.4984727094334113	0.47643127250262446	0.2071494990373687	0.1981463512771599	0.8926960405759452	0.24259365781264738	0.004310239679542996	0.14668770273104886	0.13665758492612362	0.06078179794664159	0.0565543328321755	0.9014650091774004	0.030304894904667135	0.07008001084465507	
0.125	0.1853489329131778	0.3827839701246387	0.37450512401874897	0.15590328852820634	0.15256942132427392	0.8397425214573693	0.16483332679937096	0.02313817028741825	0.1636850052582381	0.16075565675233372	0.06648725510430123	0.0652741633277795	0.8971994589989064	0.038007486544551994	0.06940963250018833	
0.25	0.18227787290710976	0.35211506631907563	0.34507248469135154	0.14027304692005055	0.13747368615999797	0.846820070365521	0.1631901508600656	0.04073917394072868	0.1856281531513635	0.18541102450730287	0.07387880315140986	0.07379190869617926	0.8939713964617433	0.053485938553300305	0.07995456093212618	
0.5	0.13273171998370895	0.2558026981745278	0.25134307400528	0.10106948765041868	0.09931567516226691	0.8464259709719275	0.08420368640239555	0.055338139307776826	0.1710930071864083	0.17051448907942907	0.06755875771781675	0.06733139882673506	0.8847950772349844	0.0385299615864066	0.05035777800028163	
1.0	0.12863712888141446	0.1728079655475785	0.17214185136387306	0.06915683600139795	0.06889144133366346	0.8225820009436726	0.05295775061786837	0.0860522577243921	0.1367232768256917	0.136216466583497	0.05466452457958905	0.05446256370865617	0.8600989949626016	0.038698544530945074	0.03545863506410389	
2.0	0.13106134184891383	0.16050020872287465	0.1600837523231985	0.06428344314435211	0.06411702273264178	0.8176251676973558	0.052630383726048745	0.10975151238296839	0.14084120058180322	0.14024587068940256	0.05635759109799946	0.05611995526850043	0.8384257019799584	0.046660894890831736	0.040899510990784184	
4.0	0.1453607801895004	0.1764889689556167	0.17619596133457566	0.07068165599424862	0.07056445400162745	0.8180205727915706	0.07546254673813352	0.13544145974027105	0.1656440316482147	0.16512171610266843	0.06627068779142742	0.0660620905747958	0.8268378710945863	0.07288486921897061	0.06714053555482205	
8.0	0.15805520677124393	0.21954072660545593	0.21880089015555138	0.08792778663902898	0.08763192184231271	0.8412456360292054	0.11516138743023537	0.1541429424580229	0.21422926757846755	0.21329011726685593	0.08571094759839432	0.08533563389268015	0.8431706194935821	0.11303642195650157	0.11133452827674921	
16.0	0.1951393538416426	0.27708606238373945	0.2768915743545761	0.1106633894896425	0.11058588935272207	0.836605844437065	0.16543495089663957	0.19429976066494814	0.2759974692500603	0.27576534255679885	0.11012202612034891	0.11002957704914793	0.8370387561730734	0.16473450359820213	0.16446690202146433	
