0.03125	0.1411330790161757	0.5314404031505584	0.5052909571377324	0.23156896553783	0.2202023993064896	0.8859770216039096	0.21853973876121033	0.0011198053050870693	0.11754610721699747	0.09784780339244133	0.051363288224176726	0.04269726881519962	0.9015533189153795	0.0022252626509093017	0.05467264837460626	
0.0625	0.16912540291357442	0.5044541408200406	0.4808931043733466	0.21005456329434957	0.20033916230107388	0.90048516739597	0.2583428776114495	0.0038232595221410134	0.14880386744905932	0.13896708794886276	0.06178979446968084	0.05765064842327479	0.9015828733820761	0.027058869650148344	0.07425385362758749	
0.125	0.1442710896005583	0.38939566960499095	0.3731683037856143	0.1589939046399999	0.15239865610573722	0.8897277044200067	0.20171037870303837	0.0126272730104651	0.17004025658227612	0.16819666842363168	0.06924271644963251	0.06847746188372444	0.9011213247794956	0.02630000402887171	0.08399942992498026	
0.25	0.1752136014100043	0.3598832779358026	0.3466853778713583	0.14407197437919722	0.13879796100624645	0.8971169084062895	0.23515654926867174	0.030863664463866215	0.1937218462258959	0.19364271552043807	0.07746680726261393	0.07743518207231463	0.9009432797065944	0.060451640496753986	0.11634672976943065	
0.5	0.18634339579387554	0.323277496269147	0.3145422746587515	0.12869544623263512	0.12522880042001505	0.8932812171375062	0.23294201220908256	0.06588688427347253	0.21530723802143442	0.21387408690256615	0.08564535172213802	0.08507699159007717	0.8983676815641646	0.09402244265437636	0.14074325087918632	
1.0	0.1928001623270516	0.31478566434497735	0.30977364971179355	0.12673466214581178	0.12471954535682739	0.8867454768573373	0.22286600516961602	0.11463460657462496	0.24572565871268176	0.24270689014079333	0.09881689348999619	0.09760420022341922	0.8922395659076082	0.13568437359732888	0.16171182859597097	
2.0	0.2039199250505427	0.34873011630492073	0.3436618080271879	0.14004819183956652	0.1380167441303456	0.8854292087735196	0.23491195253549718	0.16069952363991893	0.304175424422904	0.2992210505772356	0.12203263713378334	0.1200474441253806	0.8878894417456099	0.18206976378716846	0.1973628268000021	
4.0	0.21403098041479324	0.4076625120555388	0.3993692615659043	0.16347137584957636	0.16014615393548445	0.8973542405104968	0.27594969358362714	0.19255891949938783	0.38332338237796004	0.3745349275992399	0.15354768293497795	0.15002753997272827	0.8964629248635967	0.24309553025343672	0.25586554201042644	
8.0	0.23447041475410027	0.4524536597083923	0.4426183429344747	0.18021902846447319	0.17630267668516106	0.9014070904782567	0.31008928290127163	0.22640480254609407	0.4421242151748784	0.4317940794303178	0.1759436672639621	0.17183371592821026	0.9008747338910803	0.2963651162586082	0.3023646158899521	
16.0	0.22166491783891126	0.4691150429274649	0.45626262136900386	0.18530892582080238	0.18023174110831847	0.9029500654129089	0.30559593650506167	0.2202023840968852	0.46730181465872683	0.45425669502065996	0.1844603872837151	0.1793107686873515	0.9028571545400335	0.30254498394643053	0.30420402930785634	
