0.03125	0.1441222164968313	0.5333706836764803	0.5066472866260183	0.23266090237190368	0.2210777729325792	0.8884742638320215	0.23128956631962963	0.0011557457567548447	0.11811411653953743	0.09837794495342642	0.051684723928104415	0.0429764084038083	0.901568197827188	0.004067113504516746	0.057954640464376726	
0.0625	0.1954172894550916	0.5101589154287165	0.48733731324701485	0.21222339616373215	0.2028244210460263	0.9027717594102184	0.2908070443032088	0.00449506437830331	0.1499885670630976	0.13989874096618327	0.06222574993049581	0.05798726482668041	0.9016296240741539	0.034515401768165886	0.08328154604673958	
0.125	0.18482776103661008	0.40617836909654914	0.3913051620996907	0.16585537555831478	0.15981531015576772	0.8905808791464771	0.24680332301712843	0.017772155361748178	0.17628546522503857	0.17423013175168064	0.0717912495539481	0.07093727290810661	0.9011529258452171	0.04359416232031541	0.10290558272684584	
0.25	0.20977337645459385	0.38704458517835827	0.37473498957884654	0.1547570319658663	0.14983882465001494	0.8953511280521325	0.26877080736090586	0.03789660579758199	0.20625377621722576	0.20623667313576025	0.08238885387634746	0.08238201341249145	0.9006471506047102	0.07599986048059963	0.13208324457987675	
0.5	0.19974467037324825	0.3515244256985657	0.34265020163712134	0.13985844109005902	0.13634119421965554	0.8915825577956904	0.2444855028496174	0.0718950490193574	0.23255161475297204	0.23114440827282973	0.09245165055096327	0.09189426650225371	0.8978985068784968	0.10266981339643204	0.1472888139923457	
1.0	0.1972967407361323	0.3235614264419909	0.3183587071676633	0.13022444848922357	0.12813440066666812	0.8870374807595057	0.22912068099249586	0.11751751609464378	0.25228470406010256	0.24916894519188554	0.10142147200860932	0.10017071027983575	0.8923888307486065	0.13997575326120176	0.16619295744834695	
2.0	0.21249877394127475	0.36575989647762774	0.3604410613755164	0.146875149358518	0.14474149651934615	0.8878409123148803	0.2508223015421337	0.16710686918640583	0.3188470212974487	0.31365921711911193	0.12791131570856487	0.12583125166608924	0.8896512738442658	0.19338230517280733	0.2111164726893875	
4.0	0.23315405472146672	0.42408954385302816	0.41833871557220625	0.17047895361330023	0.16816935774357694	0.8896401602805726	0.2782177559262642	0.2115050855109642	0.3975501209335141	0.3910968052221758	0.15963009029576095	0.15704078182019449	0.8897123662220411	0.250451984730241	0.2573373978068697	
8.0	0.24898067812867808	0.451454510776681	0.4451070234561579	0.18073975049066165	0.17819956116495125	0.8934861991008903	0.30454010236055684	0.24117980363840022	0.4406256461978709	0.43374467284232476	0.1762232254113822	0.17347207320646388	0.8932822515512544	0.29352807735448244	0.29676496393264556	
16.0	0.2635843801007969	0.4594069906866469	0.45353735984622245	0.182972758379735	0.18063492532668077	0.8934572155277938	0.3201876231790779	0.2620849244483913	0.45744610641947014	0.45139407976824997	0.18202887045793464	0.17962050373676292	0.893434772244578	0.31791000452791485	0.31866842220253205	
