0.03125	0.1015095331948496	0.5226253257818889	0.49182412968470796	0.2246598044114841	0.2113831142395049	0.8866403295779305	0.19043795889301462	0.0007569272827786746	0.1171752166530643	0.09843702725421032	0.05047484080046013	0.04236812702355662	0.9015558862327048	-0.006827632743748478	0.046956977711176455	
0.0625	0.11349417284870236	0.4949897346171321	0.4652887383241239	0.2034726559178181	0.1913050024384533	0.8999208282275912	0.21118045828744933	0.0024708261887471292	0.14896745599143943	0.14035920556257941	0.06112728081105021	0.05756214648585921	0.9015830402827536	0.013127630314989092	0.06120484257512719	
0.125	0.09109674161550245	0.36424899549333356	0.3433349802966036	0.1472044837273382	0.13876899078155874	0.8905368367211068	0.14680785218559503	0.00773249495879829	0.16342169104791088	0.16225319416559897	0.06591984683434135	0.0654412934829847	0.9012226048839395	0.007390194700072077	0.06245702490327737	
0.25	0.0990075271778863	0.32774145368648827	0.31102524623496997	0.13045504484722523	0.12380218884238474	0.8950857480699634	0.14536979398012595	0.016685165404198392	0.18040433494291747	0.1801437895561725	0.07174536657910316	0.07164175208810855	0.9006664420548672	0.024824037753687776	0.07334140313618823	
0.5	0.13019256086375108	0.28486753914736745	0.27368766662002597	0.11290064465175145	0.10847673526141129	0.8942783485562791	0.16984185086320688	0.04424885933564774	0.19335567591953828	0.1911547228776948	0.0765834368221489	0.07571263940597397	0.8986810376805829	0.059395325053941614	0.10354507888715572	
1.0	0.15592597362567934	0.26316571968015023	0.25733766478569203	0.10581277952388739	0.10347234371255805	0.8867533860244698	0.17817296014030354	0.09154458188304528	0.2081797379692775	0.20474751271321043	0.08361162526597084	0.08223454078026242	0.8922167330456696	0.10473405613427378	0.12969755270470423	
2.0	0.1735074166458288	0.28024607207041713	0.2764279531294914	0.11252596814226008	0.11099252256076293	0.8772014589559369	0.18112114023940562	0.13749574117928154	0.245025811811502	0.24120227393854798	0.09828676934430222	0.09675250242940903	0.8819318131260918	0.142456288885438	0.15128482767504906	
4.0	0.20143266250763875	0.347836473022499	0.3437676426853474	0.14021572755771208	0.13857916332246037	0.8802416723960196	0.2241877788846156	0.1833145872742433	0.32615543667874636	0.32147941931510854	0.13131555753702367	0.1294361557070305	0.8813858938968121	0.20323073305991451	0.20673375993426682	
8.0	0.2526787323620745	0.40756818672543405	0.40457056408102554	0.16368036032705754	0.16247702225272634	0.8821579484526654	0.28785787332835105	0.24538187552396673	0.3972885180489666	0.39381878961312755	0.15937546616007175	0.15798390837978143	0.8823978621405315	0.27918954526138623	0.2801252925735915	
16.0	0.2861487538995978	0.4268200979243074	0.424896474351402	0.17067408404298948	0.1699052859385441	0.8809275072032182	0.325967393624578	0.284717444776525	0.42486517887846914	0.422809440181402	0.16972371663072117	0.1689028320517033	0.8810154650266746	0.3242070655184173	0.32435572707656596	
