0.03125	0.16621429213599304	0.5288127537487937	0.5065317736883893	0.23148165376166538	0.22201502815764096	0.8667869498207699	0.20907576279743897	0.0017610933329238617	0.11638883810811466	0.09593116325752471	0.051109354663243775	0.04200064218040919	0.901489798871058	0.017508795186136163	0.05735270786288375	
0.0625	0.18986873945646826	0.49838118737262904	0.477970148080615	0.20773481173415004	0.19936944355677497	0.8928983738319932	0.2500106829298736	0.004697662286711385	0.145997674595989	0.1357402957379947	0.06067328838072589	0.05634314233245996	0.9014663493945934	0.033589129171205635	0.07196798887730545	
0.125	0.1899204793356362	0.39811428072173066	0.3880488916532076	0.16164846632677699	0.15759825533883148	0.8543381964555827	0.18253552546196325	0.02200518400316647	0.17068685382897483	0.16792008058931818	0.0691005557591761	0.06795741440475468	0.8983328698918346	0.04192290805377456	0.07598141753720902	
0.25	0.19464327876900878	0.38779604645566723	0.3774641943674274	0.1543529376992454	0.15024621189790643	0.8711885812145741	0.2048482690348548	0.03922190650687579	0.20513035632139048	0.20503697263476237	0.0815698726623527	0.08153252429481628	0.8972024216794443	0.06418514842553204	0.10000968835155026	
0.5	0.1887622145046874	0.3444257281017617	0.33615054085315116	0.136308278888304	0.1330441740396351	0.8813292657507347	0.21082403385036574	0.07077184104030493	0.22776031440165564	0.22646138622390072	0.09007488546857027	0.08956293310819258	0.8948844028787768	0.09249799166985342	0.12633079602741276	
1.0	0.19919719346107762	0.3357773972091451	0.3301469687238622	0.13430918842831133	0.13205675624869953	0.8838964237545313	0.22485166829222117	0.11986623536428258	0.2617139944399508	0.2583446012394667	0.10458307055345736	0.10323638405705782	0.8908305514183728	0.1396415158977224	0.16289764134649237	
2.0	0.2023399263753481	0.37044422387656883	0.3639286659641492	0.14785926848614214	0.14525989797405447	0.8847551710863572	0.2311366589139575	0.1596598123191048	0.3238889025404988	0.317712295661164	0.12916836742591326	0.1267055640751677	0.8874268367597139	0.17978353853629228	0.194315407418434	
4.0	0.2305787203921858	0.4352651014873736	0.42738365113973087	0.1743060660809087	0.17115179155241436	0.8956762903528219	0.288740121179614	0.20813557418431272	0.4087520300634413	0.4002777929093396	0.16352059753239614	0.1601321785502678	0.8950244732518907	0.256923160819475	0.26753088053728524	
8.0	0.2503875142533788	0.4608528110995208	0.45327704205865216	0.1837602968146668	0.18073889897850742	0.8964037323787359	0.31262839113113267	0.24228352160241276	0.4499385398691002	0.4418237654092039	0.17924200437502652	0.17600859407869276	0.8960655613369308	0.30072736239474995	0.30468276562142477	
16.0	0.26806441863221053	0.47106952505150324	0.4638698191190307	0.18690841408736963	0.18405200078764716	0.8977882871629473	0.3340722289652533	0.2664606329871692	0.46906522451675176	0.4616724379683322	0.1859624116397786	0.18303173349920546	0.8977322102030442	0.33155767352663396	0.33248948495370023	
