0.03125	0.0	0.5682518601030183	0.48825291887002936	0.21611780611144837	0.18569006590690215	0.8847833377435892	0.0	0.0	0.1343570007347241	0.11977272074667225	0.05109058241364493	0.04554430269294328	0.9015426835179914	-0.02615112781290227	0.0	
0.0625	0.0	0.5497972372966604	0.46423775315395055	0.20604792094638444	0.17398182373606724	0.8979824516099388	0.0	0.0	0.17696766925608615	0.17346535280663908	0.06631808224435756	0.0650048050198538	0.9015426835179914	-0.011719994965549652	0.0	
0.125	0.0	0.5201981172453324	0.42595736687596786	0.19326898061785358	0.1582568662002562	0.8943879118170885	0.0	0.0	0.24495530683992897	0.24178867698329398	0.09099097389998057	0.08981729699369782	0.9015426835179914	-0.020173889398158396	0.0	
0.25	0.0	0.5110914730307219	0.4142275800457571	0.18927797797318768	0.15340533878281323	0.9009870404087345	0.0	0.0	0.2951495718984352	0.2818856168879259	0.10930468426928035	0.10439274540401008	0.9015426835179914	-0.011374578288412896	0.0	
0.5	0.0	0.5011687226997281	0.40149682698157446	0.18523480984770296	0.14839554728023072	0.9036503559034912	0.0	0.0	0.3548530877249876	0.31830293012357497	0.13115486869268916	0.11764597781517536	0.9015426835179914	-0.003741129635506044	0.0	
1.0	0.0	0.49302643915859623	0.39108708534851244	0.18201925966902738	0.144384511695655	0.9046366392554657	0.0	0.0	0.4077025392316789	0.34344716442783463	0.15051842151592376	0.12679619258740438	0.9015426835179914	0.007515244889326952	0.0	
2.0	0.0	0.4871341350379798	0.38357682418383326	0.17974412235831574	0.14153325807842246	0.9037010331121831	0.0	0.0	0.44426218403963286	0.3587676638672788	0.16392477243013337	0.1323788694170612	0.9015426835179914	0.01312723505589943	0.0	
4.0	0.0	0.4840013016090636	0.37959230529387206	0.17854324972792263	0.14002781384266666	0.9030204823835455	0.0	0.0	0.4654546426452869	0.36803792440023775	0.17170137689317447	0.13576536580038479	0.9015426835179914	0.016553540880379525	0.0	
8.0	0.0	0.4822246884620882	0.3773354996849382	0.1778686152201379	0.13918023005043578	0.9020651007835842	0.0	0.0	0.47578996783797134	0.37297339670546237	0.17549498991280701	0.13757112899026994	0.9015426835179914	0.010625466465506338	0.0	
16.0	0.0	0.48148252849570206	0.37639331599196674	0.17758761323399436	0.13882703254838846	0.9016192836791334	0.0	0.0	0.48047920878967104	0.3756553333587448	0.17721738247944469	0.1385547048373854	0.9015426835179914	0.0038101571783602907	0.0	
