0.03125	0.09414893026857196	0.5215407370844516	0.4896311425137208	0.22342470970763295	0.2097024079748402	0.8867284901222504	0.18501555101075548	0.0006876152275659289	0.11713343083719052	0.09860135200785944	0.05025067179787347	0.04227312070718166	0.9015557499677612	-0.008614661780905117	0.04528722153498469	
0.0625	0.11070861669257256	0.49138016918636085	0.46180592934564196	0.202166145790575	0.19004748263659926	0.8996917083730939	0.2079066486401948	0.0023927298518992774	0.1479545112458533	0.13940179692303295	0.060763954260262446	0.05721635867071382	0.9015768815029676	0.012424204233647821	0.06026264150569986	
0.125	0.09397736188085833	0.3705659306205133	0.3491736493304609	0.1497592685643962	0.1411314278317321	0.8913236159399963	0.15518811905185903	0.007906983331385278	0.16572583020545542	0.1645422778401384	0.06684505962110296	0.06636020018122762	0.9012692082569483	0.008529963495539718	0.06555623722793782	
0.25	0.09222181460194623	0.3275626774121493	0.30991096509794563	0.13020227706890383	0.12318596174814152	0.8956711559589244	0.13930055590745458	0.015436113182231054	0.1807514799485336	0.1804467182739367	0.07178650731163372	0.07166535898835388	0.9007460209948848	0.022057439434897963	0.07034285992966445	
0.5	0.12910371424679906	0.29080841902680826	0.2789817805685654	0.11517862546952165	0.11049822547686632	0.8948429492345978	0.17062643118511253	0.04385036129748606	0.19739483100374147	0.19503085340866114	0.07813090884953765	0.0771954036657093	0.8988685239008657	0.059386683862201896	0.10412726537211965	
1.0	0.15371359348410993	0.26512419668804293	0.2584558404325426	0.10646108941004537	0.10378630717551082	0.8908547758514438	0.18611866737584856	0.08901538715894544	0.21024246997173662	0.2063573981824866	0.08433336378557646	0.08277637021312179	0.8943050087166643	0.10595885772949579	0.13596578736110404	
2.0	0.18446800481027817	0.30794379039969044	0.3027158021293641	0.12359227852937282	0.12149465059391047	0.8863241643720713	0.21323161179191197	0.14463388469127736	0.2695872214770139	0.2645944905954313	0.10809223734511089	0.10609039438878846	0.8885831646183554	0.16341596679350873	0.1794006376250971	
4.0	0.21091049759713104	0.37541243890739995	0.37007754623819505	0.1507826821597323	0.14864282798557885	0.886331864315838	0.24634369642745577	0.19132651380549542	0.35231838412819627	0.3463723430367683	0.1413488490011851	0.13896586544248635	0.8867624153038041	0.22173112146056573	0.2276749177379937	
8.0	0.2395060491660037	0.43232755202350825	0.42614269176387803	0.1730241889157389	0.17054863600966105	0.8924110988190362	0.29149977229745305	0.23194257825701098	0.42203064996078493	0.41533019866139637	0.168731687932057	0.16605237312194376	0.8922309392596869	0.2809223484476201	0.2840086042308568	
16.0	0.2524499532654706	0.45165718600736443	0.445246011956036	0.17996433055302954	0.1774106984866094	0.8942913326838827	0.31179095025183	0.25097103113122704	0.4497519113305127	0.4431611798407641	0.1790427038376003	0.17641981598683099	0.8942618887522702	0.3094257103823772	0.31030332547607903	
