1	1.0
2	0.8011394796173298
3	0.6429833648162817
4	0.5150204131375297
5	0.41179696545000305
6	0.3267625373225276
7	0.2606788129912863
8	0.20757418804460423
9	0.1649808055572482
10	0.13058314545122174
11	0.10404606666260435
12	0.08314545122174151
13	0.06541344220340016
14	0.051642191213210654
15	0.04046066662604351
16	0.03281335689476571
17	0.026537078788617392
18	0.021235756504783376
19	0.01666565108768509
20	0.013436109926268966
21	0.010846383523246603
22	0.00856133081469746
23	0.007007494972884041
24	0.005514593869965267
25	0.00460057278654561
26	0.003747486442020596
27	0.002985802205837548
28	0.0023764548168911095
29	0.001919444275181281
30	0.0013710316251294864
31	0.001157760038998233
32	0.0007312168667357261
33	0.0004570105417098288
34	0.00039607580281518495
35	0.00024373895557857535
36	0.00012186947778928768
37	9.140210834196576e-05
42	6.093473889464384e-05
45	3.046736944732192e-05
