1	1.0
2	0.4540090957512189
3	0.2935223501454501
4	0.21919941000532633
5	0.17544147170893595
6	0.14938337362232146
7	0.132461998606957
8	0.11943294956364978
9	0.10951776129798828
10	0.1002581226697259
11	0.09345679518171017
12	0.08751587659278076
13	0.08276314172163723
14	0.07837915352153071
15	0.07497848977752285
16	0.07202851640922686
17	0.06944728971196788
18	0.06690703486704634
19	0.06403900520342524
20	0.06211332814356537
21	0.06006473552669316
22	0.05912238292293195
23	0.05785225550047118
24	0.05686893104437252
25	0.055680747326586635
26	0.0549022821321752
27	0.053877985823739094
28	0.053140492481665094
29	0.052443970991928546
30	0.051747449502192
31	0.05051829393206867
32	0.049821772442332116
33	0.04896136354324579
34	0.048305813905846685
35	0.04760929241611013
36	0.04687179907403614
37	0.0460933338796247
38	0.04551972794690048
39	0.04519195312820093
40	0.04494612201417626
41	0.04453640349080182
42	0.044085713115089936
43	0.0435940508870406
44	0.04347113533002827
45	0.04297947310197894
46	0.04273364198795428
47	0.042241979759904943
48	0.041463514565493506
49	0.04113573974679395
50	0.040644077518744624
51	0.04035727455238251
52	0.0400704715860204
53	0.0397836686196583
54	0.03953783750563363
55	0.039210062686934076
56	0.038923259720571965
57	0.03863645675420986
58	0.038308681935510305
59	0.03798090711681075
60	0.03773507600278608
61	0.03744827303642398
62	0.03724341377473676
63	0.037120498217724424
64	0.03679272339902487
65	0.0365468922850002
66	0.036423976727987875
67	0.03609620190928832
68	0.0358913426476011
69	0.03580939894292621
70	0.03539968041955177
71	0.035153849305527105
72	0.03490801819150244
73	0.03466218707747777
74	0.03458024337280288
75	0.03429344040644078
76	0.034252468554103334
77	0.03400663744007867
78	0.033760806326054
79	0.03367886262137911
80	0.033514975212029334
81	0.033392059655017
82	0.03326914409800467
83	0.03314622854099234
84	0.03294136927930512
85	0.032900397426967674
86	0.03277748186995534
87	0.032449707051255786
88	0.0323677633465809
89	0.03216290408489368
90	0.031835129266194126
91	0.031548326299832015
92	0.03130249518580735
93	0.031056664071782685
94	0.030974720367107796
95	0.030728889253083133
96	0.030442086286721022
97	0.030237227025033803
99	0.030073339615684026
100	0.03003236776334658
101	0.029950424058671692
102	0.02970459294464703
103	0.029581677387634696
104	0.029458761830622363
105	0.02933584627361003
106	0.029212930716597696
107	0.02913098701192281
108	0.028885155897898144
109	0.028639324783873477
110	0.028475437374523703
111	0.02843446552218626
112	0.028229606260499036
113	0.02786085958946204
115	0.027737944032449707
116	0.027533084770762488
117	0.027328225509075266
118	0.027205309952062932
119	0.027041422542713155
120	0.026918506985700825
121	0.02679559142868849
122	0.026672675871676158
123	0.02659073216700127
124	0.02650878846232638
125	0.026426844757651495
126	0.026262957348301717
127	0.026221985495964273
128	0.026058098086614495
129	0.025935182529602162
131	0.025730323267914943
132	0.025443520301552832
133	0.025320604744540502
134	0.02519768918752817
135	0.025074773630515836
136	0.024951858073503502
137	0.024869914368828613
138	0.024746998811816284
139	0.024583111402466506
140	0.024378252140779284
141	0.024091449174417176
142	0.023968533617404843
143	0.02384561806039251
144	0.023722702503380176
145	0.023681730651042735
146	0.023476871389355513
147	0.023394927684680624
148	0.02327201212766829
149	0.023067152865981072
150	0.022985209161306183
151	0.022821321751956405
152	0.02278034989961896
153	0.022534518785594298
154	0.02245257508091941
155	0.022411603228581965
156	0.022165772114557298
157	0.022001884705207524
158	0.02196091285287008
159	0.021837997295857746
160	0.021756053591182857
161	0.021715081738845413
162	0.021510222477158194
163	0.02138730692014586
164	0.021264391363133527
165	0.021141475806121194
166	0.021059532101446305
167	0.02097758839677142
168	0.020936616544433975
169	0.020772729135084197
170	0.020567869873396975
171	0.020485926168722086
172	0.020322038759372312
173	0.02019912320235998
174	0.019994263940672757
175	0.019830376531322982
176	0.01970746097431065
178	0.01954357356496087
179	0.019297742450936208
180	0.019256770598598764
181	0.01913385504158643
182	0.01905191133691154
183	0.018928995779899208
184	0.018888023927561764
185	0.018765108370549434
186	0.018560249108862212
187	0.018396361699512434
188	0.01835538984717499
189	0.018314417994837545
190	0.01823247429016266
191	0.018068586880812882
192	0.017986643176137993
193	0.01778178391445077
194	0.017617896505100997
195	0.017494980948088663
196	0.01745400909575122
197	0.017208177981726552
198	0.017044290572376778
199	0.017003318720039334
200	0.01696234686770189
201	0.016839431310689556
202	0.01679845945835211
203	0.016675543901339778
204	0.01655262834432745
205	0.01647068463965256
206	0.01638874093497767
207	0.01610193796861556
208	0.01597902241160323
209	0.015856106854590896
210	0.015733191297578563
211	0.015651247592903674
212	0.015569303888228787
213	0.015446388331216454
214	0.015241529069529233
215	0.015036669807842013
216	0.014954726103167124
217	0.014872782398492235
218	0.014708894989142459
219	0.014585979432130126
220	0.014545007579792683
221	0.014504035727455239
222	0.014463063875117794
223	0.01434014831810546
224	0.014258204613430574
225	0.014012373499405909
226	0.013807514237718687
227	0.013766542385381244
228	0.013561683123694022
229	0.013479739419019135
230	0.013397795714344246
231	0.01315196460031958
233	0.012906133486294916
234	0.012660302372270251
235	0.012578358667595362
236	0.012537386815257918
237	0.012414471258245584
238	0.012373499405908142
239	0.012332527553570697
240	0.012209611996558364
241	0.012004752734871144
242	0.011840865325521368
244	0.011717949768509034
245	0.011636006063834145
246	0.011595034211496701
247	0.01147211865448437
248	0.01139017494980948
249	0.011267259392797149
250	0.01118531568812226
251	0.011144343835784816
252	0.011103371983447371
253	0.010939484574097595
254	0.010816569017085262
255	0.010775597164747817
256	0.010734625312410375
257	0.01069365346007293
258	0.010611709755398041
259	0.010529766050723153
260	0.010447822346048265
261	0.010161019379686156
262	0.010038103822673823
263	0.009956160117998934
264	0.009833244560986602
265	0.009751300856311713
266	0.009710329003974269
267	0.009628385299299382
268	0.009546441594624493
269	0.009505469742287049
270	0.00942352603761216
271	0.009382554185274717
272	0.009259638628262384
273	0.009054779366575163
274	0.008849920104887943
275	0.008808948252550498
276	0.008767976400213054
277	0.008686032695538165
278	0.00864506084320072
279	0.008604088990863276
280	0.0084402015815135
281	0.008358257876838611
282	0.00823534231982628
283	0.008112426762813946
284	0.008071454910476502
285	0.007989511205801615
286	0.00794853935346417
287	0.007866595648789282
289	0.007743680091776949
290	0.007579792682427172
291	0.007415905273077396
292	0.007374933420739952
293	0.007292989716065063
294	0.007211046011390175
295	0.00717007415905273
296	0.00696521489736551
297	0.006760355635678289
299	0.006719383783340845
300	0.006637440078665956
301	0.006555496373991068
302	0.00647355266931618
303	0.006391608964641291
304	0.006350637112303847
306	0.0062277215552915145
307	0.0061457778506166265
308	0.006022862293604294
309	0.005940918588929405
312	0.005777031179579629
313	0.00569508747490474
314	0.005531200065554963
315	0.005449256360880075
316	0.005408284508542631
317	0.005326340803867743
318	0.0052853689515302985
319	0.005244397099192855
320	0.005162453394517966
321	0.005080509689843078
322	0.005039537837505634
323	0.004916622280493301
324	0.004793706723480969
325	0.004588847461793747
326	0.004506903757118859
327	0.004424960052443971
329	0.004383988200106527
330	0.004302044495431638
331	0.0042610726430941945
334	0.00422010079075675
336	0.004138157086081862
338	0.004056213381406973
339	0.00401524152906953
341	0.003933297824394641
344	0.0038923259720571968
345	0.0038513541197197523
347	0.0038103822673823083
348	0.0037694104150448643
349	0.0036055230056950874
350	0.003482607448682755
351	0.003441635596345311
353	0.0034006637440078665
354	0.0033596918916704225
355	0.003318720039332978
356	0.003277748186995534
358	0.00323677633465809
360	0.0031548326299832017
361	0.0030728889253083132
362	0.002949973368295981
364	0.0029090015159585363
365	0.002786085958946204
366	0.00274511410660876
367	0.0027041422542713155
369	0.0026631704019338715
370	0.002581226697258983
371	0.002540254844921539
372	0.0024583111402466506
374	0.002376367435571762
375	0.002335395583234318
376	0.0022944237308968737
377	0.0022534518785594297
378	0.0021715081738845413
379	0.002089564469209653
380	0.002048592616872209
381	0.0019256770598598762
382	0.001843733355184988
383	0.0018027615028475437
384	0.0017208177981726555
388	0.0016798459458352113
391	0.0015569303888228786
392	0.0015159585364854346
393	0.0014749866841479904
395	0.0013520711271356577
399	0.0012701274224607695
400	0.001188183717785881
401	0.0011472118654484369
402	0.0011062400131109928
411	0.0010652681607735486
413	0.0010242963084361044
415	0.0009833244560986602
420	0.0008604088990863277
421	0.0008194370467488835
423	0.0007784651944114393
428	0.0007374933420739952
430	0.000696521489736551
432	0.0006555496373991069
433	0.0006145777850616626
434	0.0005736059327242184
437	0.0005326340803867743
439	0.0004916622280493301
445	0.00040971852337444176
446	0.0003687466710369976
447	0.00032777481869955343
448	0.0002868029663621092
477	0.00024583111402466505
479	0.00020485926168722088
481	0.00016388740934977672
490	0.00012291555701233252
543	8.194370467488836e-05
557	4.097185233744418e-05
