1	1.0
2	0.8091455719694158
3	0.6603073268502709
4	0.5466557790809888
5	0.4533442209190112
6	0.3828223591418603
7	0.31853611461658377
8	0.2715462846113874
9	0.23279637740331083
10	0.20132135698908768
11	0.173929181204068
12	0.1498775146611239
13	0.13102219582807512
14	0.11372578130799495
15	0.0978398040234578
16	0.08499740182614506
17	0.07460470640635439
18	0.06606784945438349
19	0.058496028505678865
20	0.05218617771509168
21	0.04557939276965333
22	0.04179348229530102
23	0.036671368124118475
24	0.03162348749164873
25	0.027986044094721996
26	0.024942469007497588
27	0.022938163462252244
28	0.02004305545245342
29	0.017444881597505752
30	0.014920941281270878
31	0.012842402197312745
32	0.01180313265533368
33	0.01024422834236508
34	0.009204958800386014
35	0.008017222180981368
36	0.007200653255140673
37	0.006235617251874397
38	0.005567515403459283
39	0.0050478806324697496
40	0.004454012322767427
41	0.003711676935639522
42	0.0031178086259371985
43	0.002746640932373246
44	0.0023012397000965034
45	0.001855838467819761
46	0.0015589043129685992
47	0.0014104372355430183
48	0.0012619701581174374
49	0.0011135030806918567
50	0.0010392695419790662
51	0.0008908024645534853
52	0.0008165689258406948
53	0.0005938683097023235
54	0.0003711676935639522
58	0.00029693415485116173
63	0.00022270061613837133
66	0.00014846707742558087
