1	1.0
2	0.4120956399437412
3	0.255098452883263
4	0.18706047819971872
5	0.14820675105485231
6	0.12543952180028128
7	0.10926511954992968
8	0.09731012658227849
9	0.08667369901547117
10	0.08016877637130802
11	0.07445499296765119
12	0.06830168776371308
13	0.06390646976090014
14	0.06003867791842475
15	0.056346694796061886
16	0.053357946554149084
17	0.05107243319268636
18	0.04869901547116737
19	0.04614978902953586
20	0.04421589310829817
21	0.04298523206751055
22	0.041666666666666664
23	0.04017229254571027
24	0.039029535864978905
25	0.038062587904360054
26	0.03691983122362869
27	0.03568917018284107
28	0.03463431786216596
29	0.03401898734177215
30	0.03305203938115331
31	0.03217299578059072
32	0.03190928270042194
33	0.031206047819971872
34	0.03067862165963432
35	0.030327004219409284
36	0.02988748241912799
37	0.0290084388185654
38	0.02812939521800281
39	0.027777777777777776
40	0.027338255977496485
41	0.02689873417721519
42	0.026459212376933897
43	0.02610759493670886
44	0.025843881856540084
45	0.02531645569620253
46	0.025140646976090014
47	0.024964838255977496
48	0.02461322081575246
49	0.0245253164556962
50	0.02390998593530239
51	0.023206751054852322
52	0.022767229254571027
53	0.02259142053445851
54	0.022327707454289733
55	0.021976090014064698
56	0.021536568213783403
57	0.021184950773558368
58	0.02100914205344585
59	0.020833333333333332
60	0.020393811533052038
61	0.020218002812939524
62	0.01969057665260197
63	0.019514767932489453
64	0.019163150492264417
65	0.01889943741209564
66	0.01881153305203938
67	0.018547819971870605
68	0.01819620253164557
69	0.017932489451476793
70	0.017844585091420534
71	0.01740506329113924
72	0.017053445850914204
73	0.01670182841068917
74	0.016526019690576654
77	0.016438115330520395
78	0.016350210970464137
80	0.01617440225035162
81	0.0159985935302391
83	0.015822784810126583
84	0.015734880450070324
85	0.015559071729957807
87	0.015471167369901548
88	0.015383263009845289
89	0.01529535864978903
90	0.015031645569620253
91	0.014943741209563995
92	0.014767932489451477
93	0.0145042194092827
94	0.014328410689170182
95	0.013976793248945147
96	0.013888888888888888
97	0.013713080168776372
98	0.013625175808720113
99	0.013361462728551337
102	0.013273558368495078
105	0.01309774964838256
106	0.013009845288326301
107	0.012921940928270042
108	0.012658227848101266
110	0.012482419127988748
112	0.012218706047819971
113	0.012130801687763712
114	0.011779184247538679
115	0.011603375527426161
116	0.011427566807313643
117	0.011339662447257384
118	0.011251758087201125
119	0.011163853727144867
120	0.011075949367088608
121	0.010988045007032349
123	0.01090014064697609
126	0.010724331926863572
128	0.010636427566807313
130	0.010548523206751054
133	0.010460618846694796
134	0.010372714486638537
136	0.010284810126582278
137	0.010109001406469762
138	0.010021097046413503
141	0.009845288326300985
144	0.009669479606188467
147	0.009581575246132209
148	0.00940576652601969
150	0.009229957805907173
151	0.009142053445850914
152	0.009054149085794655
153	0.008966244725738396
156	0.008878340365682138
158	0.008790436005625879
159	0.00870253164556962
160	0.008614627285513361
163	0.008526722925457102
166	0.008438818565400843
169	0.008263009845288327
170	0.008175105485232068
173	0.00808720112517581
176	0.00799929676511955
177	0.007911392405063292
186	0.007823488045007033
190	0.007735583684950774
192	0.007647679324894515
202	0.007559774964838256
203	0.007471870604781997
205	0.007383966244725738
207	0.0072960618846694796
208	0.007208157524613221
209	0.007120253164556962
215	0.007032348804500703
221	0.006944444444444444
227	0.006856540084388186
228	0.006768635724331927
229	0.006680731364275668
230	0.0065049226441631506
232	0.006417018284106892
235	0.006329113924050633
243	0.006153305203938115
244	0.006065400843881856
247	0.005889592123769339
254	0.0057137834036568216
255	0.005625879043600563
259	0.005450070323488045
263	0.005362165963431786
273	0.005274261603375527
277	0.005186357243319268
290	0.0050984528832630095
291	0.0050105485232067514
295	0.004922644163150493
316	0.004834739803094234
317	0.004746835443037975
323	0.004658931082981716
326	0.004571026722925457
327	0.004483122362869198
328	0.0043073136427566805
335	0.004219409282700422
336	0.004043600562587905
338	0.003955696202531646
341	0.003867791842475387
345	0.003779887482419128
346	0.003691983122362869
358	0.0036040787623066103
361	0.0035161744022503515
366	0.003428270042194093
383	0.003340365682137834
398	0.0032524613220815753
400	0.0031645569620253164
431	0.0030766526019690575
433	0.0029008438818565402
435	0.0028129395218002813
442	0.0027250351617440225
444	0.0026371308016877636
447	0.0025492264416315047
456	0.0024613220815752463
462	0.0023734177215189874
474	0.0022855133614627285
491	0.0021976090014064697
498	0.002109704641350211
508	0.0020218002812939524
509	0.0019338959212376935
510	0.0018459915611814346
535	0.0017580872011251757
543	0.001670182841068917
554	0.0015822784810126582
561	0.0014943741209563993
578	0.0014064697609001407
581	0.0013185654008438818
582	0.0012306610407876231
665	0.0011427566807313643
677	0.0010548523206751054
687	0.0009669479606188467
711	0.0008790436005625879
712	0.0007911392405063291
730	0.0007032348804500703
746	0.0006153305203938116
750	0.0005274261603375527
765	0.00043952180028129393
840	0.00035161744022503517
890	0.00026371308016877635
911	0.00017580872011251758
1206	8.790436005625879e-05
