1	1.0
2	0.7982809411940187
3	0.6356415706454861
4	0.5083156206883693
5	0.406272140806205
6	0.32583808778013945
7	0.26110303165902227
8	0.20954991236901965
9	0.1677107804750718
10	0.13491441995748965
11	0.10715217958757504
12	0.08666144609762465
13	0.0683335197822277
14	0.054741395383525376
15	0.04469179997762613
16	0.03551851437520975
17	0.028023268822015886
18	0.022411157101838386
19	0.017843159190066002
20	0.014114181302904873
21	0.011317447887534027
22	0.009359734496774434
23	0.0074393108848864525
24	0.005891785061714584
25	0.004866316142745274
26	0.0037476227765969347
27	0.003001827199164709
28	0.0025170600738337622
29	0.0019390685013237871
30	0.0015475258231718687
31	0.0013424320393780065
32	0.0011746280344557558
33	0.0009695342506618936
34	0.0007830853563038371
35	0.0006712160196890032
36	0.0005220569042025581
37	0.0003728977887161129
38	0.0003356080098445016
39	0.00027967334153708467
40	0.00022373867322966775
41	0.0002050937837938621
43	0.00013051422605063953
44	0.00011186933661483388
46	7.457955774322258e-05
48	5.593466830741694e-05
52	3.728977887161129e-05
65	1.8644889435805646e-05
