2	1.0
3	0.24994999666644444
4	0.11917461164077606
5	0.07433828921928129
6	0.05410360690712714
7	0.04150276685112341
8	0.033002200146676444
9	0.027501833455563705
10	0.023034868991266083
11	0.020301353423561572
12	0.01806787119141276
13	0.016134408960597372
14	0.014367624508300553
15	0.013134208947263151
16	0.011600773384892326
17	0.01070071338089206
18	0.009800653376891793
19	0.008867257817187812
20	0.008233882258817254
21	0.007667177811854124
22	0.0071338089205947065
23	0.006800453363557571
24	0.006300420028001867
25	0.005933728915261017
26	0.005567037802520168
27	0.0052003466897793185
28	0.00493366224414961
29	0.004700313354223615
30	0.004533635575705047
31	0.004333622241482766
32	0.004166944462964198
33	0.003966931128741916
34	0.003800253350223348
35	0.003733582238815921
36	0.0034335622374824988
37	0.003333555570371358
38	0.0033002200146676447
39	0.003200213347556504
40	0.003100206680445363
41	0.0029335289019267953
42	0.002800186679111941
43	0.002766851123408227
45	0.0026668444562970863
46	0.0026001733448896593
48	0.0025668377891859455
49	0.0025335022334822322
50	0.002466831122074805
51	0.0023334888992599507
52	0.002300153343556237
53	0.002200146676445096
54	0.002066804453630242
55	0.0020334688979265284
56	0.002000133342222815
57	0.001900126675111674
58	0.001833455563704247
59	0.0017667844522968198
60	0.0017334488965931062
61	0.001666777785185679
64	0.0016334422294819655
65	0.001600106673778252
66	0.0015001000066671112
68	0.001433428895259684
71	0.0014000933395559704
72	0.0013667577838522569
73	0.0013000866724448296
75	0.0012667511167411161
77	0.0012000800053336889
78	0.0011667444496299753
79	0.0011334088939262618
81	0.001100073338222548
82	0.0010667377825188346
84	0.001033402226815121
87	0.0009333955597039803
88	0.0009000600040002666
89	0.0008667244482965531
94	0.0008333888925928395
99	0.000800053336889126
113	0.0007667177811854123
131	0.0007333822254816988
133	0.0006667111140742716
139	0.0006333755583705581
144	0.0006000400026668444
149	0.0005667044469631309
163	0.0005333688912594173
167	0.0005000333355557038
178	0.00046669777985199013
190	0.00043336222414827656
195	0.000400026668444563
216	0.0003666911127408494
243	0.0003333555570371358
249	0.0003000200013334222
250	0.00026668444562970864
252	0.00023334888992599507
275	0.0002000133342222815
286	0.0001666777785185679
314	0.00013334222281485432
321	0.00010000666711114075
390	6.667111140742716e-05
597	3.333555570371358e-05
