1	1.0
2	0.5346796935084172
3	0.3070612698322272
4	0.18389494972512604
5	0.11219984618452161
6	0.06943059788646139
7	0.04373771612498932
8	0.027074372632238584
9	0.01697667131911015
10	0.010624661748369272
11	0.006693821744951149
12	0.004229925655852109
13	0.002506622610875324
14	0.0015523969578716496
15	0.0009684678269291024
16	0.0005696869570171191
17	0.0002990856524339875
18	0.0001993904349559917
19	0.00011393739140342382
20	8.545304355256787e-05
21	7.121086962713989e-05
23	1.4242173925427978e-05
