1	1.0
2	0.8122087824163411
3	0.6645644090930485
4	0.5462888878429896
5	0.44956935096719536
6	0.36753424012801805
7	0.2994775733044665
8	0.24271661881677414
9	0.19555701981456206
10	0.15710453240457475
11	0.12533534145997083
12	0.1000611851084859
13	0.07836400433002307
14	0.06250294159175412
15	0.04904221772485527
16	0.038311291005789054
17	0.02951004847743211
18	0.02301501388431308
19	0.017602485056713888
20	0.013225396526568456
21	0.01040146844260366
22	0.008048195039299665
23	0.006165576316656469
24	0.004847743210806232
25	0.003812302913352473
26	0.0025415352755683157
27	0.001788487786511037
28	0.0012707676377841579
29	0.0008942438932555185
30	0.0006118510848590389
31	0.0004706546806607992
32	0.0003294582764625594
33	0.00018826187226431967
34	0.00014119640419823975
35	9.413093613215984e-05
38	4.706546806607992e-05
