1	1.0
2	0.5855435833678685
3	0.38611456462679006
4	0.2672330432380163
5	0.19057650688400793
6	0.13793341621770963
7	0.10118800939356265
8	0.07393977068655892
9	0.054761246949394486
10	0.0406939264170926
11	0.030367914536998664
12	0.02271262144863471
13	0.01699129714048902
14	0.013054289266473269
15	0.009796472809319888
16	0.007137265736519777
17	0.005191785237371644
18	0.003948519592945619
19	0.002947000046046876
20	0.002210250034535157
21	0.001646175806971497
22	0.0012547773633558963
23	0.0008748906386701663
24	0.000702214854722107
25	0.0005410507897039186
26	0.0004144218814753419
27	0.0002993046921766358
28	0.0002532578164571534
29	0.00017267578394805912
30	0.00011511718929870608
31	6.907031357922365e-05
32	4.6046875719482436e-05
33	3.4535156789611825e-05
34	2.3023437859741218e-05
36	1.1511718929870609e-05
