1	1.0
2	0.8113035551504102
3	0.6646698788904806
4	0.547792681338716
5	0.4540955853626774
6	0.3697095976038547
7	0.29997395494204976
8	0.24378174241437686
9	0.19904935538481572
10	0.16069800755306682
11	0.1295090506576377
12	0.09877588227633806
13	0.07676780830837349
14	0.06022919650996224
15	0.047792681338715975
16	0.03639796848547988
17	0.02806354994139862
18	0.020836046360203152
19	0.01543169683552546
20	0.01100403698398229
21	0.008008855319703086
22	0.006055475973434041
23	0.004036983982289361
24	0.0024742805052741243
25	0.001692928766766506
26	0.0012371402526370622
27	0.0006511264487563485
28	0.00039067586925380907
29	0.0002604505795025394
30	0.0001302252897512697
