1	1.0
2	0.3627362736273627
3	0.21842184218421842
4	0.15751575157515751
5	0.12841284128412842
6	0.10691069106910692
7	0.0931093109310931
8	0.08380838083808381
9	0.07700770077007701
10	0.0704070407040704
11	0.0658065806580658
12	0.0625062506250625
13	0.0594059405940594
14	0.056605660566056606
15	0.054305430543054305
16	0.052705270527052706
17	0.050405040504050404
18	0.0481048104810481
19	0.0464046404640464
20	0.04570457045704571
21	0.0444044404440444
22	0.043404340434043405
23	0.0427042704270427
24	0.041904190419041906
25	0.0408040804080408
26	0.040104010401040106
27	0.0392039203920392
28	0.03850385038503851
29	0.0374037403740374
30	0.037003700370037
31	0.036203620362036205
32	0.035803580358035804
33	0.0353035303530353
34	0.034503450345034506
36	0.034003400340034004
37	0.033903390339033904
38	0.0337033703370337
39	0.0331033103310331
40	0.033003300330033
41	0.032803280328032806
42	0.032403240324032405
43	0.032203220322032204
44	0.0316031603160316
45	0.031003100310031003
46	0.030703070307030702
47	0.0306030603060306
48	0.030303030303030304
49	0.029502950295029504
50	0.029302930293029304
51	0.029102910291029103
52	0.028902890289028902
53	0.028402840284028404
54	0.028202820282028203
55	0.028002800280028002
56	0.027602760276027604
57	0.027502750275027504
58	0.0269026902690269
59	0.026502650265026503
60	0.026102610261026102
61	0.026002600260026
62	0.025802580258025804
63	0.025402540254025403
64	0.025202520252025202
65	0.024802480248024804
67	0.024402440244024402
68	0.024302430243024302
69	0.0241024102410241
70	0.023902390239023904
71	0.023802380238023804
73	0.023702370237023703
74	0.023502350235023502
75	0.023402340234023402
76	0.0231023102310231
77	0.022902290229022904
78	0.022602260226022602
79	0.022502250225022502
80	0.0223022302230223
81	0.022002200220022004
85	0.0214021402140214
86	0.0213021302130213
87	0.0212021202120212
89	0.020902090209020903
90	0.020702070207020702
92	0.0205020502050205
93	0.0203020302030203
94	0.020202020202020204
95	0.020002000200020003
97	0.019801980198019802
98	0.0196019601960196
99	0.0194019401940194
100	0.018901890189018902
103	0.018801880188018802
104	0.0186018601860186
105	0.0184018401840184
107	0.018201820182018203
108	0.018101810181018103
109	0.018001800180018002
110	0.017901790179017902
111	0.0177017701770177
112	0.0176017601760176
115	0.0175017501750175
116	0.0169016901690169
117	0.0167016701670167
118	0.0165016501650165
119	0.016401640164016403
120	0.016301630163016303
121	0.016201620162016202
122	0.016101610161016102
123	0.016001600160016
124	0.0159015901590159
127	0.015601560156015602
129	0.015401540154015401
130	0.0153015301530153
131	0.015201520152015202
133	0.015101510151015102
135	0.014901490149014901
137	0.0144014401440144
138	0.014101410141014101
139	0.013801380138013802
141	0.013701370137013702
142	0.013601360136013601
144	0.0134013401340134
146	0.013201320132013201
149	0.012901290129012902
151	0.012801280128012802
153	0.012301230123012302
158	0.012201220122012201
163	0.0121012101210121
166	0.011901190119011902
168	0.011801180118011801
169	0.0116011601160116
170	0.011501150115011502
171	0.0112011201120112
172	0.011001100110011002
174	0.010901090109010901
177	0.010801080108010801
178	0.0106010601060106
180	0.010401040104010401
181	0.010301030103010301
185	0.0102010201020102
189	0.010101010101010102
190	0.009900990099009901
191	0.0098009800980098
194	0.0097009700970097
196	0.009400940094009401
199	0.0093009300930093
203	0.0092009200920092
204	0.009100910091009102
205	0.009000900090009001
206	0.0089008900890089
207	0.0088008800880088
208	0.008600860086008601
209	0.0084008400840084
211	0.0083008300830083
212	0.008200820082008202
213	0.008100810081008101
214	0.008000800080008
215	0.007700770077007701
218	0.007600760076007601
220	0.007500750075007501
222	0.007300730073007301
223	0.007100710071007101
225	0.006900690069006901
228	0.0067006700670067
231	0.006600660066006601
235	0.0065006500650065
236	0.006400640064006401
238	0.0063006300630063005
242	0.006200620062006201
243	0.006000600060006
245	0.005900590059005901
247	0.0058005800580058
250	0.0056005600560056
252	0.005500550055005501
257	0.0054005400540054005
262	0.0053005300530053
264	0.005200520052005201
265	0.0051005100510051
269	0.005000500050005001
271	0.0049004900490049
274	0.004800480048004801
275	0.0046004600460046
278	0.0044004400440044
279	0.004300430043004301
285	0.004100410041004101
286	0.004000400040004
287	0.0039003900390039005
288	0.0036003600360036
289	0.0035003500350035003
290	0.0034003400340034003
292	0.0033003300330033004
295	0.0032003200320032004
299	0.0031003100310031005
300	0.003000300030003
307	0.0028002800280028
313	0.0026002600260026003
315	0.0025002500250025004
320	0.0024002400240024004
324	0.0023002300230023
327	0.0022002200220022
328	0.002000200020002
338	0.0019001900190019003
354	0.0018001800180018
356	0.0017001700170017002
358	0.0016001600160016002
368	0.0015001500150015
370	0.0014001400140014
371	0.0013001300130013002
377	0.0012001200120012002
382	0.0011001100110011
388	0.001000100010001
396	0.0009000900090009
398	0.0008000800080008001
410	0.0007000700070007
427	0.0006000600060006001
432	0.0005000500050005
459	0.00040004000400040005
569	0.00030003000300030005
659	0.00020002000200020003
1069	0.00010001000100010001
