1	1.0
2	0.4484311838306064
3	0.26001924927815206
4	0.1758614051973051
5	0.13051010587102985
6	0.10121270452358036
7	0.08084696823869104
8	0.06779595765158807
9	0.058017324350336866
10	0.04939364773820982
11	0.04365736284889317
12	0.0378055822906641
13	0.03337824831568816
14	0.029759384023099134
15	0.026679499518768045
16	0.02383060635226179
17	0.02163618864292589
18	0.019326275264677575
19	0.01724735322425409
20	0.015476419634263714
21	0.014398460057747834
22	0.013089509143407122
23	0.012242540904716073
24	0.010895091434071223
25	0.009663137632338788
26	0.0087776708373436
27	0.008354186717998075
28	0.007661212704523581
29	0.006968238691049086
30	0.006275264677574591
31	0.00546679499518768
32	0.005120307988450433
33	0.004542829643888354
34	0.004234841193455245
35	0.003811357074109721
36	0.003426371511068335
37	0.003233878729547642
38	0.002925890279114533
39	0.00273339749759384
40	0.0023484119345524544
41	0.002001924927815207
42	0.001809432146294514
43	0.0015784408084696824
44	0.001424446583253128
45	0.001231953801732435
46	0.0011934552454282963
47	0.0010779595765158807
48	0.001039461020211742
49	0.0008854667949951876
50	0.0007314725697786333
51	0.0006544754571703561
52	0.0005774783445620789
53	0.0004234841193455245
55	0.00038498556304138594
56	0.00030798845043310876
57	0.00026948989412897017
58	0.00023099133782483156
60	0.00019249278152069297
62	0.00015399422521655438
63	0.00011549566891241578
65	7.699711260827719e-05
66	3.8498556304138595e-05
