1	1.0
2	0.8006126228807522
3	0.6446787291636985
4	0.5239350334805528
5	0.42178372987605073
6	0.3400769340361875
7	0.2710500071235219
8	0.22175523578857387
9	0.18172104288360166
10	0.14553355178800398
11	0.11611340646815786
12	0.09581136914090327
13	0.07814503490525716
14	0.06339934463598804
15	0.050648240490098306
16	0.03967801681151161
17	0.03177090753668614
18	0.02671320700954552
19	0.020871919076791565
20	0.016811511611340646
21	0.013605926770195184
22	0.011183929334663058
23	0.009616754523436386
24	0.007337227525288503
25	0.006126228807522439
26	0.0054138766206012255
27	0.0044165835589115255
28	0.003704231371990312
29	0.0027069383103006128
30	0.0021370565607636417
31	0.0019233509046872775
32	0.001638410029918792
33	0.0014247043738424277
34	0.0012109987177660636
35	0.0009972930616896994
38	0.0006411169682290924
39	0.0005698817495369711
41	0.0004986465308448497
43	0.0003561760934606069
45	0.00028494087476848553
46	0.00021370565607636415
47	0.00014247043738424277
55	7.123521869212138e-05
