1	1.0
2	0.8107495477430745
3	0.6608835901571457
4	0.542446764455875
5	0.44667727381704847
6	0.3676685338157407
7	0.3041999956408971
8	0.2516292147076132
9	0.2083651184586212
10	0.17194481375732873
11	0.1416490486257928
12	0.11684575314400296
13	0.09579128615330965
14	0.08001133366753123
15	0.06695582049214271
16	0.05599267670713367
17	0.04614110416076372
18	0.038163945859942025
19	0.03145092739914126
20	0.026372572524574443
21	0.02220962925829864
22	0.01802489047753972
23	0.01564917939887971
24	0.01320808177677034
25	0.011290076502255835
26	0.009393866742224451
27	0.007846385213922974
28	0.006756609489767006
29	0.005797606852509753
30	0.004773217671803143
31	0.003988579150410845
32	0.003356509230400384
33	0.002855212397288638
34	0.002397506593143131
35	0.0020051873324469826
36	0.0016128680717508337
37	0.0011769577820884463
38	0.0009154116082910137
39	0.0007410474924260587
40	0.0005884788910442231
41	0.0005012968331117456
42	0.0004141147751792681
43	0.0003269327172467906
44	0.0002615461737974325
46	0.0002397506593143131
47	0.00021795514483119373
48	0.00017436411586495499
49	0.0001525686013818356
50	0.00013077308689871624
52	0.00010897757241559687
57	6.538654344935812e-05
61	4.3591028966238747e-05
64	2.1795514483119373e-05
