1	1.0
2	0.6302234161850423
3	0.4381076784680033
4	0.31606057992088626
5	0.23122897386289418
6	0.16986038028811198
7	0.12661893553833073
8	0.0936425587499538
9	0.07121467917041492
10	0.05376529593710335
11	0.040702904533635655
12	0.031090956142404712
13	0.023327459364872027
14	0.017437060222553574
15	0.013037745381951718
16	0.009846085595632725
17	0.007159669250391256
18	0.0054221247335148924
19	0.004128208603926111
20	0.0031916597863189933
21	0.0023413720440177946
22	0.0017868365599083167
23	0.0012815931188307928
24	0.0009488718283651061
25	0.0007640266669952803
26	0.0005668584948674661
27	0.00043130537652959374
28	0.00038201333349764015
29	0.0003080752689497098
30	0.0002464602151597678
31	0.00022181419364379105
32	0.0001355531183378723
34	8.626107530591875e-05
35	6.161505378994195e-05
36	4.9292043031953565e-05
39	1.2323010757988391e-05
