1	1.0
2	0.5333485297469797
3	0.36726692500569863
4	0.28561659448370186
5	0.23697287440164122
6	0.20173239115568725
7	0.1762480054707089
8	0.15751082744472306
9	0.1426943241395031
10	0.13020287212217915
11	0.11994529291087304
12	0.11178481878276726
13	0.1042170047868703
14	0.09710508320036472
15	0.09131524960109415
16	0.08552541600182358
17	0.07941645771597904
18	0.07453840893549123
19	0.06906770002279462
20	0.06423524048324596
21	0.060268976521540917
22	0.05557328470480966
23	0.052017323911556876
24	0.04909961249145202
25	0.04586277638477319
26	0.04267152951903351
27	0.04011853202644176
28	0.037519945292910875
29	0.03514930476407568
30	0.03255071803054479
31	0.030453612947344427
32	0.027946204695691815
33	0.026122635058126283
34	0.0244814223843173
35	0.022703441987690906
36	0.021609300205151585
37	0.02005926601322088
38	0.019421016640072942
39	0.018782767266925005
40	0.01777980396626396
41	0.016868019147481195
42	0.015773877364941874
43	0.015363574196489628
44	0.014451789377706862
45	0.013813540004558924
46	0.012947344426715295
47	0.012582630499202187
48	0.012172327330749943
49	0.01194438112605425
50	0.011534077957602007
51	0.011306131752906314
52	0.010804650102575792
53	0.010257579211306132
54	0.009892865283793024
55	0.009528151356279917
56	0.009072258946888534
57	0.008570777296558012
58	0.008479598814679735
59	0.008160474128105766
60	0.00779576020059266
61	0.007567813995896969
62	0.007339867791201276
63	0.007066332345566446
64	0.006747207658992478
65	0.006564850695235924
66	0.006200136767722818
67	0.005789833599270572
68	0.005698655117392295
69	0.005333941189879189
70	0.005105994985183496
71	0.004650102575792113
72	0.00446774561203556
73	0.003966263961705038
74	0.0035559607932527924
75	0.003419193070435377
76	0.003373603829496239
77	0.003008889901983132
78	0.002644175974470025
79	0.0022794620469569183
80	0.001869158878504673
81	0.001641212673808981
82	0.0013220879872350125
83	0.0011397310234784591
84	0.0010485525416001824
85	0.0008661955778436289
86	0.0008206063369044905
87	0.0005926601322087988
88	0.0005470708912696604
89	0.00045589240939138365
90	0.00041030316845224525
92	0.00022794620469569182
93	0.0001367677228174151
96	9.117848187827673e-05
101	4.5589240939138365e-05
