1	1.0
2	0.5903573064590014
3	0.434780119102153
4	0.3420178653229501
5	0.2838410444342648
6	0.24221255153458543
7	0.21008932661475035
8	0.18483737975263398
9	0.1635936784241869
10	0.14549931287219423
11	0.1299816765918461
12	0.11709803023362346
13	0.10387081997251489
14	0.09270499312872195
15	0.0825698579935868
16	0.07249198350893266
17	0.06338754008245534
18	0.05600091617040769
19	0.049473202015574896
20	0.04254466330737517
21	0.03687585890975721
22	0.030290884104443427
23	0.025767292716445258
24	0.02044205222171324
25	0.015460375629867155
26	0.01168117269812185
27	0.009161704076958314
28	0.006871278057718736
29	0.004867155290884105
30	0.002805771873568484
31	0.0012024736601007789
32	0.0006298671552908841
33	0.00011452130096197893
