1	1.0
2	0.48003223044770105
3	0.32321095835221836
4	0.24651256483859596
5	0.20405902200735257
6	0.17510197915092915
7	0.15354786725084354
8	0.1378355239965755
9	0.12443974417082138
10	0.11567709120209498
11	0.10857632069295463
12	0.10182807070554464
13	0.09689278340131943
14	0.09311577781135116
15	0.08883517147605378
16	0.08525960618421716
17	0.08228836178677544
18	0.07971999798559702
19	0.07730271440801732
20	0.07528831142670091
21	0.07297174799818704
22	0.07141058568766681
23	0.06954726292994913
24	0.06843934129022511
25	0.0669285390542378
26	0.0659716976381125
27	0.06486377599838848
28	0.06380621443319737
29	0.06279901294253916
30	0.06194289167547968
31	0.06083497003575565
32	0.06002920884322909
33	0.059022007352570884
34	0.0581155260109785
35	0.057460845042050665
36	0.056705443924057006
37	0.05595004280606335
38	0.05554716220980007
39	0.05489248124087224
40	0.05464068086820768
41	0.054288160346477314
42	0.05383491967568112
43	0.053079518557687465
44	0.052525557737825454
45	0.05202195699249635
46	0.051518356247167246
47	0.05116583572543688
48	0.05071259505464068
49	0.050208994309311576
50	0.049906833862114114
51	0.0493528730422521
52	0.04894999244598882
53	0.04874855214785718
54	0.048446391700659716
55	0.047993151029863526
56	0.04759027043360024
57	0.04718738983733696
58	0.0468852293901395
59	0.04663342901747495
60	0.046129828272145845
61	0.04572694767588256
62	0.0454247872286851
63	0.04532406707961928
64	0.04512262678148764
65	0.044921186483355996
66	0.044820466334290175
67	0.044619026036158534
68	0.04431686558896107
69	0.04411542529082943
70	0.04386362491816488
71	0.04376290476909906
72	0.043611824545500326
73	0.04336002417283578
74	0.04310822380017122
75	0.0430075036511054
76	0.04290678350203958
77	0.04265498312937503
78	0.04245354283124339
79	0.04215138238404593
80	0.04189958201138138
81	0.041547061489651003
82	0.04124490104245354
83	0.04114418089338772
84	0.04094274059525608
85	0.04089238052072317
86	0.040439139849926975
87	0.04028805962632825
88	0.040086619328196606
89	0.03983481895553206
90	0.03968373873193332
91	0.039532658508334595
92	0.03938157828473586
93	0.03902905776300549
94	0.038777257390340936
95	0.03862617716674221
96	0.038223296570478925
97	0.03807221634688019
98	0.03792113612328146
99	0.037770055899682735
100	0.037618975676084
101	0.03746789545248527
102	0.03721609507982072
103	0.03706501485622199
104	0.03696429470715617
105	0.036813214483557434
106	0.03651105403635997
107	0.036359973812761244
108	0.03625925366369542
109	0.0361585335146296
110	0.03610817344009669
111	0.03600745329103087
112	0.035806012992899226
114	0.03555421262023468
115	0.035352772322103036
116	0.035151332023971395
117	0.03494989172583975
118	0.034798811502241025
119	0.034698091353175205
120	0.034597371204109384
121	0.03449665105504356
122	0.03434557083144483
123	0.0341944906078461
124	0.033942690235181545
125	0.033741249937049904
126	0.03364052978798408
127	0.033489449564385355
128	0.033388729415319535
129	0.033288009266253714
130	0.03318728911718789
131	0.033136929042654986
132	0.03308656896812207
133	0.03288512866999043
134	0.03268368837185879
135	0.03263332829732588
136	0.03253260814826006
137	0.03248224807372715
138	0.03212972755199678
139	0.031827567104799316
140	0.0317772070302664
141	0.031626126806667675
142	0.03157576673213476
144	0.03137432643400312
145	0.0312736062849373
146	0.03112252606133857
147	0.03097144583773984
148	0.03092108576320693
149	0.03087072568867402
150	0.030669285390542377
151	0.030467845092410736
152	0.030417485017877825
153	0.030165684645213273
154	0.030115324570680363
155	0.030014604421614546
156	0.029964244347081635
157	0.029813164123482904
158	0.029611723825351263
159	0.02941028352721962
160	0.02910812308002216
162	0.028957042856423428
163	0.028906682781890517
164	0.028805962632824696
165	0.028554162260160144
166	0.028403082036561413
167	0.028252001812962682
168	0.02810092158936395
169	0.02800020144029813
170	0.02789948129123231
171	0.027798761142166492
172	0.02759732084403485
175	0.02744624062043612
176	0.0273455204713703
177	0.027194440247771567
178	0.026992999949639926
179	0.026741199576975374
180	0.026539759278843732
181	0.026388679055245
182	0.02628795890617918
183	0.02603615853351463
184	0.025885078309915897
185	0.025733998086317166
186	0.02558291786271844
187	0.025431837639119707
188	0.025180037266455155
190	0.025028957042856424
191	0.024726796595658962
192	0.02457571637206023
193	0.02447499622299441
194	0.0244246361484615
195	0.02432391599939568
196	0.024172835775796948
197	0.024072115626731127
198	0.023870675328599485
199	0.023769955179533665
200	0.023568514881402023
201	0.023518154806869113
202	0.023467794732336202
203	0.023266354434204564
204	0.023115274210605833
205	0.023014554061540012
206	0.02281311376340837
207	0.02276275368887546
208	0.02271239361434255
209	0.02266203353980964
210	0.022460593241677998
211	0.022309513018079267
212	0.022057712645414715
213	0.022007352570881804
214	0.021906632421815984
215	0.021755552198217253
216	0.0215037518255527
218	0.02140303167648688
219	0.02135267160195397
220	0.02120159137835524
221	0.02110087122928942
222	0.0210001510802236
224	0.02089943093115778
226	0.02074835070755905
227	0.020546910409427407
228	0.020446190260361586
229	0.020345470111295765
230	0.020144029813164124
231	0.020043309664098303
232	0.01974114921690084
235	0.01969078914236793
236	0.01959006899330211
237	0.01948934884423629
238	0.019388628695170468
239	0.019287908546104647
240	0.019086468247973006
241	0.018935388024374274
242	0.018733947726242636
243	0.018633227577176815
244	0.018532507428110995
245	0.018482147353578084
246	0.018230346980913532
247	0.01812962683184771
248	0.0180792667573148
249	0.01787782645918316
250	0.01772674623558443
251	0.017626026086518608
252	0.017575666011985697
253	0.017474945862919877
255	0.017172785415722414
256	0.017072065266656593
257	0.017021705192123683
258	0.016920985043057862
259	0.016870624968524952
260	0.01682026489399204
261	0.01676990481945913
264	0.016518104446794583
265	0.016417384297728762
266	0.01621594399959712
267	0.015863423477866748
268	0.015813063403333837
269	0.015661983179735106
271	0.015561263030669285
272	0.015460542881603465
273	0.015309462658004733
274	0.015208742508938913
275	0.015108022359873092
276	0.014856221987208542
277	0.014805861912675631
278	0.01470514176360981
279	0.01455406154001108
280	0.014402981316412348
281	0.014050460794681975
282	0.014000100720149065
283	0.013899380571083246
284	0.013849020496550336
285	0.013647580198418694
286	0.013546860049352873
287	0.013295059676688321
288	0.01314397945308959
290	0.01309361937855668
291	0.01304325930402377
292	0.012892179080425038
293	0.012690738782293398
294	0.012338218260563026
295	0.012136777962431384
296	0.011935337664299743
297	0.011884977589766832
298	0.011834617515233922
299	0.011683537291635192
300	0.01143173691897064
301	0.01128065669537191
302	0.011028856322707357
303	0.010928136173641537
305	0.010877776099108626
306	0.010625975726444074
308	0.010575615651911166
310	0.010424535428312435
312	0.010374175353779524
313	0.010323815279246614
314	0.010072014906582062
315	0.00992093468298333
316	0.00987057460845042
317	0.00982021453391751
319	0.009669134310318779
320	0.009568414161252958
321	0.009266253714055497
322	0.009165533564989677
323	0.009064813415923856
324	0.008964093266858035
326	0.008813013043259304
328	0.008611572745127662
329	0.008561212670594752
331	0.00835977237246311
332	0.008259052223397291
333	0.00815833207433147
334	0.00805761192526565
335	0.007856171627134008
336	0.007805811552601098
337	0.0077554514780681875
338	0.007654731329002367
339	0.007402930956337816
341	0.007100770509140353
342	0.0070000503600745325
343	0.006949690285541623
344	0.006848970136475802
347	0.006697889912877071
349	0.006647529838344161
350	0.00659716976381125
351	0.00654680968927834
352	0.0064964496147454295
353	0.006446089540212519
354	0.00639572946567961
355	0.006345369391146699
356	0.006194289167547968
360	0.006143929093015058
362	0.006093569018482147
365	0.006043208943949237
366	0.0059928488694163265
367	0.005791408571284686
370	0.0057410484967517755
371	0.005690688422218865
372	0.005539608198620134
373	0.0054892481240872235
374	0.005438888049554313
375	0.005388527975021403
376	0.005338167900488492
377	0.0052374477514226725
378	0.005187087676889762
379	0.005036007453291031
380	0.00493528730422521
381	0.0048849272296923
382	0.004834567155159389
383	0.004784207080626479
384	0.004633126857027749
385	0.0044820466334290175
386	0.004431686558896107
388	0.004381326484363197
389	0.004330966409830286
390	0.004230246260764466
391	0.004179886186231555
394	0.004129526111698646
395	0.004028805962632825
397	0.0039784458880999145
400	0.003928085813567004
402	0.0038777257390340937
403	0.0038273656645011834
407	0.0036762854409024526
408	0.003575565291836632
409	0.0033741249937049907
411	0.0033237649191720803
412	0.00327340484463917
413	0.0032230447701062596
414	0.003071964546507529
415	0.002920884322908798
416	0.0028705242483758877
417	0.0028201641738429773
420	0.002769804099310067
421	0.0027194440247771566
422	0.002669083950244246
424	0.002568363801178426
426	0.002467643652112605
428	0.0023669235030467843
430	0.0023165634285138743
432	0.002266203353980964
433	0.0022158432794480536
434	0.002115123130382233
435	0.002064763055849323
436	0.0020144029813164125
438	0.0019136828322505917
439	0.0018633227577176815
445	0.0018129626831847711
447	0.0017122425341189506
450	0.0016618824595860402
451	0.0016115223850531298
452	0.0015108022359873092
453	0.0014100820869214887
457	0.0013597220123885783
458	0.0013093619378556681
460	0.0012590018633227577
461	0.0012086417887898473
465	0.0011582817142569372
467	0.0010575615651911164
468	0.0009568414161252958
473	0.0009064813415923856
476	0.0008057611925265649
477	0.0007554011179936546
479	0.0007050410434607443
489	0.0006546809689278341
492	0.0006043208943949237
495	0.0005539608198620134
497	0.0005036007453291031
501	0.0004532406707961928
505	0.00040288059626328245
516	0.00035252052173037217
524	0.00025180037266455156
535	0.00020144029813164122
538	0.00015108022359873092
565	0.00010072014906582061
567	5.0360074532910306e-05
