1	1.0
2	0.7975674873924652
3	0.6322456244437852
4	0.4999110056363097
5	0.39252447345001484
6	0.3086027884900623
7	0.2382082468110353
8	0.18418866805102344
9	0.14212399881340848
10	0.10783150400474636
11	0.08392168495995253
12	0.06440225452388015
13	0.05028181548501928
14	0.03823791159893207
15	0.029338475229902107
16	0.021714624740433106
17	0.01679026994956986
18	0.012993177098783743
19	0.009878374369623258
20	0.007089884307327203
21	0.004894690002966479
22	0.0036487689113022842
23	0.0030554731533669536
24	0.002195194304360724
25	0.0013942450311480272
26	0.0008009492732126965
27	0.0006526253337288639
28	0.00047463660634826463
29	0.0002966478789676654
31	0.00020765351527736578
32	0.0001483239394838327
33	5.932957579353308e-05
