1	1.0
2	0.49794106480535033
3	0.32055138576560266
4	0.2329955316725563
5	0.18112788762010457
6	0.14806810548757338
7	0.12403259250605998
8	0.10700622061271575
9	0.09339680499985398
10	0.08402207879442773
11	0.0761075903157034
12	0.06965333956368097
13	0.06407523144767968
14	0.05908121842235916
15	0.05475891475132152
16	0.050962296661896556
17	0.04824625449023101
18	0.045559417073099504
19	0.04325224146491049
20	0.0414999561928682
21	0.03998130895709821
22	0.038375047457726116
23	0.037002423994626325
24	0.0356005957769925
25	0.03419876755935866
26	0.033088986887065214
27	0.03192079670570369
28	0.031044654069682546
29	0.029934873397389095
30	0.029146345024970065
31	0.028328611898016998
32	0.027598493034666043
33	0.026955988434917203
34	0.026196664817032214
35	0.02532052218101107
36	0.024444379544989923
37	0.02359744166350282
38	0.022925732309219942
39	0.022429251482141293
40	0.021991180164130722
41	0.021494699337052073
42	0.0210566280190415
43	0.02058935194649689
44	0.02015128062848632
45	0.01965479980140767
46	0.019099909465260946
47	0.01866183814725037
48	0.018282176338307875
49	0.01778569551122923
50	0.017406033702286734
51	0.01714319091148039
52	0.016705119593469816
53	0.01635466253906136
54	0.015945795975584827
55	0.015536929412108292
56	0.015303291375835986
57	0.014952834321427529
58	0.014719196285155223
59	0.014281124967144652
60	0.013872258403668116
61	0.013463391840191583
62	0.013229753803919279
63	0.012850091994976783
64	0.0125580444496364
65	0.012382815922432172
66	0.0119447446044216
67	0.011565082795479104
68	0.01130224000467276
69	0.010922578195730264
70	0.010630530650389883
71	0.010250868841447387
72	0.010017230805175083
73	0.009520749978096434
74	0.009228702432756053
75	0.008673812096609328
76	0.008469378814871061
77	0.008294150287666831
78	0.00800210274232645
79	0.007651645687917993
80	0.007418007651645688
81	0.007125960106305306
82	0.006746298297362811
83	0.006366636488420315
84	0.006045384188545895
85	0.0056365176250693615
86	0.005256855816126865
87	0.0049356035162524455
88	0.004731170234514179
89	0.004380713180105722
90	0.004147075143833416
91	0.003971846616629187
92	0.003562980053152653
93	0.0032709325078122717
94	0.003124908735142081
95	0.0030080897170059284
96	0.0026284279080634326
97	0.00251160888992728
98	0.002277970853654975
99	0.0019275137992465173
100	0.0018106947811103648
101	0.0016062614993720978
102	0.0014310329721678688
103	0.0011973949358955638
104	0.001022166408691335
105	0.0009345521450892205
106	0.0008469378814871062
107	0.0006717093542828773
108	0.0005548903361467247
109	0.0005256855816126865
110	0.00037966180894249583
111	0.0003212522998744196
112	0.00020443328173826698
113	8.761426360211443e-05
