1	1.0
2	0.473695699628902
3	0.2746437147223002
4	0.176692549973493
5	0.12402157981725762
6	0.09424018461346556
7	0.0737518321015374
8	0.05881435743911186
9	0.04811800293136246
10	0.03919917672373468
11	0.03339882121807466
12	0.028939408114260767
13	0.02544672092805688
14	0.022421804347148157
15	0.01970873483643621
16	0.01755699005207846
17	0.01552998409579942
18	0.014095487572894253
19	0.012567436928930052
20	0.011101755699005207
21	0.009916736832257462
22	0.009230673277824555
23	0.007983284997037453
24	0.006704712009230673
25	0.005613247263541959
26	0.004927183709109053
27	0.004272304861695824
28	0.0037733495493809835
29	0.0032120248230267877
30	0.0025883306826332366
31	0.002245298905416784
32	0.0019646365422396855
33	0.001465681229924845
34	0.0011538341597280694
35	0.000904356503570649
36	0.0007796176754919388
37	0.0007172482614525836
38	0.000623694140393551
39	0.0004989553123148408
40	0.0003118470701967755
41	0.00021829294913774285
42	0.00015592353509838775
43	0.0001247388280787102
44	9.355412105903265e-05
45	6.23694140393551e-05
46	3.118470701967755e-05
