1	1.0
2	0.4320650938679031
3	0.26101186417564437
4	0.18596299831810537
5	0.14396108914041547
6	0.11700531842356471
7	0.10045911177780809
8	0.08786763034683395
9	0.07791263239238147
10	0.0708214009727715
11	0.06404836583481067
12	0.05863902904677485
13	0.05472976044365653
14	0.05100231828719487
15	0.04868403109232238
16	0.04604754761580072
17	0.044092913314241554
18	0.0421382790126824
19	0.04059275421610073
20	0.03877448974953407
21	0.037774444292922406
22	0.03695622528296741
23	0.03545615709804991
24	0.03413791535978908
25	0.033410609573162414
26	0.03304695667984908
27	0.03241056411655075
28	0.03177417155325242
29	0.03113777898995409
30	0.03022864675667076
31	0.029592254193372428
32	0.028955861630074093
33	0.028319469066775762
34	0.02781944633846993
35	0.0273194236101641
36	0.026683031046865768
37	0.026183008318559936
38	0.0256829855902541
39	0.025137506250284103
40	0.024864766580299104
41	0.024501113686985772
42	0.024092004182008273
43	0.023546524842038275
44	0.02336469839538161
45	0.023046502113732444
46	0.022773762443747445
47	0.022455566162098275
48	0.02186463021046411
49	0.02172826037547161
50	0.021410064093822446
51	0.021137324423837447
52	0.020910041365516614
53	0.02081912814218828
54	0.02068275830719578
55	0.020364562025546616
56	0.020137278967225784
57	0.020000909132233284
58	0.019728169462248285
59	0.019637256238919952
60	0.019500886403927453
61	0.019228146733942453
62	0.01913723351061412
63	0.01895540706395745
64	0.018773580617300785
65	0.018682667393972452
66	0.01859175417064412
67	0.018228101277330787
68	0.018091731442338287
69	0.01790990499568162
70	0.017728078549024955
71	0.017500795490704123
72	0.017364425655711623
73	0.017182599209054957
74	0.017091685985726624
75	0.01700077276239829
76	0.016728033092413292
77	0.016682576480749126
78	0.016546206645756626
79	0.016409836810764127
80	0.016273466975771627
81	0.016182553752443294
82	0.01609164052911496
83	0.015909814082458295
84	0.015682531024137462
86	0.015591617800809128
87	0.015500704577480795
88	0.015364334742488295
90	0.01504613846083913
91	0.014955225237510797
92	0.014864312014182464
93	0.01477339879085413
94	0.014727942179189964
95	0.014682485567525796
96	0.014546115732533296
97	0.01450065912086913
98	0.01436428928587663
99	0.01422791945088413
100	0.014182462839219964
101	0.014137006227555798
102	0.014091549615891631
103	0.013909723169234965
106	0.013864266557570799
108	0.013818809945906632
109	0.013773353334242466
111	0.013546070275921633
112	0.0134551570525933
113	0.0133187872176008
114	0.013136960770944135
115	0.013046047547615802
116	0.013000590935951635
117	0.012955134324287467
120	0.0129096777126233
122	0.0127733078776308
123	0.012682394654302468
124	0.012636938042638301
128	0.012591481430974135
130	0.012455111595981635
132	0.012227828537660803
134	0.01213691531433247
136	0.012091458702668303
137	0.011955088867675804
138	0.011818719032683304
139	0.011773262421019138
140	0.011727805809354971
141	0.011682349197690805
142	0.011636892586026638
143	0.011545979362698305
144	0.011500522751034139
145	0.011455066139369972
147	0.011409609527705806
149	0.011318696304377472
150	0.011273239692713306
152	0.011227783081049138
153	0.011182326469384971
154	0.011136869857720805
158	0.011045956634392472
159	0.010955043411064139
160	0.010909586799399972
161	0.010864130187735806
162	0.010773216964407473
163	0.010727760352743306
165	0.01068230374107914
166	0.010636847129414973
167	0.010591390517750807
168	0.01054593390608664
170	0.010500477294422474
171	0.010455020682758307
172	0.01040956407109414
174	0.010318650847765808
175	0.010273194236101641
178	0.010227737624437475
180	0.010182281012773308
181	0.010091367789444975
183	0.010045911177780809
184	0.010000454566116642
190	0.009954997954452476
191	0.009864084731124143
192	0.009818628119459976
193	0.009727714896131643
194	0.009682258284467476
195	0.00963680167280331
196	0.009591345061139143
197	0.009545888449474977
198	0.009500431837810809
199	0.009454975226146642
200	0.00936406200281831
201	0.009318605391154143
203	0.009273148779489976
204	0.00922769216782581
205	0.009182235556161643
206	0.00909132233283331
207	0.00895495249784081
208	0.008909495886176644
211	0.008864039274512478
213	0.008773126051184145
218	0.008727669439519978
220	0.008682212827855812
222	0.008591299604527479
223	0.008500386381199146
224	0.008409473157870813
226	0.008364016546206646
227	0.00831855993454248
229	0.008227646711214147
230	0.00818219009954998
231	0.008136733487885814
232	0.008091276876221647
234	0.008000363652893314
236	0.007863993817900814
242	0.007818537206236648
243	0.007773080594572481
244	0.007727623982908314
246	0.0076821673712441476
249	0.007636710759579981
250	0.0075912541479158145
251	0.007545797536251648
252	0.0075003409245874815
253	0.007454884312923315
255	0.0074094277012591485
259	0.007363971089594982
262	0.007318514477930815
263	0.007273057866266648
266	0.007182144642938315
268	0.007136688031274149
270	0.007091231419609982
274	0.007045774807945816
275	0.007000318196281649
277	0.006954861584617483
279	0.006909404972953316
280	0.0068639483612891496
283	0.0067730351379608165
286	0.00672757852629665
287	0.0065912086913041505
288	0.006545752079639984
293	0.00645483885631165
294	0.006363925632983317
295	0.006273012409654984
297	0.006227555797990818
299	0.006136642574662485
303	0.0060457293513341516
307	0.006000272739669985
308	0.0059548161280058185
309	0.0058639029046774855
310	0.005818446293013319
316	0.005727533069684986
322	0.0056820764580208195
323	0.005636619846356653
328	0.005591163234692486
329	0.005545706623028319
331	0.005500250011364153
334	0.00540933678803582
338	0.005363880176371653
347	0.005318423564707487
350	0.00527296695304332
351	0.0052275103413791536
352	0.005182053729714987
354	0.0051365971180508205
355	0.005091140506386654
356	0.0050456838947224875
358	0.0049547706713941545
362	0.004909314059729988
371	0.0048638574480658215
372	0.0047729442247374885
373	0.004727487613073321
374	0.004545661166416655
377	0.004500204554752489
381	0.004454747943088322
385	0.0044092913314241556
386	0.004363834719759989
389	0.0042274648847674895
392	0.004182008273103323
393	0.0041365516614391565
394	0.00409109504977499
395	0.004000181826446657
397	0.0039547252147824905
398	0.003909268603118324
403	0.003863811991454157
404	0.0038183553797899905
405	0.003772898768125824
407	0.0037274421564616575
408	0.003636528933133324
413	0.003545615709804991
415	0.003454702486476658
418	0.0034092458748124915
419	0.0033183326514841585
420	0.003272876039819992
421	0.003227419428155825
422	0.0031819628164916586
424	0.003136506204827492
425	0.003045592981499159
426	0.0030001363698349925
429	0.002954679758170826
430	0.0029092231465066595
431	0.002863766534842493
437	0.0028183099231783265
439	0.0027728533115141596
444	0.002727396699849993
445	0.0026819400881858265
447	0.00263648347652166
449	0.0025910268648574935
450	0.0025001136415291605
452	0.002454657029864994
453	0.0024092004182008275
454	0.002318287194872494
458	0.0022728305832083275
459	0.002227373971544161
460	0.0021819173598799945
463	0.002136460748215828
469	0.0020910041365516615
473	0.002045547524887495
474	0.0020000909132233285
477	0.001954634301559162
480	0.0019091776898949953
483	0.0018637210782308288
484	0.0017728078549024955
488	0.001727351243238329
492	0.0016818946315741625
493	0.001636438019909996
494	0.0015909814082458293
498	0.0015000681849174963
502	0.0014546115732533298
505	0.0014091549615891632
508	0.0013636983499249965
512	0.00131824173826083
521	0.0012727851265966635
522	0.0011818719032683303
524	0.0011364152916041638
525	0.0010909586799399973
528	0.0010455020682758308
530	0.0010000454566116642
533	0.0009545888449474976
534	0.000909132233283331
537	0.0008636756216191645
543	0.000818219009954998
549	0.0007727623982908314
551	0.0007273057866266649
555	0.0006818491749624983
557	0.0006363925632983318
558	0.0005909359516341651
562	0.0005454793399699986
565	0.0005000227283058321
569	0.0004545661166416655
576	0.000409109504977499
595	0.0003181962816491659
612	0.00022728305832083275
618	0.00018182644665666622
621	0.00013636983499249966
626	9.091322332833311e-05
658	4.5456611664166555e-05
