1	1.0
2	0.5475924477711988
3	0.38185677577924254
4	0.29477153390682603
5	0.23896771310468104
6	0.20344095631772988
7	0.174170483744833
8	0.15227348899564294
9	0.13383979443637584
10	0.11892525974751425
11	0.10758574460954083
12	0.09758686180315049
13	0.08948720813316947
14	0.08295162551670204
15	0.0761926041783041
16	0.0695453022008714
17	0.06373589543067813
18	0.0592112613115853
19	0.05608311920455815
20	0.05206122220980896
21	0.04753658809071612
22	0.043905708859345326
23	0.04066584739135292
24	0.0375935649648084
25	0.035191598704055416
26	0.03290135180426768
27	0.029996648419171042
28	0.027594682158418055
29	0.02524857557814769
30	0.022846609317394705
31	0.02128253826388113
32	0.018824712322645515
33	0.016869623505753547
34	0.015528991174170484
35	0.014411797564517931
36	0.013350463635348005
37	0.012177410345212825
38	0.01133951513797341
39	0.010278181208803486
40	0.009496145682046698
41	0.008602390794324656
42	0.00826723271142889
43	0.007596916545637359
44	0.006647301977432689
45	0.00592112613115853
46	0.005139090604401743
47	0.004301195397162328
48	0.003686738911853424
49	0.00307228242654452
50	0.002457825941235616
51	0.0019550888168919675
52	0.0014523516925483186
53	0.0007261758462741593
54	0.00033515808289576583
55	0.00011171936096525528
