1	0.19886052038267016
2	0.15815611480104808
3	0.12796295167875205
4	0.10322344768752666
5	0.08503442812747547
6	0.06608372433124124
7	0.053104624946682104
8	0.042593382487356043
9	0.03439766010602645
10	0.026537078788617392
11	0.020900615440862837
12	0.017732009018341356
13	0.013771250990189507
14	0.011181524587167145
15	0.007647309731277802
16	0.0062762781061483155
17	0.005301322283834013
18	0.004570105417098288
19	0.0032295411614161234
20	0.002589726403022363
21	0.002285052708549144
22	0.0015538358418134177
23	0.001492901102918774
24	0.0009140210834196576
25	0.0008530863445250137
26	0.0007616842361830479
27	0.0006093473889464384
28	0.0004570105417098288
29	0.0005484126500517945
30	0.00021327158613125343
31	0.00042654317226250687
32	0.00027420632502589724
33	6.093473889464384e-05
34	0.0001523368472366096
35	0.00012186947778928768
36	3.046736944732192e-05
37	3.046736944732192e-05
42	3.046736944732192e-05
45	3.046736944732192e-05
