1	0.4666514702530203
2	0.16608160474128106
3	0.08165033052199681
4	0.04864372008206063
5	0.035240483245953955
6	0.025484385684978347
7	0.018737178025985866
8	0.014816503305219967
9	0.012491452017323912
10	0.010257579211306132
11	0.008160474128105766
12	0.007567813995896969
13	0.007111921586505585
14	0.005789833599270572
15	0.005789833599270572
16	0.006108958285844541
17	0.004878048780487805
18	0.0054707089126966035
19	0.004832459539548667
20	0.003966263961705038
21	0.004695691816731251
22	0.0035559607932527924
23	0.0029177114201048553
24	0.0032368361066788236
25	0.0031912468657396852
26	0.002552997492591748
27	0.0025985867335308866
28	0.002370640528835195
29	0.0025985867335308866
30	0.0020971050832003647
31	0.00250740825165261
32	0.0018235696375655346
33	0.001641212673808981
34	0.0017779803966263962
35	0.0010941417825393207
36	0.0015500341919307044
37	0.000638249373147937
38	0.000638249373147937
39	0.001002963300661044
40	0.0009117848187827673
41	0.0010941417825393207
42	0.00041030316845224525
43	0.0009117848187827673
44	0.000638249373147937
45	0.0008661955778436289
46	0.0003647139275131069
47	0.00041030316845224525
48	0.00022794620469569182
49	0.00041030316845224525
50	0.00022794620469569182
51	0.000501481650330522
52	0.0005470708912696604
53	0.0003647139275131069
54	0.0003647139275131069
55	0.00045589240939138365
56	0.000501481650330522
57	9.117848187827673e-05
58	0.0003191246865739685
59	0.0003647139275131069
60	0.00022794620469569182
61	0.00022794620469569182
62	0.0002735354456348302
63	0.0003191246865739685
64	0.00018235696375655346
65	0.0003647139275131069
66	0.00041030316845224525
67	9.117848187827673e-05
68	0.0003647139275131069
69	0.00022794620469569182
70	0.00045589240939138365
71	0.00018235696375655346
72	0.000501481650330522
73	0.00041030316845224525
74	0.0001367677228174151
75	4.5589240939138365e-05
76	0.0003647139275131069
77	0.0003647139275131069
78	0.0003647139275131069
79	0.00041030316845224525
80	0.00022794620469569182
81	0.0003191246865739685
82	0.00018235696375655346
83	9.117848187827673e-05
84	0.00018235696375655346
85	4.5589240939138365e-05
86	0.00022794620469569182
87	4.5589240939138365e-05
88	9.117848187827673e-05
89	4.5589240939138365e-05
90	0.00018235696375655346
92	9.117848187827673e-05
93	4.5589240939138365e-05
96	4.5589240939138365e-05
101	4.5589240939138365e-05
