1	0.5020589351946497
2	0.17738967903974767
3	0.08755585409304635
4	0.05186764405245174
5	0.033059782132531176
6	0.02403551298151339
7	0.017026371893344237
8	0.013609415612861773
9	0.009374726205426244
10	0.007914488478724337
11	0.0064542507520224295
12	0.005578108116001285
13	0.004994013025320522
14	0.004322303671037645
15	0.003796618089424958
16	0.0027160421716655473
17	0.002686837417131509
18	0.0023071756081890133
19	0.0017522852720422886
20	0.0015186472357699833
21	0.0016062614993720978
22	0.0013726234630997926
23	0.0014018282176338308
24	0.0014018282176338308
25	0.0011097806722934493
26	0.0011681901813615256
27	0.0008761426360211443
28	0.0011097806722934493
29	0.0007885283724190298
30	0.0008177331269530679
31	0.0007301188633509535
32	0.0006425045997488391
33	0.0007593236178849917
34	0.0008761426360211443
35	0.0008761426360211443
36	0.0008469378814871062
37	0.0006717093542828773
38	0.0004964808270786484
39	0.00043807131801057214
40	0.0004964808270786484
41	0.00043807131801057214
42	0.00046727607254461027
43	0.00043807131801057214
44	0.0004964808270786484
45	0.0005548903361467247
46	0.00043807131801057214
47	0.00037966180894249583
48	0.0004964808270786484
49	0.00037966180894249583
50	0.00026284279080634326
51	0.00043807131801057214
52	0.0003504570544084577
53	0.00040886656347653396
54	0.00040886656347653396
55	0.00023363803627230513
56	0.0003504570544084577
57	0.00023363803627230513
58	0.00043807131801057214
59	0.00040886656347653396
60	0.00040886656347653396
61	0.00023363803627230513
62	0.00037966180894249583
63	0.0002920475453403814
64	0.00017522852720422885
65	0.00043807131801057214
66	0.00037966180894249583
67	0.00026284279080634326
68	0.00037966180894249583
69	0.0002920475453403814
70	0.00037966180894249583
71	0.00023363803627230513
72	0.0004964808270786484
73	0.0002920475453403814
74	0.0005548903361467247
75	0.00020443328173826698
76	0.00017522852720422885
77	0.0002920475453403814
78	0.0003504570544084577
79	0.00023363803627230513
80	0.0002920475453403814
81	0.00037966180894249583
82	0.00037966180894249583
83	0.0003212522998744196
84	0.00040886656347653396
85	0.00037966180894249583
86	0.0003212522998744196
87	0.00020443328173826698
88	0.0003504570544084577
89	0.00023363803627230513
90	0.00017522852720422885
91	0.00040886656347653396
92	0.0002920475453403814
93	0.0001460237726701907
94	0.00011681901813615257
95	0.00037966180894249583
96	0.00011681901813615257
97	0.00023363803627230513
98	0.0003504570544084577
99	0.00011681901813615257
100	0.00020443328173826698
101	0.00017522852720422885
102	0.00023363803627230513
103	0.00017522852720422885
104	8.761426360211443e-05
105	8.761426360211443e-05
106	0.00017522852720422885
107	0.00011681901813615257
108	2.9204754534038142e-05
109	0.0001460237726701907
110	5.8409509068076284e-05
111	0.00011681901813615257
112	0.00011681901813615257
113	8.761426360211443e-05
