1	0.20243251260753486
2	0.16532186294867993
3	0.13233461880747552
4	0.10738653218629486
5	0.08392168495995253
6	0.07039454167902699
7	0.054019578760011865
8	0.042064669237614954
9	0.034292494808662116
10	0.02390981904479383
11	0.01951943043607238
12	0.014120439038860871
13	0.012043903886087214
14	0.008899436369029961
15	0.007623850489469001
16	0.004924354790863245
17	0.003797092850786117
18	0.0031148027291604866
19	0.0027884900622960544
20	0.002195194304360724
21	0.0012459210916641946
22	0.0005932957579353308
23	0.0008602788490062296
24	0.0008009492732126965
25	0.0005932957579353308
26	0.0001483239394838327
27	0.00017798872738059924
28	0.00017798872738059924
29	8.899436369029962e-05
31	5.932957579353308e-05
32	8.899436369029962e-05
33	5.932957579353308e-05
