1	0.18925045225692552
2	0.14986595758592883
3	0.11843682570127068
4	0.09576949063882653
5	0.07900874000130773
6	0.06346853817484362
7	0.05257078093328393
8	0.04326409624899196
9	0.036420304701292476
10	0.03029576513153593
11	0.024803295481789847
12	0.021054466990693316
13	0.015779952485778428
14	0.013055513175388505
15	0.010963143785009045
16	0.009851572546369957
17	0.00797715830082169
18	0.006713018460800768
19	0.005078354874566814
20	0.0041629432662758006
21	0.00418473878075892
22	0.0023757110786600116
23	0.00244109762210937
24	0.0019180052745145048
25	0.0018962097600313855
26	0.0015474815283014756
27	0.0010897757241559688
28	0.0009590026372572524
29	0.0010243891807066106
30	0.0007846385213922974
31	0.0006320699200104619
32	0.0005012968331117456
33	0.00045770580414550684
34	0.0003923192606961487
35	0.0003923192606961487
36	0.00043591028966238747
37	0.0002615461737974325
38	0.00017436411586495499
39	0.0001525686013818356
40	8.718205793247749e-05
41	8.718205793247749e-05
42	8.718205793247749e-05
43	6.538654344935812e-05
44	2.1795514483119373e-05
46	2.1795514483119373e-05
47	4.3591028966238747e-05
48	2.1795514483119373e-05
49	2.1795514483119373e-05
50	2.1795514483119373e-05
52	4.3591028966238747e-05
57	2.1795514483119373e-05
61	2.1795514483119373e-05
64	2.1795514483119373e-05
