1	0.18869644484958978
2	0.14663367625992968
3	0.11687719755176455
4	0.09369709597603855
5	0.08438598775882276
6	0.06973564266180492
7	0.056192212527672876
8	0.044732387029561144
9	0.03835134783174893
10	0.031188956895429092
11	0.03073316838129965
12	0.02200807396796458
13	0.016538611798411252
14	0.012436515171246255
15	0.011394712853236098
16	0.00833441854408126
17	0.007227503581195468
18	0.005404349524677692
19	0.00442765985154317
20	0.0029951816642792032
21	0.0019533793462690454
22	0.0020184919911446805
23	0.0015627034770152363
24	0.0007813517385076181
25	0.00045578851412944393
26	0.0005860138038807137
27	0.0002604505795025394
28	0.0001302252897512697
29	0.0001302252897512697
30	0.0001302252897512697
