1	0.19085442803058422
2	0.14883824511914484
3	0.11365154776928216
4	0.09331155816197759
5	0.07052186177715092
6	0.06428624452527652
7	0.04698983000519635
8	0.03874990720807661
9	0.03147502041422315
10	0.027392175785019672
11	0.024051666542944102
12	0.01885531883304877
13	0.017296414520080173
14	0.015885977284537153
15	0.012842402197312745
16	0.010392695419790661
17	0.0085368569519709
18	0.007571820948704624
19	0.006309850790587187
20	0.006606784945438349
21	0.003785910474352312
22	0.00512211417118254
23	0.0050478806324697496
24	0.0036374433969267317
25	0.003043575087224408
26	0.002004305545245342
27	0.002895108009798827
28	0.0025981738549476652
29	0.0025239403162348748
30	0.0020785390839581325
31	0.0010392695419790662
32	0.0015589043129685992
33	0.0010392695419790662
34	0.001187736619404647
35	0.0008165689258406948
36	0.0009650360032662757
37	0.0006681018484151139
38	0.0005196347709895331
39	0.0005938683097023235
40	0.0007423353871279044
41	0.0005938683097023235
42	0.0003711676935639522
43	0.00044540123227674265
44	0.00044540123227674265
45	0.00029693415485116173
46	0.00014846707742558087
47	0.00014846707742558087
48	0.00014846707742558087
49	7.423353871279043e-05
50	0.00014846707742558087
51	7.423353871279043e-05
52	0.00022270061613837133
53	0.00022270061613837133
54	7.423353871279043e-05
58	7.423353871279043e-05
63	7.423353871279043e-05
66	0.00014846707742558087
