1	0.519967769552299
2	0.1568212720954827
3	0.0766983935136224
4	0.04245354283124339
5	0.028957042856423428
6	0.02155411190008561
7	0.015712343254268017
8	0.013395779825754142
9	0.008762652968726393
10	0.007100770509140353
11	0.0067482499874099815
12	0.00493528730422521
13	0.003777005589968273
14	0.004280606335297376
15	0.003575565291836632
16	0.002971244397441708
17	0.002568363801178426
18	0.0024172835775796947
19	0.0020144029813164125
20	0.0023165634285138743
21	0.0015611623105202196
22	0.0018633227577176815
23	0.0011079216397240268
24	0.0015108022359873092
25	0.0009568414161252958
26	0.0011079216397240268
27	0.0010575615651911164
28	0.0010072014906582062
29	0.0008561212670594753
30	0.0011079216397240268
31	0.0008057611925265649
32	0.0010072014906582062
33	0.0009064813415923856
34	0.0006546809689278341
35	0.0007554011179936546
36	0.0007554011179936546
37	0.00040288059626328245
38	0.0006546809689278341
39	0.00025180037266455156
40	0.00035252052173037217
41	0.0004532406707961928
42	0.0007554011179936546
43	0.0005539608198620134
44	0.0005036007453291031
45	0.0005036007453291031
46	0.00035252052173037217
47	0.0004532406707961928
48	0.0005036007453291031
49	0.00030216044719746184
50	0.0005539608198620134
51	0.00040288059626328245
52	0.00020144029813164122
53	0.00030216044719746184
54	0.0004532406707961928
55	0.00040288059626328245
56	0.00040288059626328245
57	0.00030216044719746184
58	0.00025180037266455156
59	0.0005036007453291031
60	0.00040288059626328245
61	0.00030216044719746184
62	0.00010072014906582061
63	0.00020144029813164122
64	0.00020144029813164122
65	0.00010072014906582061
66	0.00020144029813164122
67	0.00030216044719746184
68	0.00020144029813164122
69	0.00025180037266455156
70	0.00010072014906582061
71	0.00015108022359873092
72	0.00025180037266455156
73	0.00025180037266455156
74	0.00010072014906582061
75	0.00010072014906582061
76	0.00025180037266455156
77	0.00020144029813164122
78	0.00030216044719746184
79	0.00025180037266455156
80	0.00035252052173037217
81	0.00030216044719746184
82	0.00010072014906582061
83	0.00020144029813164122
84	5.0360074532910306e-05
85	0.0004532406707961928
86	0.00015108022359873092
87	0.00020144029813164122
88	0.00025180037266455156
89	0.00015108022359873092
90	0.00015108022359873092
91	0.00015108022359873092
92	0.00035252052173037217
93	0.00025180037266455156
94	0.00015108022359873092
95	0.00040288059626328245
96	0.00015108022359873092
97	0.00015108022359873092
98	0.00015108022359873092
99	0.00015108022359873092
100	0.00015108022359873092
101	0.00025180037266455156
102	0.00015108022359873092
103	0.00010072014906582061
104	0.00015108022359873092
105	0.00030216044719746184
106	0.00015108022359873092
107	0.00010072014906582061
108	0.00010072014906582061
109	5.0360074532910306e-05
110	0.00010072014906582061
111	0.00020144029813164122
112	0.00025180037266455156
114	0.00020144029813164122
115	0.00020144029813164122
116	0.00020144029813164122
117	0.00015108022359873092
118	0.00010072014906582061
119	0.00010072014906582061
120	0.00010072014906582061
121	0.00015108022359873092
122	0.00015108022359873092
123	0.00025180037266455156
124	0.00020144029813164122
125	0.00010072014906582061
126	0.00015108022359873092
127	0.00010072014906582061
128	0.00010072014906582061
129	0.00010072014906582061
130	5.0360074532910306e-05
131	5.0360074532910306e-05
132	0.00020144029813164122
133	0.00020144029813164122
134	5.0360074532910306e-05
135	0.00010072014906582061
136	5.0360074532910306e-05
137	0.00035252052173037217
138	0.00030216044719746184
139	5.0360074532910306e-05
140	0.00015108022359873092
141	5.0360074532910306e-05
142	0.00020144029813164122
144	0.00010072014906582061
145	0.00015108022359873092
146	0.00015108022359873092
147	5.0360074532910306e-05
148	5.0360074532910306e-05
149	0.00020144029813164122
150	0.00020144029813164122
151	5.0360074532910306e-05
152	0.00025180037266455156
153	5.0360074532910306e-05
154	0.00010072014906582061
155	5.0360074532910306e-05
156	0.00015108022359873092
157	0.00020144029813164122
158	0.00020144029813164122
159	0.00030216044719746184
160	0.00015108022359873092
162	5.0360074532910306e-05
163	0.00010072014906582061
164	0.00025180037266455156
165	0.00015108022359873092
166	0.00015108022359873092
167	0.00015108022359873092
168	0.00010072014906582061
169	0.00010072014906582061
170	0.00010072014906582061
171	0.00020144029813164122
172	0.00015108022359873092
175	0.00010072014906582061
176	0.00015108022359873092
177	0.00020144029813164122
178	0.00025180037266455156
179	0.00020144029813164122
180	0.00015108022359873092
181	0.00010072014906582061
182	0.00025180037266455156
183	0.00015108022359873092
184	0.00015108022359873092
185	0.00015108022359873092
186	0.00015108022359873092
187	0.00025180037266455156
188	0.00015108022359873092
190	0.00030216044719746184
191	0.00015108022359873092
192	0.00010072014906582061
193	5.0360074532910306e-05
194	0.00010072014906582061
195	0.00015108022359873092
196	0.00010072014906582061
197	0.00020144029813164122
198	0.00010072014906582061
199	0.00020144029813164122
200	5.0360074532910306e-05
201	5.0360074532910306e-05
202	0.00020144029813164122
203	0.00015108022359873092
204	0.00010072014906582061
205	0.00020144029813164122
206	5.0360074532910306e-05
207	5.0360074532910306e-05
208	5.0360074532910306e-05
209	0.00020144029813164122
210	0.00015108022359873092
211	0.00025180037266455156
212	5.0360074532910306e-05
213	0.00010072014906582061
214	0.00015108022359873092
215	0.00025180037266455156
216	0.00010072014906582061
218	5.0360074532910306e-05
219	0.00015108022359873092
220	0.00010072014906582061
221	0.00010072014906582061
222	0.00010072014906582061
224	0.00015108022359873092
226	0.00020144029813164122
227	0.00010072014906582061
228	0.00010072014906582061
229	0.00020144029813164122
230	0.00010072014906582061
231	0.00030216044719746184
232	5.0360074532910306e-05
235	0.00010072014906582061
236	0.00010072014906582061
237	0.00010072014906582061
238	0.00010072014906582061
239	0.00020144029813164122
240	0.00015108022359873092
241	0.00020144029813164122
242	0.00010072014906582061
243	0.00010072014906582061
244	5.0360074532910306e-05
245	0.00025180037266455156
246	0.00010072014906582061
247	5.0360074532910306e-05
248	0.00020144029813164122
249	0.00015108022359873092
250	0.00010072014906582061
251	5.0360074532910306e-05
252	0.00010072014906582061
253	0.00030216044719746184
255	0.00010072014906582061
256	5.0360074532910306e-05
257	0.00010072014906582061
258	5.0360074532910306e-05
259	5.0360074532910306e-05
260	5.0360074532910306e-05
261	0.00025180037266455156
264	0.00010072014906582061
265	0.00020144029813164122
266	0.00035252052173037217
267	5.0360074532910306e-05
268	0.00015108022359873092
269	0.00010072014906582061
271	0.00010072014906582061
272	0.00015108022359873092
273	0.00010072014906582061
274	0.00010072014906582061
275	0.00025180037266455156
276	5.0360074532910306e-05
277	0.00010072014906582061
278	0.00015108022359873092
279	0.00015108022359873092
280	0.00035252052173037217
281	5.0360074532910306e-05
282	0.00010072014906582061
283	5.0360074532910306e-05
284	0.00020144029813164122
285	0.00010072014906582061
286	0.00025180037266455156
287	0.00015108022359873092
288	5.0360074532910306e-05
290	5.0360074532910306e-05
291	0.00015108022359873092
292	0.00020144029813164122
293	0.00035252052173037217
294	0.00020144029813164122
295	0.00020144029813164122
296	5.0360074532910306e-05
297	5.0360074532910306e-05
298	0.00015108022359873092
299	0.00025180037266455156
300	0.00015108022359873092
301	0.00025180037266455156
302	0.00010072014906582061
303	5.0360074532910306e-05
305	0.00025180037266455156
306	5.0360074532910306e-05
308	0.00015108022359873092
310	5.0360074532910306e-05
312	5.0360074532910306e-05
313	0.00025180037266455156
314	0.00015108022359873092
315	5.0360074532910306e-05
316	5.0360074532910306e-05
317	0.00015108022359873092
319	0.00010072014906582061
320	0.00030216044719746184
321	0.00010072014906582061
322	0.00010072014906582061
323	0.00010072014906582061
324	0.00015108022359873092
326	0.00020144029813164122
328	5.0360074532910306e-05
329	0.00020144029813164122
331	0.00010072014906582061
332	0.00010072014906582061
333	0.00010072014906582061
334	0.00020144029813164122
335	5.0360074532910306e-05
336	5.0360074532910306e-05
337	0.00010072014906582061
338	0.00025180037266455156
339	0.00030216044719746184
341	0.00010072014906582061
342	5.0360074532910306e-05
343	0.00010072014906582061
344	0.00015108022359873092
347	5.0360074532910306e-05
349	5.0360074532910306e-05
350	5.0360074532910306e-05
351	5.0360074532910306e-05
352	5.0360074532910306e-05
353	5.0360074532910306e-05
354	5.0360074532910306e-05
355	0.00015108022359873092
356	5.0360074532910306e-05
360	5.0360074532910306e-05
362	5.0360074532910306e-05
365	5.0360074532910306e-05
366	0.00020144029813164122
367	5.0360074532910306e-05
370	5.0360074532910306e-05
371	0.00015108022359873092
372	5.0360074532910306e-05
373	5.0360074532910306e-05
374	5.0360074532910306e-05
375	5.0360074532910306e-05
376	0.00010072014906582061
377	5.0360074532910306e-05
378	0.00015108022359873092
379	0.00010072014906582061
380	5.0360074532910306e-05
381	5.0360074532910306e-05
382	5.0360074532910306e-05
383	0.00015108022359873092
384	0.00015108022359873092
385	5.0360074532910306e-05
386	5.0360074532910306e-05
388	5.0360074532910306e-05
389	0.00010072014906582061
390	5.0360074532910306e-05
391	5.0360074532910306e-05
394	0.00010072014906582061
395	5.0360074532910306e-05
397	5.0360074532910306e-05
400	5.0360074532910306e-05
402	5.0360074532910306e-05
403	0.00015108022359873092
407	0.00010072014906582061
408	0.00020144029813164122
409	5.0360074532910306e-05
411	5.0360074532910306e-05
412	5.0360074532910306e-05
413	0.00015108022359873092
414	0.00015108022359873092
415	5.0360074532910306e-05
416	5.0360074532910306e-05
417	5.0360074532910306e-05
420	5.0360074532910306e-05
421	5.0360074532910306e-05
422	0.00010072014906582061
424	0.00010072014906582061
426	0.00010072014906582061
428	5.0360074532910306e-05
430	5.0360074532910306e-05
432	5.0360074532910306e-05
433	0.00010072014906582061
434	5.0360074532910306e-05
435	5.0360074532910306e-05
436	0.00010072014906582061
438	5.0360074532910306e-05
439	5.0360074532910306e-05
445	0.00010072014906582061
447	5.0360074532910306e-05
450	5.0360074532910306e-05
451	0.00010072014906582061
452	0.00010072014906582061
453	5.0360074532910306e-05
457	5.0360074532910306e-05
458	5.0360074532910306e-05
460	5.0360074532910306e-05
461	5.0360074532910306e-05
465	0.00010072014906582061
467	0.00010072014906582061
468	5.0360074532910306e-05
473	0.00010072014906582061
476	5.0360074532910306e-05
477	5.0360074532910306e-05
479	5.0360074532910306e-05
489	5.0360074532910306e-05
492	5.0360074532910306e-05
495	5.0360074532910306e-05
497	5.0360074532910306e-05
501	5.0360074532910306e-05
505	5.0360074532910306e-05
516	0.00010072014906582061
524	5.0360074532910306e-05
535	5.0360074532910306e-05
538	5.0360074532910306e-05
565	5.0360074532910306e-05
567	5.0360074532910306e-05
