1	0.567934906132097
2	0.17105322969225875
3	0.07504886585753898
4	0.042001909177689895
5	0.026955770716850767
6	0.016546206645756626
7	0.012591481430974135
8	0.009954997954452476
9	0.007091231419609982
10	0.0067730351379608165
11	0.00540933678803582
12	0.003909268603118324
13	0.0037274421564616575
14	0.002318287194872494
15	0.00263648347652166
16	0.001954634301559162
17	0.001954634301559162
18	0.0015455247965816628
19	0.001818264466566662
20	0.0010000454566116642
21	0.000818219009954998
22	0.0015000681849174963
23	0.00131824173826083
24	0.0007273057866266649
25	0.00036365289331333244
26	0.0006363925632983318
27	0.0006363925632983318
28	0.0006363925632983318
29	0.000909132233283331
30	0.0006363925632983318
31	0.0006363925632983318
32	0.0006363925632983318
33	0.0005000227283058321
34	0.0005000227283058321
35	0.0006363925632983318
36	0.0005000227283058321
37	0.0005000227283058321
38	0.0005454793399699986
39	0.0002727396699849993
40	0.00036365289331333244
41	0.000409109504977499
42	0.0005454793399699986
43	0.00018182644665666622
44	0.0003181962816491659
45	0.0002727396699849993
46	0.0003181962816491659
47	0.0005909359516341651
48	0.00013636983499249966
49	0.0003181962816491659
50	0.0002727396699849993
51	0.00022728305832083275
52	9.091322332833311e-05
53	0.00013636983499249966
54	0.0003181962816491659
55	0.00022728305832083275
56	0.00013636983499249966
57	0.0002727396699849993
58	9.091322332833311e-05
59	0.00013636983499249966
60	0.0002727396699849993
61	9.091322332833311e-05
62	0.00018182644665666622
63	0.00018182644665666622
64	9.091322332833311e-05
65	9.091322332833311e-05
66	0.00036365289331333244
67	0.00013636983499249966
68	0.00018182644665666622
69	0.00018182644665666622
70	0.00022728305832083275
71	0.00013636983499249966
72	0.00018182644665666622
73	9.091322332833311e-05
74	9.091322332833311e-05
75	0.0002727396699849993
76	4.5456611664166555e-05
77	0.00013636983499249966
78	0.00013636983499249966
79	0.00013636983499249966
80	9.091322332833311e-05
81	9.091322332833311e-05
82	0.00018182644665666622
83	0.00022728305832083275
84	9.091322332833311e-05
86	9.091322332833311e-05
87	0.00013636983499249966
88	0.0003181962816491659
90	9.091322332833311e-05
91	9.091322332833311e-05
92	9.091322332833311e-05
93	4.5456611664166555e-05
94	4.5456611664166555e-05
95	0.00013636983499249966
96	4.5456611664166555e-05
97	0.00013636983499249966
98	0.00013636983499249966
99	4.5456611664166555e-05
100	4.5456611664166555e-05
101	4.5456611664166555e-05
102	0.00018182644665666622
103	4.5456611664166555e-05
106	4.5456611664166555e-05
108	4.5456611664166555e-05
109	0.00022728305832083275
111	9.091322332833311e-05
112	0.00013636983499249966
113	0.00018182644665666622
114	9.091322332833311e-05
115	4.5456611664166555e-05
116	4.5456611664166555e-05
117	4.5456611664166555e-05
120	0.00013636983499249966
122	9.091322332833311e-05
123	4.5456611664166555e-05
124	4.5456611664166555e-05
128	0.00013636983499249966
130	0.00022728305832083275
132	9.091322332833311e-05
134	4.5456611664166555e-05
136	0.00013636983499249966
137	0.00013636983499249966
138	4.5456611664166555e-05
139	4.5456611664166555e-05
140	4.5456611664166555e-05
141	4.5456611664166555e-05
142	9.091322332833311e-05
143	4.5456611664166555e-05
144	4.5456611664166555e-05
145	4.5456611664166555e-05
147	9.091322332833311e-05
149	4.5456611664166555e-05
150	4.5456611664166555e-05
152	4.5456611664166555e-05
153	4.5456611664166555e-05
154	9.091322332833311e-05
158	9.091322332833311e-05
159	4.5456611664166555e-05
160	4.5456611664166555e-05
161	9.091322332833311e-05
162	4.5456611664166555e-05
163	4.5456611664166555e-05
165	4.5456611664166555e-05
166	4.5456611664166555e-05
167	4.5456611664166555e-05
168	4.5456611664166555e-05
170	4.5456611664166555e-05
171	4.5456611664166555e-05
172	9.091322332833311e-05
174	4.5456611664166555e-05
175	4.5456611664166555e-05
178	4.5456611664166555e-05
180	9.091322332833311e-05
181	4.5456611664166555e-05
183	4.5456611664166555e-05
184	4.5456611664166555e-05
190	9.091322332833311e-05
191	4.5456611664166555e-05
192	9.091322332833311e-05
193	4.5456611664166555e-05
194	4.5456611664166555e-05
195	4.5456611664166555e-05
196	4.5456611664166555e-05
197	4.5456611664166555e-05
198	4.5456611664166555e-05
199	9.091322332833311e-05
200	4.5456611664166555e-05
201	4.5456611664166555e-05
203	4.5456611664166555e-05
204	4.5456611664166555e-05
205	9.091322332833311e-05
206	0.00013636983499249966
207	4.5456611664166555e-05
208	4.5456611664166555e-05
211	9.091322332833311e-05
213	4.5456611664166555e-05
218	4.5456611664166555e-05
220	9.091322332833311e-05
222	9.091322332833311e-05
223	9.091322332833311e-05
224	4.5456611664166555e-05
226	4.5456611664166555e-05
227	9.091322332833311e-05
229	4.5456611664166555e-05
230	4.5456611664166555e-05
231	4.5456611664166555e-05
232	9.091322332833311e-05
234	0.00013636983499249966
236	4.5456611664166555e-05
242	4.5456611664166555e-05
243	4.5456611664166555e-05
244	4.5456611664166555e-05
246	4.5456611664166555e-05
249	4.5456611664166555e-05
250	4.5456611664166555e-05
251	4.5456611664166555e-05
252	4.5456611664166555e-05
253	4.5456611664166555e-05
255	4.5456611664166555e-05
259	4.5456611664166555e-05
262	4.5456611664166555e-05
263	9.091322332833311e-05
266	4.5456611664166555e-05
268	4.5456611664166555e-05
270	4.5456611664166555e-05
274	4.5456611664166555e-05
275	4.5456611664166555e-05
277	4.5456611664166555e-05
279	4.5456611664166555e-05
280	9.091322332833311e-05
283	4.5456611664166555e-05
286	0.00013636983499249966
287	4.5456611664166555e-05
288	9.091322332833311e-05
293	9.091322332833311e-05
294	9.091322332833311e-05
295	4.5456611664166555e-05
297	9.091322332833311e-05
299	9.091322332833311e-05
303	4.5456611664166555e-05
307	4.5456611664166555e-05
308	9.091322332833311e-05
309	4.5456611664166555e-05
310	9.091322332833311e-05
316	4.5456611664166555e-05
322	4.5456611664166555e-05
323	4.5456611664166555e-05
328	4.5456611664166555e-05
329	4.5456611664166555e-05
331	9.091322332833311e-05
334	4.5456611664166555e-05
338	4.5456611664166555e-05
347	4.5456611664166555e-05
350	4.5456611664166555e-05
351	4.5456611664166555e-05
352	4.5456611664166555e-05
354	4.5456611664166555e-05
355	4.5456611664166555e-05
356	9.091322332833311e-05
358	4.5456611664166555e-05
362	4.5456611664166555e-05
371	9.091322332833311e-05
372	4.5456611664166555e-05
373	0.00018182644665666622
374	4.5456611664166555e-05
377	4.5456611664166555e-05
381	4.5456611664166555e-05
385	4.5456611664166555e-05
386	0.00013636983499249966
389	4.5456611664166555e-05
392	4.5456611664166555e-05
393	4.5456611664166555e-05
394	9.091322332833311e-05
395	4.5456611664166555e-05
397	4.5456611664166555e-05
398	4.5456611664166555e-05
403	4.5456611664166555e-05
404	4.5456611664166555e-05
405	4.5456611664166555e-05
407	9.091322332833311e-05
408	9.091322332833311e-05
413	9.091322332833311e-05
415	4.5456611664166555e-05
418	9.091322332833311e-05
419	4.5456611664166555e-05
420	4.5456611664166555e-05
421	4.5456611664166555e-05
422	4.5456611664166555e-05
424	9.091322332833311e-05
425	4.5456611664166555e-05
426	4.5456611664166555e-05
429	4.5456611664166555e-05
430	4.5456611664166555e-05
431	4.5456611664166555e-05
437	4.5456611664166555e-05
439	4.5456611664166555e-05
444	4.5456611664166555e-05
445	4.5456611664166555e-05
447	4.5456611664166555e-05
449	9.091322332833311e-05
450	4.5456611664166555e-05
452	4.5456611664166555e-05
453	9.091322332833311e-05
454	4.5456611664166555e-05
458	4.5456611664166555e-05
459	4.5456611664166555e-05
460	4.5456611664166555e-05
463	4.5456611664166555e-05
469	4.5456611664166555e-05
473	4.5456611664166555e-05
474	4.5456611664166555e-05
477	4.5456611664166555e-05
480	4.5456611664166555e-05
483	9.091322332833311e-05
484	4.5456611664166555e-05
488	4.5456611664166555e-05
492	4.5456611664166555e-05
493	4.5456611664166555e-05
494	9.091322332833311e-05
498	4.5456611664166555e-05
502	4.5456611664166555e-05
505	4.5456611664166555e-05
508	4.5456611664166555e-05
512	4.5456611664166555e-05
521	9.091322332833311e-05
522	4.5456611664166555e-05
524	4.5456611664166555e-05
525	4.5456611664166555e-05
528	4.5456611664166555e-05
530	4.5456611664166555e-05
533	4.5456611664166555e-05
534	4.5456611664166555e-05
537	4.5456611664166555e-05
543	4.5456611664166555e-05
549	4.5456611664166555e-05
551	4.5456611664166555e-05
555	4.5456611664166555e-05
557	4.5456611664166555e-05
558	4.5456611664166555e-05
562	4.5456611664166555e-05
565	4.5456611664166555e-05
569	4.5456611664166555e-05
576	9.091322332833311e-05
595	9.091322332833311e-05
612	4.5456611664166555e-05
618	4.5456611664166555e-05
621	4.5456611664166555e-05
626	4.5456611664166555e-05
658	4.5456611664166555e-05
