1	0.40964269354099864
2	0.15557718735684836
3	0.09276225377920293
4	0.058176820888685296
5	0.04162849289967934
6	0.03212322491983509
7	0.025251946862116355
8	0.021243701328447093
9	0.01809436555199267
10	0.015517636280348145
11	0.012883646358222629
12	0.013227210261108567
13	0.011165826843792945
14	0.010135135135135136
15	0.010077874484654145
16	0.009104443426477324
17	0.007386623912047641
18	0.006527714154832799
19	0.006928538708199725
20	0.005668804397617957
21	0.006584974805313788
22	0.004523591387998168
23	0.00532524049473202
24	0.004981676591846083
25	0.0037792029317453048
26	0.0025194686211635364
27	0.0022904260192395786
28	0.002004122766834631
29	0.002061383417315621
30	0.001603298213467705
31	0.0005726065048098947
32	0.0005153458543289052
33	0.00011452130096197893
