1	0.18779121758365888
2	0.1476443733232927
3	0.11827552125005883
4	0.09671953687579422
5	0.08203511083917729
6	0.06805666682355156
7	0.05676095448769238
8	0.047159599002212074
9	0.038452487409987295
10	0.031769190944603946
11	0.025274156351484917
12	0.021697180778462843
13	0.01586106273826893
14	0.013460723866898856
15	0.010730926719066222
16	0.008801242528356944
17	0.006495034593119029
18	0.00541252882759919
19	0.004377088530145432
20	0.002823928083964795
21	0.002353273403303996
22	0.0018826187226431968
23	0.0013178331058502377
24	0.0010354402974537581
25	0.0012707676377841579
26	0.0007530474890572787
27	0.0005177201487268791
28	0.00037652374452863934
29	0.0002823928083964795
30	0.00014119640419823975
31	0.00014119640419823975
32	0.00014119640419823975
33	4.706546806607992e-05
34	4.706546806607992e-05
35	4.706546806607992e-05
38	4.706546806607992e-05
