1	0.545990904248781
2	0.16048674560576884
3	0.07432294014012374
4	0.04375793829639038
5	0.026058098086614495
6	0.016921375015364445
7	0.013029049043307248
8	0.009915188265661491
9	0.009259638628262384
10	0.006801327488015733
11	0.005940918588929405
12	0.004752734871143524
13	0.004383988200106527
14	0.0034006637440078665
15	0.002949973368295981
16	0.002581226697258983
17	0.002540254844921539
18	0.0028680296636210923
19	0.0019256770598598762
20	0.002048592616872209
21	0.0009423526037612161
22	0.0012701274224607695
23	0.0009833244560986602
24	0.001188183717785881
25	0.0007784651944114393
26	0.0010242963084361044
27	0.0007374933420739952
28	0.000696521489736551
29	0.000696521489736551
30	0.0012291555701233253
31	0.000696521489736551
32	0.0008604088990863277
33	0.0006555496373991069
34	0.000696521489736551
35	0.0007374933420739952
36	0.0007784651944114393
37	0.0005736059327242184
38	0.00032777481869955343
39	0.00024583111402466505
40	0.00040971852337444176
41	0.00045069037571188593
42	0.0004916622280493301
43	0.00012291555701233252
44	0.0004916622280493301
45	0.00024583111402466505
46	0.0004916622280493301
47	0.0007784651944114393
48	0.00032777481869955343
49	0.0004916622280493301
50	0.0002868029663621092
51	0.0002868029663621092
52	0.0002868029663621092
53	0.00024583111402466505
54	0.00032777481869955343
55	0.0002868029663621092
56	0.0002868029663621092
57	0.00032777481869955343
58	0.00032777481869955343
59	0.00024583111402466505
60	0.0002868029663621092
61	0.00020485926168722088
62	0.00012291555701233252
63	0.00032777481869955343
64	0.00024583111402466505
65	0.00012291555701233252
66	0.00032777481869955343
67	0.00020485926168722088
68	8.194370467488836e-05
69	0.00040971852337444176
70	0.00024583111402466505
71	0.00024583111402466505
72	0.00024583111402466505
73	8.194370467488836e-05
74	0.0002868029663621092
75	4.097185233744418e-05
76	0.00024583111402466505
77	0.00024583111402466505
78	8.194370467488836e-05
79	0.00016388740934977672
80	0.00012291555701233252
81	0.00012291555701233252
82	0.00012291555701233252
83	0.00020485926168722088
84	4.097185233744418e-05
85	0.00012291555701233252
86	0.00032777481869955343
87	8.194370467488836e-05
88	0.00020485926168722088
89	0.00032777481869955343
90	0.0002868029663621092
91	0.00024583111402466505
92	0.00024583111402466505
93	8.194370467488836e-05
94	0.00024583111402466505
95	0.0002868029663621092
96	0.00020485926168722088
97	0.00016388740934977672
99	4.097185233744418e-05
100	8.194370467488836e-05
101	0.00024583111402466505
102	0.00012291555701233252
103	0.00012291555701233252
104	0.00012291555701233252
105	0.00012291555701233252
106	8.194370467488836e-05
107	0.00024583111402466505
108	0.00024583111402466505
109	0.00016388740934977672
110	4.097185233744418e-05
111	0.00020485926168722088
112	0.0003687466710369976
113	0.00012291555701233252
115	0.00020485926168722088
116	0.00020485926168722088
117	0.00012291555701233252
118	0.00016388740934977672
119	0.00012291555701233252
120	0.00012291555701233252
121	0.00012291555701233252
122	8.194370467488836e-05
123	8.194370467488836e-05
124	8.194370467488836e-05
125	0.00016388740934977672
126	4.097185233744418e-05
127	0.00016388740934977672
128	0.00012291555701233252
129	0.00020485926168722088
131	0.0002868029663621092
132	0.00012291555701233252
133	0.00012291555701233252
134	0.00012291555701233252
135	0.00012291555701233252
136	8.194370467488836e-05
137	0.00012291555701233252
138	0.00016388740934977672
139	0.00020485926168722088
140	0.0002868029663621092
141	0.00012291555701233252
142	0.00012291555701233252
143	0.00012291555701233252
144	4.097185233744418e-05
145	0.00020485926168722088
146	8.194370467488836e-05
147	0.00012291555701233252
148	0.00020485926168722088
149	8.194370467488836e-05
150	0.00016388740934977672
151	4.097185233744418e-05
152	0.00024583111402466505
153	8.194370467488836e-05
154	4.097185233744418e-05
155	0.00024583111402466505
156	0.00016388740934977672
157	4.097185233744418e-05
158	0.00012291555701233252
159	8.194370467488836e-05
160	4.097185233744418e-05
161	0.00020485926168722088
162	0.00012291555701233252
163	0.00012291555701233252
164	0.00012291555701233252
165	8.194370467488836e-05
166	8.194370467488836e-05
167	4.097185233744418e-05
168	0.00016388740934977672
169	0.00020485926168722088
170	8.194370467488836e-05
171	0.00016388740934977672
172	0.00012291555701233252
173	0.00020485926168722088
174	0.00016388740934977672
175	0.00012291555701233252
176	0.00016388740934977672
178	0.00024583111402466505
179	4.097185233744418e-05
180	0.00012291555701233252
181	8.194370467488836e-05
182	0.00012291555701233252
183	4.097185233744418e-05
184	0.00012291555701233252
185	0.00020485926168722088
186	0.00016388740934977672
187	4.097185233744418e-05
188	4.097185233744418e-05
189	8.194370467488836e-05
190	0.00016388740934977672
191	8.194370467488836e-05
192	0.00020485926168722088
193	0.00016388740934977672
194	0.00012291555701233252
195	4.097185233744418e-05
196	0.00024583111402466505
197	0.00016388740934977672
198	4.097185233744418e-05
199	4.097185233744418e-05
200	0.00012291555701233252
201	4.097185233744418e-05
202	0.00012291555701233252
203	0.00012291555701233252
204	8.194370467488836e-05
205	8.194370467488836e-05
206	0.0002868029663621092
207	0.00012291555701233252
208	0.00012291555701233252
209	0.00012291555701233252
210	8.194370467488836e-05
211	8.194370467488836e-05
212	0.00012291555701233252
213	0.00020485926168722088
214	0.00020485926168722088
215	8.194370467488836e-05
216	8.194370467488836e-05
217	0.00016388740934977672
218	0.00012291555701233252
219	4.097185233744418e-05
220	4.097185233744418e-05
221	4.097185233744418e-05
222	0.00012291555701233252
223	8.194370467488836e-05
224	0.00024583111402466505
225	0.00020485926168722088
226	4.097185233744418e-05
227	0.00020485926168722088
228	8.194370467488836e-05
229	8.194370467488836e-05
230	0.00024583111402466505
231	0.00024583111402466505
233	0.00024583111402466505
234	8.194370467488836e-05
235	4.097185233744418e-05
236	0.00012291555701233252
237	4.097185233744418e-05
238	4.097185233744418e-05
239	0.00012291555701233252
240	0.00020485926168722088
241	0.00016388740934977672
242	0.00012291555701233252
244	8.194370467488836e-05
245	4.097185233744418e-05
246	0.00012291555701233252
247	8.194370467488836e-05
248	0.00012291555701233252
249	8.194370467488836e-05
250	4.097185233744418e-05
251	4.097185233744418e-05
252	0.00016388740934977672
253	0.00012291555701233252
254	4.097185233744418e-05
255	4.097185233744418e-05
256	4.097185233744418e-05
257	8.194370467488836e-05
258	8.194370467488836e-05
259	8.194370467488836e-05
260	0.0002868029663621092
261	0.00012291555701233252
262	8.194370467488836e-05
263	0.00012291555701233252
264	8.194370467488836e-05
265	4.097185233744418e-05
266	8.194370467488836e-05
267	8.194370467488836e-05
268	4.097185233744418e-05
269	8.194370467488836e-05
270	4.097185233744418e-05
271	0.00012291555701233252
272	0.00020485926168722088
273	0.00020485926168722088
274	4.097185233744418e-05
275	4.097185233744418e-05
276	8.194370467488836e-05
277	4.097185233744418e-05
278	4.097185233744418e-05
279	0.00016388740934977672
280	8.194370467488836e-05
281	0.00012291555701233252
282	0.00012291555701233252
283	4.097185233744418e-05
284	8.194370467488836e-05
285	4.097185233744418e-05
286	8.194370467488836e-05
287	0.00012291555701233252
289	0.00016388740934977672
290	0.00016388740934977672
291	4.097185233744418e-05
292	8.194370467488836e-05
293	8.194370467488836e-05
294	4.097185233744418e-05
295	0.00020485926168722088
296	0.00020485926168722088
297	4.097185233744418e-05
299	8.194370467488836e-05
300	8.194370467488836e-05
301	8.194370467488836e-05
302	8.194370467488836e-05
303	4.097185233744418e-05
304	0.00012291555701233252
306	8.194370467488836e-05
307	0.00012291555701233252
308	8.194370467488836e-05
309	0.00016388740934977672
312	8.194370467488836e-05
313	0.00016388740934977672
314	8.194370467488836e-05
315	4.097185233744418e-05
316	8.194370467488836e-05
317	4.097185233744418e-05
318	4.097185233744418e-05
319	8.194370467488836e-05
320	8.194370467488836e-05
321	4.097185233744418e-05
322	0.00012291555701233252
323	0.00012291555701233252
324	0.00020485926168722088
325	8.194370467488836e-05
326	8.194370467488836e-05
327	4.097185233744418e-05
329	8.194370467488836e-05
330	4.097185233744418e-05
331	4.097185233744418e-05
334	8.194370467488836e-05
336	8.194370467488836e-05
338	4.097185233744418e-05
339	8.194370467488836e-05
341	4.097185233744418e-05
344	4.097185233744418e-05
345	4.097185233744418e-05
347	4.097185233744418e-05
348	0.00016388740934977672
349	0.00012291555701233252
350	4.097185233744418e-05
351	4.097185233744418e-05
353	4.097185233744418e-05
354	4.097185233744418e-05
355	4.097185233744418e-05
356	4.097185233744418e-05
358	8.194370467488836e-05
360	8.194370467488836e-05
361	0.00012291555701233252
362	4.097185233744418e-05
364	0.00012291555701233252
365	4.097185233744418e-05
366	4.097185233744418e-05
367	4.097185233744418e-05
369	8.194370467488836e-05
370	4.097185233744418e-05
371	8.194370467488836e-05
372	8.194370467488836e-05
374	4.097185233744418e-05
375	4.097185233744418e-05
376	4.097185233744418e-05
377	8.194370467488836e-05
378	8.194370467488836e-05
379	4.097185233744418e-05
380	0.00012291555701233252
381	8.194370467488836e-05
382	4.097185233744418e-05
383	8.194370467488836e-05
384	4.097185233744418e-05
388	0.00012291555701233252
391	4.097185233744418e-05
392	4.097185233744418e-05
393	0.00012291555701233252
395	8.194370467488836e-05
399	8.194370467488836e-05
400	4.097185233744418e-05
401	4.097185233744418e-05
402	4.097185233744418e-05
411	4.097185233744418e-05
413	4.097185233744418e-05
415	0.00012291555701233252
420	4.097185233744418e-05
421	4.097185233744418e-05
423	4.097185233744418e-05
428	4.097185233744418e-05
430	4.097185233744418e-05
432	4.097185233744418e-05
433	4.097185233744418e-05
434	4.097185233744418e-05
437	4.097185233744418e-05
439	8.194370467488836e-05
445	4.097185233744418e-05
446	4.097185233744418e-05
447	4.097185233744418e-05
448	4.097185233744418e-05
477	4.097185233744418e-05
479	4.097185233744418e-05
481	4.097185233744418e-05
490	4.097185233744418e-05
543	4.097185233744418e-05
557	4.097185233744418e-05
