1	0.36977658381495765
2	0.19211573771703902
3	0.12204709854711702
4	0.08483160605799209
5	0.06136859357478219
6	0.04324144474978127
7	0.032976376788376935
8	0.022427879579538873
9	0.017449383233311563
10	0.013062391403467695
11	0.009611948391230946
12	0.007763496777532687
13	0.0058903991423184515
14	0.004399314840601856
15	0.0031916597863189933
16	0.0026864163452414696
17	0.0017375445168763633
18	0.001293916129588781
19	0.0009365488176071178
20	0.000850287742301199
21	0.0005545354841094776
22	0.0005052434410775241
23	0.00033272129046568657
24	0.00018484516136982586
25	0.00019716817212781426
26	0.0001355531183378723
27	4.9292043031953565e-05
28	7.393806454793035e-05
29	6.161505378994195e-05
30	2.4646021515976783e-05
31	8.626107530591875e-05
32	4.9292043031953565e-05
34	2.4646021515976783e-05
35	1.2323010757988391e-05
36	3.6969032273965176e-05
39	1.2323010757988391e-05
