1	0.5879043600562588
2	0.1569971870604782
3	0.0680379746835443
4	0.03885372714486639
5	0.022767229254571027
6	0.01617440225035162
7	0.011954992967651195
8	0.010636427566807313
9	0.0065049226441631506
10	0.0057137834036568216
11	0.006153305203938115
12	0.004395218002812939
13	0.003867791842475387
14	0.003691983122362869
15	0.0029887482419127987
16	0.0022855133614627285
17	0.0023734177215189874
18	0.0025492264416315047
19	0.0019338959212376935
20	0.0012306610407876231
21	0.0013185654008438818
22	0.0014943741209563993
23	0.0011427566807313643
24	0.0009669479606188467
25	0.0011427566807313643
26	0.0012306610407876231
27	0.0010548523206751054
28	0.0006153305203938116
29	0.0009669479606188467
30	0.0008790436005625879
31	0.00026371308016877635
32	0.0007032348804500703
33	0.0005274261603375527
34	0.00035161744022503517
35	0.00043952180028129393
36	0.0008790436005625879
37	0.0008790436005625879
38	0.00035161744022503517
39	0.00043952180028129393
40	0.00043952180028129393
41	0.00043952180028129393
42	0.00035161744022503517
43	0.00026371308016877635
44	0.0005274261603375527
45	0.00017580872011251758
46	0.00017580872011251758
47	0.00035161744022503517
48	8.790436005625879e-05
49	0.0006153305203938116
50	0.0007032348804500703
51	0.00043952180028129393
52	0.00017580872011251758
53	0.00026371308016877635
54	0.00035161744022503517
55	0.00043952180028129393
56	0.00035161744022503517
57	0.00017580872011251758
58	0.00017580872011251758
59	0.00043952180028129393
60	0.00017580872011251758
61	0.0005274261603375527
62	0.00017580872011251758
63	0.00035161744022503517
64	0.00026371308016877635
65	8.790436005625879e-05
66	0.00026371308016877635
67	0.00035161744022503517
68	0.00026371308016877635
69	8.790436005625879e-05
70	0.00043952180028129393
71	0.00035161744022503517
72	0.00035161744022503517
73	0.00017580872011251758
74	8.790436005625879e-05
77	8.790436005625879e-05
78	0.00017580872011251758
80	0.00017580872011251758
81	0.00017580872011251758
83	8.790436005625879e-05
84	0.00017580872011251758
85	8.790436005625879e-05
87	8.790436005625879e-05
88	8.790436005625879e-05
89	0.00026371308016877635
90	8.790436005625879e-05
91	0.00017580872011251758
92	0.00026371308016877635
93	0.00017580872011251758
94	0.00035161744022503517
95	8.790436005625879e-05
96	0.00017580872011251758
97	8.790436005625879e-05
98	0.00026371308016877635
99	8.790436005625879e-05
102	0.00017580872011251758
105	8.790436005625879e-05
106	8.790436005625879e-05
107	0.00026371308016877635
108	0.00017580872011251758
110	0.00026371308016877635
112	8.790436005625879e-05
113	0.00035161744022503517
114	0.00017580872011251758
115	0.00017580872011251758
116	8.790436005625879e-05
117	8.790436005625879e-05
118	8.790436005625879e-05
119	8.790436005625879e-05
120	8.790436005625879e-05
121	8.790436005625879e-05
123	0.00017580872011251758
126	8.790436005625879e-05
128	8.790436005625879e-05
130	8.790436005625879e-05
133	8.790436005625879e-05
134	8.790436005625879e-05
136	0.00017580872011251758
137	8.790436005625879e-05
138	0.00017580872011251758
141	0.00017580872011251758
144	8.790436005625879e-05
147	0.00017580872011251758
148	0.00017580872011251758
150	8.790436005625879e-05
151	8.790436005625879e-05
152	8.790436005625879e-05
153	8.790436005625879e-05
156	8.790436005625879e-05
158	8.790436005625879e-05
159	8.790436005625879e-05
160	8.790436005625879e-05
163	8.790436005625879e-05
166	0.00017580872011251758
169	8.790436005625879e-05
170	8.790436005625879e-05
173	8.790436005625879e-05
176	8.790436005625879e-05
177	8.790436005625879e-05
186	8.790436005625879e-05
190	8.790436005625879e-05
192	8.790436005625879e-05
202	8.790436005625879e-05
203	8.790436005625879e-05
205	8.790436005625879e-05
207	8.790436005625879e-05
208	8.790436005625879e-05
209	8.790436005625879e-05
215	8.790436005625879e-05
221	8.790436005625879e-05
227	8.790436005625879e-05
228	8.790436005625879e-05
229	0.00017580872011251758
230	8.790436005625879e-05
232	8.790436005625879e-05
235	0.00017580872011251758
243	8.790436005625879e-05
244	0.00017580872011251758
247	0.00017580872011251758
254	8.790436005625879e-05
255	0.00017580872011251758
259	8.790436005625879e-05
263	8.790436005625879e-05
273	8.790436005625879e-05
277	8.790436005625879e-05
290	8.790436005625879e-05
291	8.790436005625879e-05
295	8.790436005625879e-05
316	8.790436005625879e-05
317	8.790436005625879e-05
323	8.790436005625879e-05
326	8.790436005625879e-05
327	0.00017580872011251758
328	8.790436005625879e-05
335	0.00017580872011251758
336	8.790436005625879e-05
338	8.790436005625879e-05
341	8.790436005625879e-05
345	8.790436005625879e-05
346	8.790436005625879e-05
358	8.790436005625879e-05
361	8.790436005625879e-05
366	8.790436005625879e-05
383	8.790436005625879e-05
398	8.790436005625879e-05
400	8.790436005625879e-05
431	0.00017580872011251758
433	8.790436005625879e-05
435	8.790436005625879e-05
442	8.790436005625879e-05
444	8.790436005625879e-05
447	8.790436005625879e-05
456	8.790436005625879e-05
462	8.790436005625879e-05
474	8.790436005625879e-05
491	8.790436005625879e-05
498	8.790436005625879e-05
508	8.790436005625879e-05
509	8.790436005625879e-05
510	8.790436005625879e-05
535	8.790436005625879e-05
543	8.790436005625879e-05
554	8.790436005625879e-05
561	8.790436005625879e-05
578	8.790436005625879e-05
581	8.790436005625879e-05
582	8.790436005625879e-05
665	8.790436005625879e-05
677	8.790436005625879e-05
687	8.790436005625879e-05
711	8.790436005625879e-05
712	8.790436005625879e-05
730	8.790436005625879e-05
746	8.790436005625879e-05
750	8.790436005625879e-05
765	8.790436005625879e-05
840	8.790436005625879e-05
890	8.790436005625879e-05
911	8.790436005625879e-05
1206	8.790436005625879e-05
