1	0.526304300371098
2	0.1990519849066018
3	0.09795116474880719
4	0.05267097015623538
5	0.029781395203792062
6	0.02048835251192815
7	0.014937474662425546
8	0.0106963545077494
9	0.008918826207627779
10	0.005800355505660024
11	0.0044594131038138895
12	0.0034926871862038856
13	0.0030249165809087225
14	0.002713069510711947
15	0.0021517447843577508
16	0.002027005956279041
17	0.0014344965229051672
18	0.0015280506439641999
19	0.001465681229924845
20	0.0011850188667477468
21	0.0006860635544329062
22	0.001247388280787102
23	0.0012785729878067795
24	0.0010914647456887142
25	0.0006860635544329062
26	0.0006548788474132286
27	0.0004989553123148408
28	0.000561324726354196
29	0.000623694140393551
30	0.0003430317772164531
31	0.000280662363177098
32	0.0004989553123148408
33	0.0003118470701967755
34	0.0002494776561574204
35	0.0001247388280787102
36	6.23694140393551e-05
37	9.355412105903265e-05
38	0.0001247388280787102
39	0.0001871082421180653
40	9.355412105903265e-05
41	6.23694140393551e-05
42	3.118470701967755e-05
43	3.118470701967755e-05
44	3.118470701967755e-05
45	3.118470701967755e-05
46	3.118470701967755e-05
