1	0.5515688161693937
2	0.18841193455245428
3	0.08415784408084696
4	0.04535129932627526
5	0.02929740134744947
6	0.020365736284889316
7	0.013051010587102984
8	0.009778633301251203
9	0.008623676612127045
10	0.005736284889316651
11	0.005851780558229066
12	0.004427333974975939
13	0.003618864292589028
14	0.0030798845043310875
15	0.002848893166506256
16	0.0021944177093359
17	0.0023099133782483157
18	0.002078922040423484
19	0.0017709335899903753
20	0.0010779595765158807
21	0.0013089509143407122
22	0.000846968238691049
23	0.001347449470644851
24	0.001231953801732435
25	0.0008854667949951876
26	0.0004234841193455245
27	0.0006929740134744947
28	0.0006929740134744947
29	0.0006929740134744947
30	0.0008084696823869105
31	0.00034648700673724735
32	0.0005774783445620789
33	0.00030798845043310876
34	0.0004234841193455245
35	0.00038498556304138594
36	0.00019249278152069297
37	0.00030798845043310876
38	0.00019249278152069297
39	0.00038498556304138594
40	0.00034648700673724735
41	0.00019249278152069297
42	0.00023099133782483156
43	0.00015399422521655438
44	0.00019249278152069297
45	3.8498556304138595e-05
46	0.00011549566891241578
47	3.8498556304138595e-05
48	0.00015399422521655438
49	0.00015399422521655438
50	7.699711260827719e-05
51	7.699711260827719e-05
52	0.00015399422521655438
53	3.8498556304138595e-05
55	7.699711260827719e-05
56	3.8498556304138595e-05
57	3.8498556304138595e-05
58	3.8498556304138595e-05
60	3.8498556304138595e-05
62	3.8498556304138595e-05
63	3.8498556304138595e-05
65	3.8498556304138595e-05
66	3.8498556304138595e-05
