1	0.4144564166321315
2	0.1994290187410784
3	0.11888152138877377
4	0.07665653635400838
5	0.05264309066629829
6	0.03674540682414698
7	0.02724823870700373
8	0.019178523737164433
9	0.014067320532301883
10	0.010326011880093936
11	0.007655293088363955
12	0.005721324308145692
13	0.003937007874015748
14	0.003257816457153382
15	0.0026592070728001104
16	0.0019454804991481328
17	0.0012432656444260257
18	0.0010015195468987428
19	0.000736750011511719
20	0.0005640742275636598
21	0.0003913984436156007
22	0.00037988672468573006
23	0.00017267578394805912
24	0.00016116406501818852
25	0.0001266289082285767
26	0.00011511718929870608
27	4.6046875719482436e-05
28	8.058203250909426e-05
29	5.755859464935304e-05
30	4.6046875719482436e-05
31	2.3023437859741218e-05
32	1.1511718929870609e-05
33	1.1511718929870609e-05
34	1.1511718929870609e-05
36	1.1511718929870609e-05
