1	0.4653203064915829
2	0.22761842367618992
3	0.12316632010710114
4	0.07169510354060443
5	0.04276924829806022
6	0.02569288176147207
7	0.016663343492750733
8	0.010097701313128435
9	0.006352009570740878
10	0.003930840003418121
11	0.00246389608909904
12	0.0017233030449767853
13	0.0009542256530036745
14	0.000583929130942547
15	0.0003987808699119834
16	0.0002706013045831316
17	9.969521747799584e-05
18	8.545304355256787e-05
19	2.8484347850855955e-05
20	1.4242173925427978e-05
21	5.696869570171191e-05
23	1.4242173925427978e-05
