2	0.7500500033335555
3	0.13077538502566838
4	0.04483632242149477
5	0.020234682312154143
6	0.012600840056003733
7	0.008500566704446964
8	0.005500366691112741
9	0.00446696446429762
10	0.0027335155677045138
11	0.00223348223214881
12	0.0019334622308153878
13	0.0017667844522968198
14	0.0012334155610374026
15	0.0015334355623708247
16	0.0009000600040002666
17	0.0009000600040002666
18	0.0009333955597039803
19	0.0006333755583705581
20	0.0005667044469631309
21	0.0005333688912594173
22	0.0003333555570371358
23	0.0005000333355557038
24	0.0003666911127408494
25	0.0003666911127408494
26	0.0003666911127408494
27	0.00026668444562970864
28	0.00023334888992599507
29	0.0001666777785185679
30	0.0002000133342222815
31	0.0001666777785185679
32	0.0002000133342222815
33	0.0001666777785185679
34	6.667111140742716e-05
35	0.0003000200013334222
36	0.00010000666711114075
37	3.333555570371358e-05
38	0.00010000666711114075
39	0.00010000666711114075
40	0.0001666777785185679
41	0.00013334222281485432
42	3.333555570371358e-05
43	0.00010000666711114075
45	6.667111140742716e-05
46	3.333555570371358e-05
48	3.333555570371358e-05
49	6.667111140742716e-05
50	0.00013334222281485432
51	3.333555570371358e-05
52	0.00010000666711114075
53	0.00013334222281485432
54	3.333555570371358e-05
55	3.333555570371358e-05
56	0.00010000666711114075
57	6.667111140742716e-05
58	6.667111140742716e-05
59	3.333555570371358e-05
60	6.667111140742716e-05
61	3.333555570371358e-05
64	3.333555570371358e-05
65	0.00010000666711114075
66	6.667111140742716e-05
68	3.333555570371358e-05
71	3.333555570371358e-05
72	6.667111140742716e-05
73	3.333555570371358e-05
75	6.667111140742716e-05
77	3.333555570371358e-05
78	3.333555570371358e-05
79	3.333555570371358e-05
81	3.333555570371358e-05
82	3.333555570371358e-05
84	0.00010000666711114075
87	3.333555570371358e-05
88	3.333555570371358e-05
89	3.333555570371358e-05
94	3.333555570371358e-05
99	3.333555570371358e-05
113	3.333555570371358e-05
131	6.667111140742716e-05
133	3.333555570371358e-05
139	3.333555570371358e-05
144	3.333555570371358e-05
149	3.333555570371358e-05
163	3.333555570371358e-05
167	3.333555570371358e-05
178	3.333555570371358e-05
190	3.333555570371358e-05
195	3.333555570371358e-05
216	3.333555570371358e-05
243	3.333555570371358e-05
249	3.333555570371358e-05
250	3.333555570371358e-05
252	3.333555570371358e-05
275	3.333555570371358e-05
286	3.333555570371358e-05
314	3.333555570371358e-05
321	3.333555570371358e-05
390	3.333555570371358e-05
597	3.333555570371358e-05
