1	0.6372637263726373
2	0.14431443144314432
3	0.06090609060906091
4	0.029102910291029103
5	0.0215021502150215
6	0.013801380138013802
7	0.0093009300930093
8	0.006800680068006801
9	0.006600660066006601
10	0.0046004600460046
11	0.0033003300330033004
12	0.0031003100310031005
13	0.0028002800280028
14	0.0023002300230023
15	0.0016001600160016002
16	0.0023002300230023
17	0.0023002300230023
18	0.0017001700170017002
19	0.0007000700070007
20	0.0013001300130013002
21	0.001000100010001
22	0.0007000700070007
23	0.0008000800080008001
24	0.0011001100110011
25	0.0007000700070007
26	0.0009000900090009
27	0.0007000700070007
28	0.0011001100110011
29	0.00040004000400040005
30	0.0008000800080008001
31	0.00040004000400040005
32	0.0005000500050005
33	0.0008000800080008001
34	0.0005000500050005
36	0.00010001000100010001
37	0.00020002000200020003
38	0.0006000600060006001
39	0.00010001000100010001
40	0.00020002000200020003
41	0.00040004000400040005
42	0.00020002000200020003
43	0.0006000600060006001
44	0.0006000600060006001
45	0.00030003000300030005
46	0.00010001000100010001
47	0.00030003000300030005
48	0.0008000800080008001
49	0.00020002000200020003
50	0.00020002000200020003
51	0.00020002000200020003
52	0.0005000500050005
53	0.00020002000200020003
54	0.00020002000200020003
55	0.00040004000400040005
56	0.00010001000100010001
57	0.0006000600060006001
58	0.00040004000400040005
59	0.00040004000400040005
60	0.00010001000100010001
61	0.00020002000200020003
62	0.00040004000400040005
63	0.00020002000200020003
64	0.00040004000400040005
65	0.00040004000400040005
67	0.00010001000100010001
68	0.00020002000200020003
69	0.00020002000200020003
70	0.00010001000100010001
71	0.00010001000100010001
73	0.00020002000200020003
74	0.00010001000100010001
75	0.00030003000300030005
76	0.00020002000200020003
77	0.00030003000300030005
78	0.00010001000100010001
79	0.00020002000200020003
80	0.00030003000300030005
81	0.0006000600060006001
85	0.00010001000100010001
86	0.00010001000100010001
87	0.00030003000300030005
89	0.00020002000200020003
90	0.00020002000200020003
92	0.00020002000200020003
93	0.00010001000100010001
94	0.00020002000200020003
95	0.00020002000200020003
97	0.00020002000200020003
98	0.00020002000200020003
99	0.0005000500050005
100	0.00010001000100010001
103	0.00020002000200020003
104	0.00020002000200020003
105	0.00020002000200020003
107	0.00010001000100010001
108	0.00010001000100010001
109	0.00010001000100010001
110	0.00020002000200020003
111	0.00010001000100010001
112	0.00010001000100010001
115	0.0006000600060006001
116	0.00020002000200020003
117	0.00020002000200020003
118	0.00010001000100010001
119	0.00010001000100010001
120	0.00010001000100010001
121	0.00010001000100010001
122	0.00010001000100010001
123	0.00010001000100010001
124	0.00030003000300030005
127	0.00020002000200020003
129	0.00010001000100010001
130	0.00010001000100010001
131	0.00010001000100010001
133	0.00020002000200020003
135	0.0005000500050005
137	0.00030003000300030005
138	0.00030003000300030005
139	0.00010001000100010001
141	0.00010001000100010001
142	0.00020002000200020003
144	0.00020002000200020003
146	0.00030003000300030005
149	0.00010001000100010001
151	0.0005000500050005
153	0.00010001000100010001
158	0.00010001000100010001
163	0.00020002000200020003
166	0.00010001000100010001
168	0.00020002000200020003
169	0.00010001000100010001
170	0.00030003000300030005
171	0.00020002000200020003
172	0.00010001000100010001
174	0.00010001000100010001
177	0.00020002000200020003
178	0.00020002000200020003
180	0.00010001000100010001
181	0.00010001000100010001
185	0.00010001000100010001
189	0.00020002000200020003
190	0.00010001000100010001
191	0.00010001000100010001
194	0.00030003000300030005
196	0.00010001000100010001
199	0.00010001000100010001
203	0.00010001000100010001
204	0.00010001000100010001
205	0.00010001000100010001
206	0.00010001000100010001
207	0.00020002000200020003
208	0.00020002000200020003
209	0.00010001000100010001
211	0.00010001000100010001
212	0.00010001000100010001
213	0.00010001000100010001
214	0.00030003000300030005
215	0.00010001000100010001
218	0.00010001000100010001
220	0.00020002000200020003
222	0.00020002000200020003
223	0.00020002000200020003
225	0.00020002000200020003
228	0.00010001000100010001
231	0.00010001000100010001
235	0.00010001000100010001
236	0.00010001000100010001
238	0.00010001000100010001
242	0.00020002000200020003
243	0.00010001000100010001
245	0.00010001000100010001
247	0.00020002000200020003
250	0.00010001000100010001
252	0.00010001000100010001
257	0.00010001000100010001
262	0.00010001000100010001
264	0.00010001000100010001
265	0.00010001000100010001
269	0.00010001000100010001
271	0.00010001000100010001
274	0.00020002000200020003
275	0.00020002000200020003
278	0.00010001000100010001
279	0.00020002000200020003
285	0.00010001000100010001
286	0.00010001000100010001
287	0.00030003000300030005
288	0.00010001000100010001
289	0.00010001000100010001
290	0.00010001000100010001
292	0.00010001000100010001
295	0.00010001000100010001
299	0.00010001000100010001
300	0.00020002000200020003
307	0.00020002000200020003
313	0.00010001000100010001
315	0.00010001000100010001
320	0.00010001000100010001
324	0.00010001000100010001
327	0.00020002000200020003
328	0.00010001000100010001
338	0.00010001000100010001
354	0.00010001000100010001
356	0.00010001000100010001
358	0.00010001000100010001
368	0.00010001000100010001
370	0.00010001000100010001
371	0.00010001000100010001
377	0.00010001000100010001
382	0.00010001000100010001
388	0.00010001000100010001
396	0.00010001000100010001
398	0.00010001000100010001
410	0.00010001000100010001
427	0.00010001000100010001
432	0.00010001000100010001
459	0.00010001000100010001
569	0.00010001000100010001
659	0.00010001000100010001
1069	0.00010001000100010001
