1	0.2017190588059813
2	0.16263937054853264
3	0.12732594995711674
4	0.10204347988216429
5	0.08043405302606556
6	0.0647350561211172
7	0.051553119290002614
8	0.04183913189394787
9	0.032796360517582133
10	0.027762240369914606
11	0.020490733489950404
12	0.01832792631539695
13	0.013592124398702317
14	0.010049595405899243
15	0.009173285602416377
16	0.007495245553193869
17	0.0056121117201775
18	0.004567997911772383
19	0.003728977887161129
20	0.0027967334153708467
21	0.001957713390759593
22	0.0019204236118879816
23	0.0015475258231718687
24	0.0010254689189693105
25	0.0011186933661483387
26	0.0007457955774322258
27	0.0004847671253309468
28	0.000577991572509975
29	0.00039154267815191856
30	0.0002050937837938621
31	0.0001678040049222508
32	0.0002050937837938621
33	0.00018644889435805645
34	0.00011186933661483388
35	0.00014915911548644517
36	0.00014915911548644517
37	3.728977887161129e-05
38	5.593466830741694e-05
39	5.593466830741694e-05
40	1.8644889435805646e-05
41	7.457955774322258e-05
43	1.8644889435805646e-05
44	3.728977887161129e-05
46	1.8644889435805646e-05
48	1.8644889435805646e-05
52	1.8644889435805646e-05
65	1.8644889435805646e-05
