1	0.45240755222880125
2	0.1657356719919562
3	0.0870852418724165
4	0.055803820802145014
5	0.03552675678695118
6	0.02927047257289688
7	0.021896994749190036
8	0.018433694559267123
9	0.014914534688861579
10	0.01133951513797341
11	0.009998882806390347
12	0.008099653669981008
13	0.006535582616467433
14	0.006759021338397945
15	0.006647301977432689
16	0.005809406770193274
17	0.0045246341190928385
18	0.003128142107027148
19	0.00402189699474919
20	0.0045246341190928385
21	0.0036308792313707967
22	0.003239861467992403
23	0.00307228242654452
24	0.0024019662607529884
25	0.002290246899787733
26	0.002904703385096637
27	0.0024019662607529884
28	0.002346106580270361
29	0.0024019662607529884
30	0.001564071053513574
31	0.002457825941235616
32	0.0019550888168919675
33	0.0013406323315830633
34	0.0011171936096525529
35	0.001061333929169925
36	0.0011730532901351805
37	0.0008378952072394146
38	0.001061333929169925
39	0.000782035526756787
40	0.0008937548877220422
41	0.00033515808289576583
42	0.0006703161657915317
43	0.0009496145682046698
44	0.0007261758462741593
45	0.000782035526756787
46	0.0008378952072394146
47	0.000614456485308904
48	0.000614456485308904
49	0.000614456485308904
50	0.0005027371243436487
51	0.0005027371243436487
52	0.0007261758462741593
53	0.0003910177633783935
54	0.00022343872193051055
55	0.00011171936096525528
