1	0.19938737711924776
2	0.1559338937170537
3	0.12074369568314575
4	0.10215130360450207
5	0.08170679583986323
6	0.06902692691266563
7	0.049294771334948
8	0.04003419290497222
9	0.036187491095597664
10	0.02942014531984613
11	0.020302037327254593
12	0.017666334235646102
13	0.014745690269269127
14	0.012751104145889728
15	0.010970223678586693
16	0.007907109274825474
17	0.0050577005271406185
18	0.005841287932753954
19	0.0040604074654509185
20	0.0032055848411454623
21	0.0024219974355321272
22	0.0015671748112266704
23	0.0022795269981478843
24	0.0012109987177660636
25	0.0007123521869212138
26	0.0009972930616896994
27	0.0007123521869212138
28	0.0009972930616896994
29	0.0005698817495369711
30	0.00021370565607636415
31	0.00028494087476848553
32	0.00021370565607636415
33	0.00021370565607636415
34	0.00021370565607636415
35	0.0003561760934606069
38	7.123521869212138e-05
39	7.123521869212138e-05
41	0.00014247043738424277
43	7.123521869212138e-05
45	7.123521869212138e-05
46	7.123521869212138e-05
47	7.123521869212138e-05
55	7.123521869212138e-05
