0.03125	0.09856917850569344	0.29049499882837193	0.27737603059335814	0.12917417369656045	0.12335425460672486	0.8742516696250648	0.11821270216137036	0.012074254938012733	0.13251081780580848	0.13248323641835966	0.058490123690454955	0.05847767545340119	0.8882564884199615	0.019675917026984357	0.05287958098408013	
0.0625	0.0801477407338282	0.19432548791166457	0.18545987196883745	0.08556204001192344	0.08166792398361658	0.8724420363155758	0.07942049512585095	0.026929198218211096	0.1247792963680769	0.12281021500524529	0.05459219005800765	0.05373484929288265	0.8850660857841977	0.021159784651076718	0.049325445452147176	
0.125	0.08024159985785795	0.14837005656776686	0.14244714939506783	0.07012695026273466	0.0673369003000593	0.8722293263323208	0.07485370925157861	0.05324231813622363	0.12152538059567575	0.11720051987100591	0.05674433993580914	0.054730913946160434	0.879141978851347	0.03902622976732898	0.06010000035184569	
0.25	0.11600807082969504	0.18160171061576164	0.1765058194120967	0.09541612223385093	0.09276317543764201	0.8730016312883709	0.12470587697131794	0.10744359478345977	0.1717992159851543	0.16647845582262233	0.08812516952009805	0.08541518939126876	0.8745309996467304	0.10783050772707548	0.11860121227071507	
0.5	0.5476432225470719	0.5983472568216788	0.5983467706148934	0.5983472568216788	0.5983467706148934	0.9265383235988152	0.6324008603937253	0.5458006449483136	0.5960288199911471	0.59602451319549	0.5045275036306236	0.504523858006807	0.9263413672283789	0.6303277755588319	0.6307374621003455	
1.0	0.9267167370251223	0.9331930342120117	0.9331930337367768	0.9331930342120117	0.9331930337367768	0.9905293341076206	0.9524608539768412	0.9267167370251223	0.9331930342120117	0.9331930337367768	0.9331930342120117	0.9331930337367768	0.9905293341076206	0.9524608539768412	0.9524608539768412	
2.0	0.9983980060501905	0.9984333952116368	0.9984333952104277	0.9984333952116368	0.9984333952104277	0.9998003503264663	0.9989977461599399	0.9983980060501905	0.9984333952116368	0.9984333952104277	0.9984333952116368	0.9984333952104277	0.9998003503264663	0.9989977461599399	0.9989977461599399	
4.0	1.0	1.0000000000000002	1.0000000000000002	1.0000000000000002	1.0000000000000002	1.0	0.9999999999999865	1.0	1.0000000000000002	1.0000000000000002	1.0000000000000002	1.0000000000000002	1.0	0.9999999999999865	0.9999999999999865	
8.0	1.0	1.0000000000000002	1.0000000000000002	1.0000000000000002	1.0000000000000002	1.0	0.9999999999999865	1.0	1.0000000000000002	1.0000000000000002	1.0000000000000002	1.0000000000000002	1.0	0.9999999999999865	0.9999999999999865	
16.0	1.0	1.0000000000000002	1.0000000000000002	1.0000000000000002	1.0000000000000002	1.0	0.9999999999999865	1.0	1.0000000000000002	1.0000000000000002	1.0000000000000002	1.0000000000000002	1.0	0.9999999999999865	0.9999999999999865	
