0.03125	0.10187812447972103	0.29271375313672515	0.280186394646867	0.1307695131461566	0.12518368474875674	0.8730998652896383	0.11792791359691487	0.012594239802563268	0.13301929164445336	0.13298797643651952	0.05896680966729968	0.058952574233175924	0.8881397236526716	0.020380969614551662	0.05264603538344078	
0.0625	0.08633839632827095	0.2134225383426575	0.20378394784572335	0.09416266606754826	0.08991778501048393	0.8736964232539008	0.09351300021959802	0.02899046450350489	0.13642898841329693	0.13430666064900465	0.05979566381142949	0.058868844189743495	0.8854292893651856	0.025885082939946007	0.0578401595067667	
0.125	0.09064985598469036	0.16843255197163082	0.1623889001118542	0.08105056394780268	0.07815351208285795	0.8716560674389043	0.08800557780086261	0.060373224203849184	0.13715385959783982	0.1326984895026812	0.0650797698912228	0.06297257694842653	0.8788071194441688	0.04766914057168828	0.07046890972254188	
0.25	0.13941175967957126	0.20948852422559333	0.20420600452573306	0.11101204520941425	0.10821732796856198	0.8753549081645284	0.16114054445890943	0.12904093037170558	0.19785060926884	0.1922598749739612	0.10226370855391168	0.09937758336811373	0.8766746097020697	0.1404718734313668	0.15313934598898576	
0.5	0.608889723385743	0.6539194016812735	0.6539180629433289	0.6337597058156298	0.6337585690486847	0.9391297591492347	0.6945069218537927	0.6069913533692824	0.6515087401041294	0.6515018643805741	0.5390321049711969	0.5390265406144668	0.9389188953906908	0.6923833156929249	0.6928068402200965	
1.0	0.9502900629902513	0.9535541425055178	0.953554142068813	0.9535541425055178	0.953554142068813	0.9936574312369781	0.9681623764364218	0.9502900629902513	0.9535541425055178	0.953554142068813	0.9535541425055178	0.953554142068813	0.9936574312369781	0.9681623764364218	0.9681623764364218	
2.0	0.9992000080401201	0.9992168532659351	0.999216853264967	0.9992168532659351	0.999216853264967	0.9999003003514538	0.9994995028002107	0.9992000080401201	0.9992168532659351	0.999216853264967	0.9992168532659351	0.999216853264967	0.9999003003514538	0.9994995028002107	0.9994995028002107	
4.0	1.0	1.0000000000000002	1.0000000000000002	1.0000000000000002	1.0000000000000002	1.0	0.9999999999999865	1.0	1.0000000000000002	1.0000000000000002	1.0000000000000002	1.0000000000000002	1.0	0.9999999999999865	0.9999999999999865	
8.0	1.0	1.0000000000000002	1.0000000000000002	1.0000000000000002	1.0000000000000002	1.0	0.9999999999999865	1.0	1.0000000000000002	1.0000000000000002	1.0000000000000002	1.0000000000000002	1.0	0.9999999999999865	0.9999999999999865	
16.0	1.0	1.0000000000000002	1.0000000000000002	1.0000000000000002	1.0000000000000002	1.0	0.9999999999999865	1.0	1.0000000000000002	1.0000000000000002	1.0000000000000002	1.0000000000000002	1.0	0.9999999999999865	0.9999999999999865	
