0.03125	0.0	0.52493452293685	0.43205733247087375	0.19614787969041558	0.1614433308468651	0.8857266232813801	0.0	0.0	0.2600935354711932	0.25410763781157486	0.09718171965876887	0.09494522042521511	0.8893829905503058	-0.008620513076535063	0.0	
0.0625	0.0	0.5042441537505251	0.4054371138801784	0.18722186094186957	0.1505356094730903	0.88759846193731	0.0	0.0	0.3418318084156188	0.30750161233877427	0.12691681188280687	0.11417074294803786	0.8893829905503058	-0.007409889718276737	0.0	
0.125	0.0	0.4911165604218133	0.3886503135769058	0.18182599286472406	0.14388993838311395	0.8891069821368985	0.0	0.0	0.41711905113938774	0.3446948627632276	0.15442858169936957	0.12761524287079037	0.8893829905503058	-0.0024836638846186675	0.0	
0.25	0.0	0.48438350329986646	0.3800780509166241	0.179132521256777	0.14055875031808032	0.8893863914173539	0.0	0.0	0.46686205318501506	0.3685181848504989	0.1726518519087013	0.13628297312408555	0.8893829905503058	7.992338662103776e-05	0.0	
0.5	0.40188664759359727	0.6236511390251185	0.5810955617382344	0.462108762443641	0.4461659594259505	0.9280320730155672	0.4544981982823998	0.39990552213960484	0.6212031920283702	0.5786203513960811	0.40765656507073605	0.39172672654654456	0.9277821797099046	0.4524764308878687	0.45292838792717766	
1.0	0.9670722251927201	0.9690417022934792	0.9690417022241851	0.9690417022934792	0.9690417022241851	0.9958306220615171	0.9790700971736598	0.9670722251927201	0.9690417022934792	0.9690417022241851	0.9690417022934792	0.9690417022241851	0.9958306220615171	0.9790700971736598	0.9790700971736598	
2.0	1.0	1.0000000000000002	1.0000000000000002	1.0000000000000002	1.0000000000000002	1.0	0.9999999999999865	1.0	1.0000000000000002	1.0000000000000002	1.0000000000000002	1.0000000000000002	1.0	0.9999999999999865	0.9999999999999865	
4.0	1.0	1.0000000000000002	1.0000000000000002	1.0000000000000002	1.0000000000000002	1.0	0.9999999999999865	1.0	1.0000000000000002	1.0000000000000002	1.0000000000000002	1.0000000000000002	1.0	0.9999999999999865	0.9999999999999865	
8.0	1.0	1.0000000000000002	1.0000000000000002	1.0000000000000002	1.0000000000000002	1.0	0.9999999999999865	1.0	1.0000000000000002	1.0000000000000002	1.0000000000000002	1.0000000000000002	1.0	0.9999999999999865	0.9999999999999865	
16.0	1.0	1.0000000000000002	1.0000000000000002	1.0000000000000002	1.0000000000000002	1.0	0.9999999999999865	1.0	1.0000000000000002	1.0000000000000002	1.0000000000000002	1.0000000000000002	1.0	0.9999999999999865	0.9999999999999865	
