0.03125	0.07610100774011527	0.25915967553439234	0.24530136507747397	0.11323489754803676	0.10718934353705904	0.8751147799989635	0.09088476370102931	0.00911954933819919	0.12002377930219103	0.12000788380874905	0.05212099916092879	0.052114083584269534	0.8883338389978735	0.011287998001524907	0.04109117230387914	
0.0625	0.06307932659977793	0.16872708144750032	0.1597984439652666	0.07315494972883024	0.06928646375200534	0.8738283454724842	0.05889997946610753	0.020894500116791982	0.10978097376332233	0.10770172365131192	0.04735064972882356	0.04645587808933075	0.8854475838512512	0.01234499211356069	0.037003509840582906	
0.125	0.062073690731617004	0.10947548139089888	0.10465915786625801	0.05075096290280477	0.04851855125814843	0.8711155056745803	0.04264708125035712	0.04110671562856918	0.09064900280403403	0.08713867777025074	0.041593666394360164	0.039983227498749094	0.878420966987586	0.020682914166579146	0.03443138291673447	
0.25	0.06924613021847757	0.0902572712866313	0.08699536017769553	0.04456023365273591	0.042952050098877585	0.8676472092901852	0.04273599663373136	0.06410512037522229	0.08597378467148024	0.08263565742208022	0.041758007298447995	0.04013847018547399	0.8696726662326661	0.03613192878931454	0.040672986768441576	
0.5	0.15511225262937225	0.1742186051077242	0.1718252954028321	0.10348086801618397	0.10208850254356099	0.8634822076538253	0.15021015975163438	0.15463799543823215	0.17431222460522697	0.17185648712254925	0.09919400400232917	0.09781957739719424	0.8635905589151107	0.14945867532973883	0.1498418005064882	
1.0	0.7685907513926569	0.8082174730385272	0.8081767234982798	0.8082174730385272	0.8081767234982798	0.9654401885740409	0.8315020053930272	0.7685907513926569	0.8082174730385272	0.8081767234982798	0.8082174730385272	0.8081767234982798	0.9654401885740409	0.8315020053930272	0.8315020053930272	
2.0	0.9889207076674917	0.989039076673454	0.9890390766720116	0.989039076673454	0.9890390766720116	0.9986067119308736	0.9930055840783177	0.9889207076674917	0.989039076673454	0.9890390766720116	0.989039076673454	0.9890390766720116	0.9986067119308736	0.9930055840783177	0.9930055840783177	
4.0	1.0	1.0000000000000002	1.0000000000000002	1.0000000000000002	1.0000000000000002	1.0	0.9999999999999865	1.0	1.0000000000000002	1.0000000000000002	1.0000000000000002	1.0000000000000002	1.0	0.9999999999999865	0.9999999999999865	
8.0	1.0	1.0000000000000002	1.0000000000000002	1.0000000000000002	1.0000000000000002	1.0	0.9999999999999865	1.0	1.0000000000000002	1.0000000000000002	1.0000000000000002	1.0000000000000002	1.0	0.9999999999999865	0.9999999999999865	
16.0	1.0	1.0000000000000002	1.0000000000000002	1.0000000000000002	1.0000000000000002	1.0	0.9999999999999865	1.0	1.0000000000000002	1.0000000000000002	1.0000000000000002	1.0000000000000002	1.0	0.9999999999999865	0.9999999999999865	
