0.03125	0.09900920648879248	0.28744695481266724	0.2746450102875152	0.12746161440007825	0.12179795205621353	0.8729576426850642	0.11359963565670594	0.0122036889658325	0.13103176342393946	0.13099405606513453	0.057677201566716296	0.05766025117559938	0.8881322689493139	0.019192788817772234	0.05076448641460742	
0.0625	0.08324281088606592	0.20818388157178278	0.19877610870582885	0.09155622518073603	0.08742360172472366	0.8730127230142803	0.08586866161099903	0.02798492121994097	0.13333392901674396	0.1312531706286432	0.05827690454203194	0.057370354652702474	0.8852338887132151	0.023516883546381182	0.05324469336892947	
0.125	0.08098105308300481	0.14422702315688674	0.13878020008283415	0.0688240287326956	0.0662251348470452	0.8711338053961033	0.07194714421228389	0.05390903384184377	0.11798043170076936	0.11398710299294876	0.05557779967865607	0.053696832587859546	0.87843896438553	0.03803616850645153	0.05770160705957687	
0.25	0.09488148887459322	0.1355189068292869	0.1316155373203379	0.0701549977044276	0.06813969922104764	0.8679335780945147	0.0814948170346162	0.08799706302116007	0.12851918976363508	0.12444029664851233	0.06508235897506248	0.0630210433286311	0.869968289866564	0.0705392054835624	0.07757099305354079	
0.5	0.16918482128225792	0.19806281331007256	0.1953408752183574	0.11477584216246546	0.11321740318325449	0.8660570073868558	0.17341526721100037	0.16868897228801033	0.19809820069025388	0.1953076928165178	0.1104833772295591	0.10894262730174738	0.8661492286440586	0.1725603747020677	0.173020843436717	
1.0	0.7643846871240966	0.7947213844976935	0.7946773045667656	0.7717763797420366	0.771738809184721	0.9663144813595895	0.8308740496627733	0.7643846871240966	0.7947213844976935	0.7946773045667656	0.7717763797420366	0.771738809184721	0.9663144813595895	0.8308740496627733	0.8308740496627733	
2.0	0.9880695227326436	0.9884255559117289	0.9884255559086371	0.9884255559117289	0.9884255559086371	0.9985052576492466	0.9924963011809369	0.9880695227326436	0.9884255559117289	0.9884255559086371	0.9884255559117289	0.9884255559086371	0.9985052576492466	0.9924963011809369	0.9924963011809369	
4.0	1.0	1.0000000000000002	1.0000000000000002	1.0000000000000002	1.0000000000000002	1.0	0.9999999999999865	1.0	1.0000000000000002	1.0000000000000002	1.0000000000000002	1.0000000000000002	1.0	0.9999999999999865	0.9999999999999865	
8.0	1.0	1.0000000000000002	1.0000000000000002	1.0000000000000002	1.0000000000000002	1.0	0.9999999999999865	1.0	1.0000000000000002	1.0000000000000002	1.0000000000000002	1.0000000000000002	1.0	0.9999999999999865	0.9999999999999865	
16.0	1.0	1.0000000000000002	1.0000000000000002	1.0000000000000002	1.0000000000000002	1.0	0.9999999999999865	1.0	1.0000000000000002	1.0000000000000002	1.0000000000000002	1.0000000000000002	1.0	0.9999999999999865	0.9999999999999865	
