0.03125	0.08697025074535356	0.30443117883638227	0.2883642148241882	0.1331549026544528	0.12613658359129656	0.8772998177018264	0.11562691183332832	0.010360727392546554	0.13982401598882188	0.1398069652395639	0.06078020703965851	0.0607727565135678	0.888552417235136	0.016641554353280043	0.05181606677041785	
0.0625	0.07515043540661627	0.21626573170022806	0.2051817924484482	0.09413098833389713	0.08930934132302867	0.8759151240464405	0.08565613283061216	0.02477936120147119	0.1387718613700968	0.13627313469674318	0.060064776255679755	0.05898455820806327	0.8860193827484247	0.02107915664723043	0.05302374818977899	
0.125	0.0896151221505695	0.19508727524520142	0.18669810807349035	0.09106228964668239	0.08714909098527783	0.8773722885177829	0.1065218949235551	0.05890107545165977	0.1591219024559396	0.15308256389273192	0.07346687800799874	0.07068025561799232	0.8822585033357038	0.05470685777750654	0.08537709327922982	
0.25	0.277955322053905	0.3465427547772923	0.34263033978924406	0.20867768215198054	0.20633533513520028	0.8905305288574347	0.3451735840752964	0.25773162962033147	0.32490325261885017	0.3202448675839447	0.18711372983569344	0.1844413212877581	0.8904068179624705	0.31203121654902055	0.3274042371806064	
0.5	0.753698310808781	0.7877110574765128	0.7877110015949658	0.7877110574765128	0.7877110015949658	0.9646769900636236	0.8228647702490255	0.7509274107626323	0.7844402898164746	0.7844347522855808	0.6640143695975427	0.66400968217884	0.9643214900407197	0.8202375692101178	0.8207604820094014	
1.0	0.9872666294571086	0.9876423879674302	0.9876423879576359	0.9876423879674302	0.9876423879576359	0.9984055557554647	0.991995838114814	0.9872666294571086	0.9876423879674302	0.9876423879576359	0.9876423879674302	0.9876423879576359	0.9984055557554647	0.991995838114814	0.991995838114814	
2.0	1.0	1.0000000000000002	1.0000000000000002	1.0000000000000002	1.0000000000000002	1.0	0.9999999999999865	1.0	1.0000000000000002	1.0000000000000002	1.0000000000000002	1.0000000000000002	1.0	0.9999999999999865	0.9999999999999865	
4.0	1.0	1.0000000000000002	1.0000000000000002	1.0000000000000002	1.0000000000000002	1.0	0.9999999999999865	1.0	1.0000000000000002	1.0000000000000002	1.0000000000000002	1.0000000000000002	1.0	0.9999999999999865	0.9999999999999865	
8.0	1.0	1.0000000000000002	1.0000000000000002	1.0000000000000002	1.0000000000000002	1.0	0.9999999999999865	1.0	1.0000000000000002	1.0000000000000002	1.0000000000000002	1.0000000000000002	1.0	0.9999999999999865	0.9999999999999865	
16.0	1.0	1.0000000000000002	1.0000000000000002	1.0000000000000002	1.0000000000000002	1.0	0.9999999999999865	1.0	1.0000000000000002	1.0000000000000002	1.0000000000000002	1.0000000000000002	1.0	0.9999999999999865	0.9999999999999865	
