0.03125	0.10257304001141927	0.28884539573168155	0.27655263343770475	0.12918935753677335	0.12370829145340326	0.8727357027356032	0.11815596731787972	0.01268767546362579	0.13132045010495066	0.13128422364067271	0.05826920454362683	0.058252531980605426	0.8881086535146894	0.02043206351230095	0.052777032143990356	
0.0625	0.08053311007821011	0.20260090044544884	0.19327330354148115	0.08918087064773723	0.08508012065198692	0.8729808374385992	0.08240227933477326	0.027087845576642417	0.12989769210444452	0.12783202603609717	0.05681511666799897	0.05591417037071773	0.8852235933004057	0.02188317529319702	0.051189396821851904	
0.125	0.08851208462599916	0.16716745233101138	0.1607509445643082	0.07949517892556172	0.07644699566308165	0.8732955162061706	0.0897005746994658	0.05875521541547061	0.13630976445320206	0.13163139986554823	0.06400736397145669	0.061812532279323186	0.8797701233875515	0.047891200107156154	0.0718553375411185	
0.25	0.1297234148270133	0.20412894450792254	0.1984175247820278	0.10548060253896097	0.10253439239338465	0.875484493935154	0.14937359043185733	0.12006452093761248	0.19304866120883474	0.1870735131348163	0.09761315875213686	0.09459588431312661	0.8768119605316841	0.12963844086135404	0.14207492299128008	
0.5	0.6212705018725697	0.6656295930807224	0.6656121763008895	0.6452664845759479	0.6452517256991223	0.9417891844120894	0.707453266627522	0.619345929111849	0.663170794554099	0.6631458921834811	0.5487778225385835	0.5487587892214895	0.941572217700994	0.7053086648775697	0.7057352676836353	
1.0	0.9429076996032023	0.947074859901759	0.9470748593633473	0.947074859901759	0.9470748593633473	0.992676941355732	0.9632408048258625	0.9429076996032023	0.947074859901759	0.9470748593633473	0.947074859901759	0.9470748593633473	0.992676941355732	0.9632408048258625	0.9632408048258625	
2.0	0.9983980060501905	0.9984333952116368	0.9984333952104277	0.9984333952116368	0.9984333952104277	0.9998003503264663	0.9989977461599399	0.9983980060501905	0.9984333952116368	0.9984333952104277	0.9984333952116368	0.9984333952104277	0.9998003503264663	0.9989977461599399	0.9989977461599399	
4.0	1.0	1.0000000000000002	1.0000000000000002	1.0000000000000002	1.0000000000000002	1.0	0.9999999999999865	1.0	1.0000000000000002	1.0000000000000002	1.0000000000000002	1.0000000000000002	1.0	0.9999999999999865	0.9999999999999865	
8.0	1.0	1.0000000000000002	1.0000000000000002	1.0000000000000002	1.0000000000000002	1.0	0.9999999999999865	1.0	1.0000000000000002	1.0000000000000002	1.0000000000000002	1.0000000000000002	1.0	0.9999999999999865	0.9999999999999865	
16.0	1.0	1.0000000000000002	1.0000000000000002	1.0000000000000002	1.0000000000000002	1.0	0.9999999999999865	1.0	1.0000000000000002	1.0000000000000002	1.0000000000000002	1.0000000000000002	1.0	0.9999999999999865	0.9999999999999865	
