0.03125	0.07853619452419233	0.26378652830954363	0.2499648150883021	0.11532019428786824	0.10928128875313588	0.8748785348105989	0.0932911445197793	0.009445824571846725	0.12188824177879276	0.12187588316844304	0.052964062854098604	0.05295867928639102	0.8883113488899781	0.012110732311534587	0.042126010790609084	
0.0625	0.06282925807838442	0.1757924577604359	0.16644365053529475	0.07616696915158795	0.07211690491752648	0.8740408122925052	0.05948336440677724	0.020820240264570335	0.11411339744513264	0.11195220343403849	0.04918475239112509	0.0482539901440248	0.8854880076516892	0.012323260850138205	0.037290664352597994	
0.125	0.06140501938032485	0.11500105787795845	0.10969729496322593	0.05288411508667436	0.05044669966678319	0.872325053726227	0.04576248074697246	0.04050303040627623	0.09514499202172441	0.09130826430196742	0.04333552877908879	0.04158901762808096	0.8791523097697537	0.02184701365865369	0.03689032975136378	
0.25	0.07249411195275708	0.0971032873866378	0.09353400552566064	0.04763502808916954	0.045884965131409564	0.8687924449221068	0.05118762453572121	0.06707905957224063	0.09247476766702992	0.08882618750240909	0.044658448236795475	0.04289717211948056	0.8707296086063993	0.043278463723371005	0.048733770220814474	
0.5	0.15808894833220927	0.1927382812423714	0.1894835468945491	0.10921085882741517	0.1074141525373153	0.86838020200426	0.1655369175884816	0.1576430544369527	0.19281985270931098	0.1894969593226504	0.1054850565419962	0.1037068502476827	0.8684604161933567	0.16466706376185747	0.16519128096779814	
1.0	0.8193353724444996	0.8387755675559477	0.8387755623608383	0.8387755675559477	0.8387755623608383	0.975202627744826	0.8755557723270165	0.8193353724444996	0.8387755675559477	0.8387755623608383	0.8387755675559477	0.8387755623608383	0.975202627744826	0.8755557723270165	0.8755557723270165	
2.0	0.9865216101962494	0.9866886787866674	0.9866886787773433	0.9866886787866674	0.9866886787773433	0.9983068591092887	0.9915003559154902	0.9865216101962494	0.9866886787866674	0.9866886787773433	0.9866886787866674	0.9866886787773433	0.9983068591092887	0.9915003559154902	0.9915003559154902	
4.0	0.9991979980100701	0.9992165419457019	0.999216541945461	0.9992165419457019	0.999216541945461	0.9999000499750125	0.9994982433597157	0.9991979980100701	0.9992165419457019	0.999216541945461	0.9992165419457019	0.999216541945461	0.9999000499750125	0.9994982433597157	0.9994982433597157	
8.0	1.0	1.0000000000000002	1.0000000000000002	1.0000000000000002	1.0000000000000002	1.0	0.9999999999999865	1.0	1.0000000000000002	1.0000000000000002	1.0000000000000002	1.0000000000000002	1.0	0.9999999999999865	0.9999999999999865	
16.0	1.0	1.0000000000000002	1.0000000000000002	1.0000000000000002	1.0000000000000002	1.0	0.9999999999999865	1.0	1.0000000000000002	1.0000000000000002	1.0000000000000002	1.0000000000000002	1.0	0.9999999999999865	0.9999999999999865	
