0.03125	0.10168289156594568	0.285500353322082	0.2735110719053903	0.1276610008017655	0.12231236515288324	0.8723541461880906	0.11468094838051827	0.012606679505687075	0.12978324653245754	0.12973738147774713	0.05757339039631145	0.05755258532403187	0.8880738713400081	0.01998448800410116	0.05121884039410921	
0.0625	0.0923899600250513	0.1983766189237869	0.1905416124110169	0.08857175090164995	0.08508412557032903	0.8707497004842322	0.09069450976200738	0.03152021449409944	0.12655178113652862	0.12487043865155618	0.056084358428529525	0.055343069036322357	0.8846026203318068	0.027200282152897153	0.05600115401387975	
0.125	0.09221125253978414	0.14781422260877536	0.1430550355758495	0.07286499182942065	0.07052929527337962	0.8693279104837155	0.08292140838676157	0.06184101625727014	0.12046326298164108	0.11689862393459358	0.05841431487090969	0.056691637437887986	0.8773776581825207	0.045993803631310136	0.06639999163445193	
0.25	0.08696786094311992	0.12191368828017408	0.11805625411499583	0.06190993523903843	0.05995509734420178	0.8684186553086886	0.07179764817807921	0.08052963026574969	0.11570947475591727	0.1117156342405595	0.05761357826777587	0.05562818752567672	0.8703913979242779	0.06145396358678694	0.0682792204527529	
0.5	0.1470102277302778	0.1689754556452787	0.16656116970507023	0.10004695452693994	0.0986835365457384	0.862424783652273	0.13851257900628577	0.14662408037122737	0.16917694852508308	0.1667057115263894	0.095972331126649	0.09462419963862137	0.8625315588579138	0.1378717699643226	0.13824276303866684	
1.0	0.1870534488267819	0.21214157052391172	0.20983985423836163	0.1318569243963726	0.1305424583994596	0.8677161963156645	0.19540542986514395	0.1870534488267819	0.21214157052391172	0.20983985423836163	0.1318569243963726	0.1305424583994596	0.8677161963156645	0.19540542986514395	0.19540542986514395	
2.0	0.6894753282106529	0.7316026219482163	0.7316011130505042	0.628225565107369	0.6282243946541252	0.9537038686740621	0.7679717489689224	0.6894753282106529	0.7316026219482163	0.7316011130505042	0.628225565107369	0.6282243946541252	0.9537038686740621	0.7679717489689224	0.7679717489689224	
4.0	0.7915614133228839	0.8190688719312579	0.8190687430936123	0.8190688719312579	0.8190687430936123	0.9703177854593872	0.8512639115995417	0.7915614133228839	0.8190688719312579	0.8190687430936123	0.8190688719312579	0.8190687430936123	0.9703177854593872	0.8512639115995417	0.8512639115995417	
8.0	0.9841019277674141	0.9843370262540692	0.9843370262369444	0.9843370262540692	0.9843370262369444	0.9980060036524222	0.9899901071625639	0.9841019277674141	0.9843370262540692	0.9843370262369444	0.9843370262540692	0.9843370262369444	0.9980060036524222	0.9899901071625639	0.9899901071625639	
16.0	0.9968016144828278	0.9968697063371706	0.9968689447796718	0.9355822238590525	0.9355815792145104	0.9996012268739667	0.9979979362751011	0.9968016144828278	0.9968697063371706	0.9968689447796718	0.9355822238590525	0.9355815792145104	0.9996012268739667	0.9979979362751011	0.9979979362751011	
