0.03125	0.10496155040263173	0.39670520935166464	0.3685478492685144	0.161006134402305	0.14958264353797954	0.8862659610552119	0.18219508595067962	0.012944560042266382	0.18840481808017018	0.18809580841492188	0.07631117785012399	0.0761864439542804	0.8894147339354778	0.02924029740912868	0.08250610690422562	
0.0625	0.11543444390950078	0.3151430719983029	0.29715332227297464	0.1290897166522492	0.12172928497261122	0.8838906066617966	0.17307741577930566	0.03633012306696688	0.19874473406655904	0.19485446948739688	0.08121316701923509	0.07962618411402726	0.8883962589983586	0.049900206818222236	0.10464909844979202	
0.125	0.14086251330000923	0.29602263504064996	0.2831857516905446	0.12521211304669203	0.11978859074952068	0.8846209185626238	0.19857818910085634	0.08177325234230692	0.22903436326150625	0.22126192532632682	0.09649906308438672	0.09322789600877565	0.8871354920564742	0.09727395725138258	0.15026782243620918	
0.25	0.19981972050540925	0.314350590957399	0.30728434941846455	0.15017307293224907	0.1468237512138963	0.8834709658396018	0.2523010377216834	0.16558928497008307	0.2792291351935834	0.27207664934227316	0.13158442576991786	0.1282329250051213	0.8848761491529811	0.19318455005762286	0.22432350718602412	
0.5	0.2486708901795363	0.3557710235975967	0.351718985917833	0.20858641344274736	0.20622533282302094	0.884778040140386	0.3030865257708796	0.23775689644016337	0.3435159129183637	0.33880535153904934	0.19350884008055308	0.19086699072007884	0.8850826190599763	0.28424971440376606	0.2935383675393729	
1.0	0.32103029720047116	0.4237680246037766	0.4208735567050744	0.2798328611886919	0.2779316618418994	0.8953957619536046	0.3941886622341636	0.3170880632057441	0.4186653854022615	0.41544820983502795	0.2599641483018891	0.2579746442889245	0.8953049448485991	0.38778468454889137	0.3905955485220157	
2.0	0.3687149242776192	0.4787433385904583	0.4772960026288944	0.341315046250524	0.34028259336026	0.897067665400726	0.44009076747943965	0.3678404447199718	0.47817835492870664	0.4766500950215537	0.31982738808749056	0.31880595121091976	0.8970440162793267	0.4388262609893584	0.43925415407877805	
4.0	0.38549676111126224	0.49632690208975944	0.4946747396568519	0.3632803554523095	0.36212306179242265	0.9006899862775916	0.463229368701853	0.38539398699760735	0.49623803510718584	0.4945832484890097	0.35380023506036623	0.35264177937781704	0.9006923237106704	0.4630986326640175	0.46311718980303995	
8.0	0.39508030292864676	0.5155956586951321	0.5148397433917598	0.39080069064570233	0.39026171232330276	0.894887598619194	0.46355479375644215	0.39508030292864676	0.5155956586951321	0.5148397433917598	0.39080069064570233	0.39026171232330276	0.894887598619194	0.46355479375644215	0.46355479375644215	
16.0	0.3934073765800275	0.5038313225458562	0.5027499459099662	0.37487074022917966	0.3741153354734209	0.8967203457999465	0.4646067963959181	0.3934073765800275	0.5038313225458562	0.5027499459099662	0.37487074022917966	0.3741153354734209	0.8967203457999465	0.4646067963959181	0.4646067963959181	
