0.03125	0.11007780972799794	0.4066545211327203	0.3787442995657787	0.16534810158350838	0.15400433377798442	0.8860152467159654	0.18711582568024188	0.013653134130829738	0.19258333317946758	0.19231367100918106	0.07814194355934583	0.07803290744190827	0.8893921828552507	0.031071921090236147	0.08471499240681227	
0.0625	0.11715180929376519	0.3316645497735649	0.3123400936262844	0.1357658246694793	0.1278651049275688	0.8850326183605631	0.18213407440650506	0.03664700674350338	0.2090971819520724	0.20489546287729396	0.08538552277494506	0.08367263443213849	0.8887220896786436	0.051620439946579236	0.11011489494352664	
0.125	0.15524392185155705	0.3254426743746631	0.31186288243243626	0.13774227904909053	0.13200167777956	0.8866360028714363	0.22183817480873777	0.0900251262857577	0.25115631872358385	0.242915598609178	0.10588146981587347	0.10241131410279955	0.8882155136640438	0.11066391317549659	0.16771257753223237	
0.25	0.21342313791513257	0.35645490312346906	0.3475269145312031	0.16671641167603338	0.16254350758939184	0.8896644271035722	0.2858709020841804	0.17574099495400602	0.3167045729549203	0.3078472632670659	0.1464755367466362	0.14238109613621014	0.8897152354432375	0.21596329610863876	0.2542686179336533	
0.5	0.27038717286537334	0.39435193576113015	0.3887603846508546	0.22205952952939803	0.2189212223462021	0.8936009280531548	0.3467930497779541	0.25801355274763116	0.38075118347467907	0.37444541752546684	0.20734985919812052	0.20392470627696113	0.893354967925384	0.32376939760838536	0.33597027817130776	
1.0	0.3486781604309944	0.4667934981625283	0.46358957789203775	0.3067144501314403	0.30465391806381736	0.9012947968067788	0.4316308483082267	0.34423649661955463	0.4609640953889623	0.457404749698223	0.2848303309232063	0.2826663698790144	0.9010773247258748	0.42446369416679913	0.4276287808564952	
2.0	0.34760571270091756	0.4805699752673579	0.476848060056189	0.3093513516434143	0.3069711566167651	0.9025810759845637	0.4332983747975878	0.34670522133222165	0.4800678900701866	0.4762316647919279	0.2965528802267502	0.29420853189400376	0.9025327996940238	0.4317991235545531	0.4324947584474308	
4.0	0.382540237511766	0.5009750740059626	0.49848559107969137	0.3460961775368682	0.3444062997690844	0.905314739562949	0.4676172478367314	0.38242884046546	0.5009174833217018	0.49841071957339744	0.34267421864830333	0.3410036359323385	0.9053086686376213	0.46742713430984617	0.46751760403180354	
8.0	0.3751765734745539	0.4958939555724677	0.49355552682154763	0.3491360908555498	0.3475330324472779	0.9031309451780931	0.45697146898869667	0.3751765734745539	0.4958939555724677	0.49355552682154763	0.3491360908555498	0.3475330324472779	0.9031309451780931	0.45697146898869667	0.45697146898869667	
16.0	0.3872802209708019	0.5036109859183462	0.501565746076549	0.359152813479285	0.3577103899745985	0.9048928094021763	0.4699669734518393	0.3872802209708019	0.5036109859183462	0.501565746076549	0.359152813479285	0.3577103899745985	0.9048928094021763	0.4699669734518393	0.4699669734518393	
