0.03125	0.11689463599700656	0.39738310335131255	0.3714380540221677	0.16175910903865953	0.15120167406718626	0.8845016765944989	0.18463320484307105	0.014698715871151857	0.18770925484277043	0.1875015204453617	0.07624627368587533	0.07616223925342361	0.8892267497706479	0.0329304720793142	0.08349786916442581	
0.0625	0.11498060125328799	0.31079436874798766	0.29450811961607243	0.12764117148571602	0.12096594838044443	0.8795937426756817	0.1531309963064855	0.036917406221966896	0.19529899551224866	0.1918670232250407	0.07999439287330333	0.07859216028911535	0.8872127890533502	0.04632267728468551	0.09253741815875377	
0.125	0.1665771184480452	0.30271280363099545	0.2934065861013383	0.13001729822038588	0.12602257583925427	0.8797753456344755	0.20728719227661724	0.09928637442303605	0.23201984626786226	0.22618808489255943	0.09917912942573129	0.09668793900367816	0.8846744554873676	0.1129583566530715	0.1564432933155604	
0.25	0.22443867922233	0.32646465279764386	0.32195251621241533	0.16340447378125664	0.1611876757591423	0.8796368746743761	0.2665434917784433	0.18770922163912734	0.2881504527189779	0.28312156946926553	0.14148019025603928	0.13904123910721752	0.8818969211049816	0.21154185569177214	0.23646854459960917	
0.5	0.26006458603012544	0.35470446156945334	0.3513977137228226	0.207839959132831	0.20589692271896892	0.8831978342549476	0.3109816638280838	0.24894803006563673	0.34228328990673024	0.3383266464942688	0.19266891293814656	0.19043601453209485	0.8835952446554316	0.2927523849896297	0.3011307793014391	
1.0	0.2710165096928341	0.396468714120166	0.39049576209902137	0.16641856717872422	0.16391794207418825	0.8905042260331063	0.33808267990509744	0.26756119775142273	0.3921165638492109	0.38580518133491165	0.16403661069949024	0.16140316279795874	0.8904740228407519	0.3318112705421218	0.3349855802092709	
2.0	0.2792767422140921	0.4203914425057528	0.41256179000814297	0.17531890972530956	0.17205706197240425	0.8958533993191649	0.3609356108616212	0.2785623955192088	0.42018232427399377	0.4122322579589094	0.17478966507350524	0.17148588333583908	0.8958367641656106	0.35954193233132414	0.360298661851881	
4.0	0.2644297560695607	0.41640643160252455	0.40732580489324766	0.16625652825300682	0.16263408814646946	0.8932840136647269	0.34107462258202914	0.26433807648923274	0.41638256311926947	0.40728361365540894	0.16619029577555103	0.16256145058524135	0.8932817377322995	0.3409025662506614	0.34099231961986926	
8.0	0.2542645648907967	0.4093186832627914	0.3998145077123648	0.1627448731628131	0.15896728594456597	0.8922285242878789	0.3290145515961728	0.2542645648907967	0.4093186832627914	0.3998145077123648	0.1627448731628131	0.15896728594456597	0.8922285242878789	0.3290145515961728	0.3290145515961728	
16.0	0.25386859852664273	0.4113098845068907	0.4002128144360306	0.16037451143874132	0.15604799496554805	0.891929769188563	0.3282222121819003	0.25386859852664273	0.4113098845068907	0.4002128144360306	0.16037451143874132	0.15604799496554805	0.891929769188563	0.3282222121819003	0.3282222121819003	
