0.03125	0.12023914066886074	0.398090684450574	0.372562499531761	0.1622448749902035	0.15184367068591137	0.8847063742349384	0.18932176147091231	0.015158316141948186	0.1878223928159472	0.1876336383693396	0.07638238370268886	0.07630591357307062	0.8892509276524171	0.03436644528413905	0.08551020505358073	
0.0625	0.12840065362053382	0.3358347007844185	0.31768473559811444	0.13782710472296542	0.1303830328210601	0.8847804002421373	0.1920733402509754	0.0404844434451789	0.21099872804282702	0.2071494324142829	0.0863794939877531	0.0848051742813499	0.8886544208343192	0.05776188689975449	0.11589615955446839	
0.125	0.16843441665648523	0.3232921367370257	0.31185118303927106	0.13764714924659455	0.13278873884940184	0.8840691422537523	0.22443617331315985	0.0991664126847914	0.24830096530148604	0.24125229490237904	0.10526413790813331	0.1022830447411532	0.886903992773364	0.11866145382459914	0.16939567045973397	
0.25	0.2099987358912902	0.3363421626331621	0.3298438127658206	0.16172654833879357	0.15862186990909252	0.8833740926317958	0.2628227379735491	0.17429124991624	0.2979745299513185	0.2912127265699244	0.14126845108507388	0.13807726279236457	0.8848133825248293	0.2030288930404271	0.23355116095914658	
0.5	0.2578271173237507	0.36622794805466063	0.36255278720742706	0.21787559358421493	0.21571070216903637	0.8845338360718633	0.31204922095988163	0.24657679937019283	0.353186568057409	0.34884517382940067	0.20132021385496804	0.1988623947607504	0.8848615105273367	0.29332732672077516	0.3020188602503445	
1.0	0.32956693526739345	0.4354334172310347	0.43262052767833553	0.2801372830058011	0.2783338499590129	0.8958453987193025	0.4028226416355376	0.3254650030058278	0.43007229836107913	0.4269276202786145	0.26152318151744736	0.25961781414534135	0.8957260959136575	0.3963000990064402	0.3990731987249066	
2.0	0.36399255413513715	0.474501213401837	0.47228158715034085	0.3280285730016209	0.3265119596373962	0.9010144680899966	0.44319073297394773	0.36308588412970505	0.4739926880362746	0.47167672740044264	0.3114286304684967	0.30993385112973976	0.9009726319442546	0.4417955061518987	0.44235901899471025	
4.0	0.3941195858561907	0.5067901196521502	0.5053056495674788	0.37761022913508346	0.37654866154481226	0.9021099076476915	0.47268537358589846	0.3940112907123794	0.5066913690177514	0.5052040093917889	0.3677886253183158	0.3667258491649889	0.9021101617818108	0.47254791916336814	0.47256854350426425	
8.0	0.40506860807884415	0.5183806325947866	0.5167984040526166	0.3761613970846456	0.37503184462434735	0.9049899535739112	0.4868085413294659	0.40506860807884415	0.5183806325947866	0.5167984040526166	0.3761613970846456	0.37503184462434735	0.9049899535739112	0.4868085413294659	0.4868085413294659	
16.0	0.39559133172882055	0.5111772992695297	0.5092565307189135	0.3646922595691036	0.3633352895620123	0.9061206497849621	0.4796378943798314	0.39559133172882055	0.5111772992695297	0.5092565307189135	0.3646922595691036	0.3633352895620123	0.9061206497849621	0.4796378943798314	0.4796378943798314	
