0.03125	0.1187886735863148	0.40075670763899274	0.37437110026898884	0.16318029448863294	0.15243773449448658	0.8858752123147081	0.1947710125045552	0.014865369657431491	0.18936318304756075	0.1891579103307756	0.07694321148883526	0.07685999105272448	0.8893763287419165	0.03433970242242593	0.08801885654035332	
0.0625	0.12731601420427568	0.34058272168583603	0.32196639240859376	0.13957130614175267	0.13194603346913622	0.884525453246859	0.18947470617762208	0.0402123080924401	0.21400084107376563	0.2100466157489564	0.08748556799407664	0.08587023416535758	0.8885820838642555	0.05699547951996964	0.114358342516604	
0.125	0.17140948959032976	0.32744439015852134	0.31586814232905536	0.13960760015107274	0.1346823391003006	0.8843416913290877	0.2278906217672172	0.10069154810033087	0.2514174583860073	0.24427066807784378	0.10671891770807511	0.10369144621945403	0.8870419021788674	0.12097851161047908	0.17178516889135803	
0.25	0.20748162756132554	0.326364633711476	0.31997421969814777	0.15693462518686369	0.15387068545638777	0.8829896030698532	0.25840164000601984	0.17221568047016741	0.2893831793194414	0.2827407248509056	0.13720596048769296	0.13406304851273135	0.8845194601912463	0.1996565562745137	0.22969873018195944	
0.5	0.2922857279706641	0.39863208866181893	0.3946428210515767	0.233084708215203	0.23077941200950464	0.8924411586717749	0.36228644186047354	0.27932719595310745	0.38434828400457544	0.379632013374052	0.21596905809997075	0.21334117980642184	0.8922888608240926	0.34074753146971604	0.3507982112430305	
1.0	0.3310672860585372	0.4374592374439123	0.43521494978571285	0.29819827007546135	0.2966879949707408	0.8944473789329426	0.4010957030821499	0.3270479066161781	0.4319882091042883	0.4294348225666729	0.27495606036392856	0.2733455215642335	0.8943688175963379	0.39487901235806494	0.3973742212861143	
2.0	0.36560063792269804	0.4769319055220086	0.47490576462366746	0.3402951615328219	0.3388607169680057	0.9011035594582287	0.44465902278122726	0.3646831621803698	0.476381396226991	0.47426428350327743	0.3205575264263	0.31914760260942654	0.9010613345762751	0.44327794964704637	0.44381197652877635	
4.0	0.38385069145921014	0.4972540552205569	0.496416477066684	0.3966305351759657	0.39602345340157574	0.8938984805204745	0.45172300763069834	0.3837427831581115	0.497156011278254	0.4963156273078774	0.38683667519824605	0.38622838963162487	0.8938989167314506	0.4515861764763132	0.4516062944717185	
8.0	0.40791557391629407	0.5229126229392603	0.521114363371868	0.383096251894274	0.38183916248047584	0.906361144495609	0.4922278129404144	0.40791557391629407	0.5229126229392603	0.521114363371868	0.383096251894274	0.38183916248047584	0.906361144495609	0.4922278129404144	0.4922278129404144	
16.0	0.3979991905599542	0.5127294275628497	0.5108503978345234	0.3722566720184789	0.3709057636690316	0.9068748603689359	0.48306101744218266	0.3979991905599542	0.5127294275628497	0.5108503978345234	0.3722566720184789	0.3709057636690316	0.9068748603689359	0.48306101744218266	0.48306101744218266	
