0.03125	0.0	0.5232737905364573	0.4299143836373952	0.19540538578073258	0.16054239028052927	0.8859975211068664	0.0	0.0	0.26551110646271325	0.2582522013691184	0.09914442623866129	0.09643398254273602	0.8893829905503058	-0.008179155248342793	0.0	
0.0625	0.0	0.5048613345552657	0.4062285914914483	0.1874811085614863	0.15085367526834176	0.8875340932704849	0.0	0.0	0.3385741889254589	0.3056922674687972	0.12572773949999277	0.1135172756897602	0.8893829905503058	-0.007538777994098346	0.0	
0.125	0.0	0.49336214845739584	0.3915152956128588	0.18273729051505702	0.14501406766199476	0.8888127967842138	0.0	0.0	0.402352908523172	0.33788306241151106	0.14902658659333898	0.125147841016516	0.8893829905503058	-0.004111813915356017	0.0	
0.25	0.0	0.4866675223867435	0.38298288835267896	0.1800432134623297	0.141684964590999	0.8892298587702043	0.0	0.0	0.44893857356241157	0.3598330295031285	0.1660842702325614	0.1331197919364674	0.8893829905503058	-0.0021840724953920082	0.0	
0.5	0.0	0.4837146903980236	0.37922807589368984	0.17886779125016297	0.14023078133676561	0.8893609176503805	0.0	0.0	0.4739890042560105	0.3727399683007432	0.17527046599958304	0.13783085691050556	0.8893829905503058	-0.0006916523351184754	0.0	
1.0	0.0	0.4830039034212235	0.3783250478483671	0.17858598631582312	0.13988199991934597	0.8893827506472549	0.0	0.0	0.4801441191308654	0.3762439415487496	0.17752769774722352	0.13911181777934095	0.8893829905503058	-1.5096300689432067e-05	0.0	
2.0	0.0	0.48278042485602574	0.37804119380103646	0.17849756952936421	0.13977251525326412	0.8893826886459788	0.0	0.0	0.48265648065845507	0.37793962561013333	0.17845102621967104	0.13973440068875234	0.8893829905503058	-4.8277252328157025e-05	0.0	
4.0	0.0	0.482732007411559	0.3779797002909027	0.17847841287979688	0.1397487963826224	0.8893830399381908	0.0	0.0	0.48272503718364324	0.3779708477500369	0.17847565678451557	0.13974538319197372	0.8893829905503058	4.476601313075333e-06	0.0	
8.0	0.0788098009459121	0.4842219897545525	0.4003355632365265	0.22577125284653446	0.19471671252763428	0.8911409670907332	0.09293578913798692	0.0788098009459121	0.4842219897545525	0.4003355632365265	0.22577125284653446	0.19471671252763428	0.8911409670907332	0.09293578913798692	0.09293578913798692	
16.0	0.31273556194793495	0.49793248772250553	0.47615050930325714	0.356289198914365	0.34790178305832925	0.89907956158982	0.37385986420617046	0.31273556194793495	0.49793248772250553	0.47615050930325714	0.356289198914365	0.34790178305832925	0.89907956158982	0.37385986420617046	0.37385986420617046	
