0.03125	0.11013640910468381	0.3939784789466372	0.36690758716672706	0.160143261644336	0.14914449061167834	0.8858117329354446	0.18528638392474414	0.013690789217670366	0.18676246685470696	0.18649716265869873	0.07575579797060768	0.07564858278396769	0.8893665438802248	0.030992476859863054	0.08380583353989839	
0.0625	0.10642884687351181	0.31294227969329036	0.2941717549358805	0.12783914296923685	0.12017539101157729	0.8836610979481755	0.16279117722068012	0.033292270138588216	0.19795128107543686	0.19382494000739467	0.08068035609842585	0.07900016464362661	0.888333128642804	0.04463480714404234	0.09859217349069396	
0.125	0.14852383537063144	0.29531916617114606	0.28373397234270914	0.12537386050672544	0.1204553406182121	0.8832786309644751	0.20108392850476084	0.08698841219551959	0.22794054004898734	0.22085503010064414	0.09637773180870708	0.09338225195164424	0.8864860388875486	0.10207154457744774	0.15219580931203697	
0.25	0.2018066737589285	0.31263109698429736	0.30595736995078054	0.14935068790468203	0.14618144255946347	0.8833712753106546	0.2540721995935922	0.16725898172023518	0.27752757154440894	0.2707116797828401	0.13080798865783408	0.12760906067452132	0.8847798294277363	0.19484609687865356	0.22581104335158927	
0.5	0.2603061718679659	0.36090559955887785	0.3571858153830355	0.20674108761307322	0.20461622633236182	0.884949346247384	0.315105851399547	0.24881128557832924	0.34816957724162245	0.3437816238058832	0.19226184476232308	0.18984187672962427	0.8851898101235463	0.29585595019679456	0.30497214493037683	
1.0	0.32705743132015114	0.43022746265199385	0.42814026557097573	0.3010432161468429	0.2995920552154948	0.8932874354874534	0.39523685392463753	0.3230276966688006	0.4247456536826875	0.4223553956320482	0.27613295312244757	0.2745862167514758	0.8932099010070743	0.38902150236694644	0.3915038635026943	
2.0	0.36719147311770006	0.4743499784140412	0.4733508893642854	0.3746696608858987	0.3739089147171458	0.8917914933589659	0.43307838400265075	0.366389839980262	0.4738112341263546	0.47276119505687086	0.34421889658289323	0.34347062011553664	0.891795280635699	0.431938745472661	0.43228024061492987	
4.0	0.38981850706147153	0.5010274011289483	0.5006816340461685	0.45599511371875023	0.45566847483547235	0.8829297095298001	0.44747203342019126	0.38972004769006635	0.5009007725557738	0.5005659540843872	0.4397393737895133	0.43944052517876137	0.8829374633050835	0.44735328942602137	0.44734663723443646	
8.0	0.4342777168218799	0.5330933407930171	0.5309419149862575	0.43806974674779237	0.43637564888614977	0.8764133165169186	0.498143353712313	0.4342777168218799	0.5330933407930171	0.5309419149862575	0.43806974674779237	0.43637564888614977	0.8764133165169186	0.498143353712313	0.498143353712313	
16.0	0.4409331310022372	0.5343371061140776	0.5318500837123158	0.416142156665752	0.41420526167174376	0.877164651674747	0.5067341897631154	0.4409331310022372	0.5343371061140776	0.5318500837123158	0.416142156665752	0.41420526167174376	0.877164651674747	0.5067341897631154	0.5067341897631154	
