0.03125	0.10735303039756912	0.4058196593759452	0.37717629319141016	0.16467160264324213	0.15305333174216668	0.8863039414726668	0.18533242271568323	0.01322489635306967	0.1926037477060372	0.19229200996471257	0.07799602433426782	0.07787018259938128	0.8894229459995142	0.030087700445837216	0.08391545249879705	
0.0625	0.10775551841359943	0.3274036469097254	0.3077287573412876	0.13342053114104027	0.1254136992489542	0.8824270727642161	0.15790689027436747	0.03392326784903678	0.20684868525940417	0.202511717359721	0.0841019001276153	0.08234196181972053	0.8879933342958971	0.04439444742299251	0.0955891538815228	
0.125	0.14578737517286014	0.30630000689979864	0.29356144905169784	0.12906447697738668	0.12370165914429247	0.8832824474031877	0.19837593869587494	0.085242726256837	0.23661550957065108	0.22886587225702676	0.09933247331341626	0.09608215928708957	0.8864872917024222	0.09986460106865383	0.1501825374380435	
0.25	0.1748230440569562	0.3026874654918814	0.29421867243636146	0.14013876677723866	0.13623599357484126	0.8826904062338468	0.22494908642402578	0.1443477097401976	0.26979002680817393	0.26151800799157565	0.12359250314705769	0.11981620436511646	0.8842546383195288	0.16791585827002367	0.2002379195718187	
0.5	0.24954487390020655	0.3407157708542953	0.3363021538857725	0.183543536312179	0.18120474976155418	0.8838146586567509	0.30297001485404607	0.2385880365098636	0.3291324124702211	0.3240938581009326	0.17245792242791375	0.1698493123415744	0.884150603921789	0.2841093106993181	0.2933109911924608	
1.0	0.3163837200280558	0.41481854064590673	0.41233282071597044	0.26558633580241037	0.26402921357567527	0.8912174133740092	0.38189351369623337	0.3125809973271867	0.40976231924275003	0.40697809484729924	0.24801574674262064	0.24635855403417026	0.8912018953246786	0.37592306038223766	0.3783655449367229	
2.0	0.3535563480102728	0.45396610310763486	0.45249986027772593	0.3202752056679109	0.3193007553010785	0.8928703437642767	0.42030624688733587	0.35268336507641623	0.45347057752517583	0.4519242228997712	0.301600731521431	0.3006187904197015	0.892845138010338	0.4190107316911288	0.41948174680389466	
4.0	0.3708675086859458	0.48174761884680894	0.48064171534877015	0.3535245840751412	0.3527428588735265	0.8955665373546641	0.44029296995587225	0.3707582749872629	0.4816558256930197	0.48054615158831177	0.34388898389742506	0.34310620735840347	0.8955661413746133	0.44015304435772273	0.44017694655797435	
8.0	0.3968381914923699	0.5105346978549932	0.5102555181230597	0.386216725975672	0.38600887708086223	0.893114204244562	0.4615124123406752	0.3968381914923699	0.5105346978549932	0.5102555181230597	0.386216725975672	0.38600887708086223	0.893114204244562	0.4615124123406752	0.4615124123406752	
16.0	0.4076559202009141	0.525886836639431	0.5257982080164648	0.4249676630885283	0.4248968945385668	0.8915135285601995	0.47110825171044324	0.4076559202009141	0.525886836639431	0.5257982080164648	0.4249676630885283	0.4248968945385668	0.8915135285601995	0.47110825171044324	0.47110825171044324	
