0.03125	0.12244163902490164	0.3994791941085313	0.3737384160820705	0.16279397097537096	0.15230504075792423	0.8856608021079163	0.1967924543004721	0.0153703783937443	0.18850698661900078	0.18832479069124133	0.0766555652608461	0.07658165397639882	0.8893511688865356	0.035603133572713365	0.08883693878701385	
0.0625	0.12965959296523505	0.3347961513786303	0.31686111662669963	0.13735749156494004	0.13000232867186737	0.8844979911756485	0.1913081513724128	0.04099641562219909	0.21019469110866001	0.20641675341227345	0.0860261532964269	0.08448098580554267	0.888568977576722	0.058308625570245964	0.11541417416013593	
0.125	0.16674748204047002	0.33027640932722235	0.3181800848094995	0.1406073465847993	0.13547495816355526	0.8847725874985279	0.22438308075487715	0.09775499914626659	0.2537403668243653	0.2463014603491227	0.10754787565818583	0.10440493902468857	0.8872454743404008	0.11763432205535432	0.16921072435349332	
0.25	0.2171085431417167	0.33495247508740966	0.3289775962600828	0.16326507918773478	0.1603806023390109	0.8835306281907501	0.2699200073486452	0.18039204526109484	0.29642422174646565	0.29011004835221	0.1422451917661503	0.1392354617787385	0.8849342033818122	0.20993654385057262	0.23968615609445748	
0.5	0.286728703395703	0.38236814832340793	0.3788401688205609	0.23150831245053144	0.22943922470421171	0.8890293640390711	0.35034699183729556	0.2741625186798987	0.36868332707578166	0.3644757150325856	0.21312301237077702	0.2107464740699295	0.8890276351538059	0.3296708062792003	0.33913044431645334	
1.0	0.3367194238469085	0.44261277378274944	0.44057444775680565	0.3059245969151797	0.3045341776110705	0.8945092611719467	0.4063730695999258	0.33262670119606097	0.4370144245455321	0.4346688928537873	0.2812996457467901	0.2798048998294043	0.8944170577023934	0.4001053801762403	0.40257368530431614	
2.0	0.36822176696361364	0.4804140280247339	0.4782667800443944	0.33631239164491655	0.3348166963653918	0.9018726644369404	0.44838937721256295	0.36727974334412383	0.47984166165854064	0.47760021118874735	0.3163614274054739	0.3148864748070466	0.9018238081322936	0.44697070169495434	0.4475253128644076	
4.0	0.38160407980470373	0.49272004826322374	0.49119152088826856	0.36706320173010926	0.36597227988765146	0.8999988676381232	0.457967199892311	0.38149933680604825	0.49263665515970134	0.49110473677152094	0.3577266587198525	0.3566346492791327	0.900000068879104	0.4578326295930105	0.4578550576385908	
8.0	0.39597351838476547	0.5113626067375387	0.5092896108725176	0.3644630509057546	0.36299791361626393	0.9070480177430147	0.48183336315410336	0.39597351838476547	0.5113626067375387	0.5092896108725176	0.3644630509057546	0.36299791361626393	0.9070480177430147	0.48183336315410336	0.48183336315410336	
16.0	0.39176376004557323	0.5050096927575668	0.503242335596252	0.35963523432381805	0.3583978039937775	0.9026735083869882	0.4718749525527513	0.39176376004557323	0.5050096927575668	0.503242335596252	0.35963523432381805	0.3583978039937775	0.9026735083869882	0.4718749525527513	0.4718749525527513	
