0.03125	0.07153748619115233	0.21556887967346244	0.20380424467286556	0.09433723794942453	0.08919841314799394	0.866172981616171	0.07444892955764992	0.009849465497867119	0.11115011041241107	0.11111014496717384	0.04841309270838094	0.04839549262849907	0.8880361137941712	-0.006198930374048414	0.03901682841121202	
0.0625	0.06348811685473096	0.12660119512214815	0.12030322348936429	0.05513238015920707	0.05240204396418004	0.8671918336741277	0.04370335356552477	0.023320617008298065	0.08875479658000088	0.08721313774136101	0.03853367273944114	0.03786159987497232	0.8834265076920957	0.0008885327364531037	0.029645743391587247	
0.125	0.07579639821326012	0.09934691560031686	0.09562427825126474	0.04599101073475291	0.04427022607641358	0.8660720447435276	0.053584479212611946	0.042625948502272026	0.08405164593019618	0.08187049126763432	0.038532837007082946	0.037530850084587265	0.8789772778082385	0.013859861810423748	0.042108179726371014	
0.25	0.09243689704635326	0.09963902086136271	0.09692828220443091	0.04888337172778157	0.047554047418717875	0.8629517173701824	0.06583148728260893	0.0725292062479144	0.0914752135052998	0.0888269115612961	0.044155276884604036	0.04287754220354713	0.8706982271133633	0.04228698151393898	0.05750061260776226	
0.5	0.15583160742194657	0.16282206794215087	0.1612826692916749	0.09632154357736887	0.09541575050411485	0.8554296982800811	0.13614679507409716	0.1450810342872443	0.15466508750237837	0.15273875488373312	0.08778558956136598	0.08669635704994595	0.8590382977976697	0.12257169658569644	0.1288765449555985	
1.0	0.23189662594061736	0.27355577153690663	0.2729564534817278	0.19427243832016838	0.19384627971054974	0.857300711520811	0.23567537107277842	0.22748214040778728	0.268847617819861	0.26801025569748227	0.17668647676659976	0.1761369047340315	0.8583465106998418	0.22982140884027044	0.23165077802932843	
2.0	0.2927198334889461	0.369912405287406	0.36972290897557925	0.2981252596480028	0.29797305834009474	0.8637423984452385	0.3167738910166486	0.29195233351540273	0.36916073438151126	0.36893419597105565	0.2673201206085848	0.26715687404488925	0.8638510683120518	0.3157628016570037	0.3159758170110372	
4.0	0.3529403979827819	0.44815647745216564	0.4480096247027186	0.37935626805461076	0.37923195988595393	0.8756451861055513	0.39855720556522095	0.35284394129525365	0.4480895054565764	0.4479389749216177	0.3705529955097447	0.37042779921312535	0.8756491962376594	0.398431947794935	0.39845375647744524	
8.0	0.3857359930674554	0.4910166643459048	0.4906238129990827	0.4753814157721054	0.47498936830210486	0.8714648100936879	0.4354388784642274	0.3857359930674554	0.4910166643459048	0.4906238129990827	0.4753814157721054	0.47498936830210486	0.8714648100936879	0.4354388784642274	0.4354388784642274	
16.0	0.3850371005754158	0.5000289268669993	0.49975435420705916	0.45405135844701655	0.45378051769033256	0.8764453870503122	0.43739252723970373	0.3850371005754158	0.5000289268669993	0.49975435420705916	0.45405135844701655	0.45378051769033256	0.8764453870503122	0.43739252723970373	0.43739252723970373	
