0.03125	0.10974770249213721	0.21097810143901138	0.20420343613701047	0.09781346333749927	0.09471462645282011	0.8557701011620376	0.0937830175421655	0.016339835038953872	0.10666270741700634	0.10656900826767488	0.04904341017858188	0.04899902741807034	0.8869718248346775	0.005874315420834416	0.048647657643064966	
0.0625	0.0925667112934809	0.13401774007231146	0.1299303788101025	0.0614904235457273	0.059629554516474156	0.8594971884504796	0.0648151433984289	0.03538342136823615	0.09236355137437437	0.09145144173971786	0.04214694964331793	0.04172712780852641	0.8811053071685707	0.013675708644483187	0.04310079847390873	
0.125	0.12459652561003196	0.13882860157677712	0.13604047476198303	0.0694815988079778	0.06809494810773414	0.8582863406912521	0.10372654147611274	0.0725947346985463	0.11196717163618072	0.11026361219506728	0.05499435209271682	0.054158267872616475	0.875325136317756	0.04780364689031448	0.07907703702884643	
0.25	0.1526248254152778	0.17516222460267553	0.17298517367264085	0.09320826974424948	0.09205650529247202	0.8565210711949959	0.13528060504485104	0.12181340275291852	0.15409139206614228	0.15167507717615314	0.07985239457259913	0.07860508125230144	0.8661949321310057	0.09914284923204893	0.116419025109741	
0.5	0.2143082981317594	0.2531645415661555	0.25145284537610735	0.14972882226328393	0.1487217924635748	0.863879724031498	0.22443461111717947	0.1992061856415185	0.23804823754331844	0.23574879505683177	0.13506615384924248	0.13376545847917937	0.8666590048915055	0.20357728187277097	0.2118048309714094	
1.0	0.2463944432616934	0.31426232702124934	0.3119727244405114	0.19967236154397391	0.1982314039495719	0.8763444981567823	0.28247811263750056	0.24121420963033663	0.3090052407949906	0.30633522217763637	0.18594893198642762	0.18435379851811068	0.8767481140885364	0.27413015528249024	0.2778556824564543	
2.0	0.2499616052698504	0.3468933812562093	0.3432719404389028	0.15109715926358794	0.14953055735459242	0.8784104234253538	0.2909289035405892	0.24925621234744674	0.34649883959502864	0.3427745734906994	0.1500700043676258	0.148467654178576	0.8784711734654131	0.28976976906743374	0.2902923919049339	
4.0	0.2622338162399861	0.35923427517820306	0.3559169895205927	0.16547927567888582	0.16395073775444144	0.8818267806160451	0.3097471215063574	0.2621562609656606	0.35924298641308033	0.35591284280198476	0.16499052053489896	0.16346021457176946	0.881829987195214	0.30961611899545183	0.3096764458600724	
8.0	0.26291953610926344	0.35834950997804677	0.35580583506611735	0.17607613810944572	0.17482850540747163	0.879466749479487	0.3058646388137811	0.26291953610926344	0.35834950997804677	0.35580583506611735	0.17607613810944572	0.17482850540747163	0.879466749479487	0.3058646388137811	0.3058646388137811	
16.0	0.2779790433055277	0.3639730110112046	0.36221950843187994	0.18374201215133254	0.18287282256112358	0.874439425547196	0.31600556601834207	0.2779790433055277	0.3639730110112046	0.36221950843187994	0.18374201215133254	0.18287282256112358	0.874439425547196	0.31600556601834207	0.31600556601834207	
