0.03125	0.0	0.518065355732262	0.4232017998923693	0.19345395664079512	0.15803080026357091	0.8787390361861309	0.0	0.0	0.26858143550179114	0.26099858748783333	0.10028492636437965	0.09745418176899681	0.8893829905503058	-0.025944311898658905	0.0	
0.0625	0.0	0.5015059759815018	0.40193035070343897	0.18615365985198182	0.1491927207013748	0.8855447440124692	0.0	0.0	0.351025691857933	0.3129462114124354	0.13028804567045307	0.11615655206258249	0.8893829905503058	-0.016428298816923002	0.0	
0.125	0.0	0.49352584980690895	0.39172472669006	0.18284985387482802	0.14513294495022444	0.886801703487069	0.0	0.0	0.3978647733872016	0.33709701818681703	0.1474041308191929	0.12489131928769966	0.8893829905503058	-0.016151751156367373	0.0	
0.25	0.0	0.4879070568638409	0.3845607179765035	0.1805443424622775	0.14230223419267243	0.8888683418036756	0.0	0.0	0.4400471019831523	0.35619865559961406	0.16283312737856964	0.1318062340565954	0.8893829905503058	-0.0061361327611355685	0.0	
0.5	0.0	0.48449206482278895	0.380216057938902	0.17917667369334608	0.14061293137096972	0.8893216385090537	0.0	0.0	0.46680264438626135	0.36880524246803087	0.17263371857570856	0.13639216829556391	0.8893829905503058	-0.0013057479461069973	0.0	
1.0	0.0	0.4832217006117604	0.3786017124256663	0.17867237315594825	0.13998888397994272	0.8893709998601029	0.0	0.0	0.47854521166819275	0.3753529751151863	0.17694231137482253	0.13878693570393263	0.8893829905503058	-0.0004815906237436177	0.0	
2.0	0.0	0.48279425750074434	0.37805876274318456	0.17850304379877557	0.139779292882433	0.8893825398781334	0.0	0.0	0.4823909268095246	0.3777413212696306	0.17835302288144644	0.1396612225585244	0.8893829905503058	-3.496438902999347e-05	0.0	
4.0	0.0	0.482732007411559	0.3779797002909027	0.17847841287979688	0.1397487963826224	0.8893830399381908	0.0	0.0	0.48272503718364324	0.3779708477500369	0.17847565678451557	0.13974538319197372	0.8893829905503058	4.476601313075333e-06	0.0	
8.0	0.33656805784679494	0.4054843130759023	0.40545900094733484	0.4054843130759023	0.40545900094733484	0.8711170136321374	0.3752233648312905	0.33656805784679494	0.4054843130759023	0.40545900094733484	0.4054843130759023	0.40545900094733484	0.8711170136321374	0.3752233648312905	0.3752233648312905	
16.0	0.3425464587930721	0.4141767235330837	0.4141468158513087	0.4141767235330837	0.4141468158513087	0.8723801563745555	0.3832529401816922	0.3425464587930721	0.4141767235330837	0.4141468158513087	0.4141767235330837	0.4141468158513087	0.8723801563745555	0.3832529401816922	0.3832529401816922	
