0.03125	0.07243669046526778	0.21239759537790354	0.20120639893206094	0.09309054860055807	0.0881885097680002	0.8649813469877303	0.07091713525598589	0.010009244703031786	0.10960674821798358	0.10956706372783868	0.04780432671484439	0.04778675172669878	0.8879170139877305	-0.0064822817012837415	0.037449763179947464	
0.0625	0.06437705815087058	0.12521727354229312	0.11924394529035234	0.05468034133778262	0.05207648486901969	0.8673695450883416	0.04481199512643842	0.023414010614253154	0.08763475562697806	0.08617423006218672	0.03813450382148365	0.03749541768870294	0.8835520532247901	0.0015364834860176883	0.030294219932813154	
0.125	0.073127597408356	0.09410031134540155	0.09070422183315215	0.043889063327404956	0.04230507277655336	0.8649886323422049	0.046025302440731594	0.04097224929394667	0.0802865207905119	0.07824952378914128	0.0370598821417933	0.036117999882748816	0.8785418377743064	0.010359743398036244	0.03656325420344817	
0.25	0.0961650298216989	0.10438091029313537	0.10181273196181699	0.051810723771072584	0.05053555741918266	0.8619075440637752	0.06826928741287874	0.07568104841104363	0.09548667087330255	0.09294871681976517	0.046619897169316735	0.045380818665647214	0.8699516379517567	0.044878951614990246	0.05962294641803961	
0.5	0.14907353804592208	0.1549010115083868	0.153306082954648	0.08585752715218095	0.0849682000533323	0.8528017725864748	0.12258406122513835	0.13887835712563815	0.14731544894176787	0.14534527263704639	0.07911508752156524	0.07805219793948918	0.8566889425211304	0.11043297608354967	0.11607296055983363	
1.0	0.2388412346067073	0.2646621671224465	0.2643390111701916	0.20497059862409167	0.20475938298218316	0.8495422544747484	0.23580004014129688	0.2344607026969915	0.2599079148725494	0.2594592344373598	0.18244316238952407	0.18216004383443193	0.8508064460469548	0.2303012722621375	0.23160263235839929	
2.0	0.29681324517263336	0.36144579144096145	0.36126395826393776	0.3101535755566317	0.3100069026262498	0.8663503412046675	0.3241762206995496	0.29604775114395093	0.36076712334266803	0.3605542450646098	0.27327902042483326	0.27312436858901645	0.8664546680475599	0.3231557353692144	0.323392778699807	
4.0	0.3599410890086967	0.4314380796578277	0.4299687110430055	0.35826954099806413	0.35711524867701205	0.858308140100194	0.3987233875865807	0.35986169376816746	0.4313997650502467	0.4299358574542538	0.34618670565064924	0.3450438830144359	0.8583233421004948	0.3986262066670095	0.3986275860748044	
8.0	0.40581318062886645	0.48639831690120056	0.48405539343494475	0.3788073900872684	0.37698271945707196	0.8654081765632936	0.4601371904766115	0.40581318062886645	0.48639831690120056	0.48405539343494475	0.3788073900872684	0.37698271945707196	0.8654081765632936	0.4601371904766115	0.4601371904766115	
16.0	0.40264193624373706	0.4869411050568334	0.48452863922970535	0.3792301139279171	0.37735128365261666	0.863755905831664	0.45591716257816495	0.40264193624373706	0.4869411050568334	0.48452863922970535	0.3792301139279171	0.37735128365261666	0.863755905831664	0.45591716257816495	0.45591716257816495	
