0.03125	0.1170548954489214	0.22006796943330853	0.21283661733532258	0.10058512110119788	0.0973034712435632	0.8555158790949531	0.1038991872011433	0.01758030495604581	0.11060137329704392	0.1105097615772677	0.05020084577388917	0.05015830968131259	0.8869633791073657	0.009532716547330745	0.053429530201752985	
0.0625	0.11133311970039646	0.1689928113459805	0.1642122838005618	0.07667761173605978	0.07452216036160127	0.8582552817652729	0.08792230937224359	0.042804036617615324	0.11296025077415003	0.1119959897387663	0.05100704863120015	0.05056535220902765	0.8806412077956551	0.024973069619432207	0.056867714624552645	
0.125	0.1316919666832604	0.15254261208405648	0.1499743336393829	0.07547472491941032	0.07419792009769376	0.8565772924920397	0.10801165690250629	0.07804644025741418	0.12182119290552465	0.12018564199220354	0.05929209377886794	0.058492552436681576	0.8746107591125032	0.053537100472478796	0.0826090993090735	
0.25	0.16653135016176132	0.19447624937726443	0.19223513952708277	0.10170859701288752	0.10054215077803652	0.8586000282403621	0.15631947451679962	0.13287718989916125	0.1701850519722488	0.16764782216839139	0.08680978133358837	0.08551971460199785	0.8677723877370971	0.11594400929382653	0.13438955987431442	
0.5	0.22572852843309668	0.2785394932294385	0.27693554368942813	0.16489114222655843	0.16396476477223293	0.8635774964285984	0.2377498313602829	0.2100903290390786	0.2614095894712515	0.25918512923367343	0.14831948750764706	0.1470769094312438	0.8663655950092748	0.2164219764448712	0.2243853125393974	
1.0	0.27803925167408244	0.35210929457249607	0.3513358794736744	0.2557621313818096	0.2552060127913033	0.8695636831622935	0.3071430324092032	0.2725488171581838	0.34526917208426194	0.3441958904419614	0.23111677904106903	0.23040371240611904	0.8701707931258049	0.2994108421424953	0.3018989908955413	
2.0	0.34409641137182423	0.4425316391206322	0.4422789238570002	0.3517594804805775	0.35156217732264394	0.8725206000279737	0.3865188341809619	0.34318753212047715	0.44143536537931194	0.4411498385831966	0.31613676917168015	0.3159368251946547	0.8725835573732675	0.3853287955670443	0.3855442572640827	
4.0	0.3708395628115898	0.4763043346074188	0.47610230988075897	0.4087860081416945	0.40860613362669024	0.8748887851325359	0.4193762442169858	0.370743741282117	0.47623214134382386	0.47602658862497205	0.399815826682802	0.39963497337180454	0.874893169493229	0.41925219375352185	0.419272955678173	
8.0	0.38465927736246874	0.4963487568041879	0.49602690184938203	0.4653392429916273	0.4650183773849518	0.8721414030984187	0.43421907462683673	0.38465927736246874	0.4963487568041879	0.49602690184938203	0.4653392429916273	0.4650183773849518	0.8721414030984187	0.43421907462683673	0.43421907462683673	
16.0	0.39750313415793653	0.5114866222173655	0.5110629243867186	0.495644341513782	0.49522138548538425	0.8747345308210246	0.45124601200314485	0.39750313415793653	0.5114866222173655	0.5110629243867186	0.495644341513782	0.49522138548538425	0.8747345308210246	0.45124601200314485	0.45124601200314485	
