0.03125	0.17481943512477083	0.23200423184279986	0.22891587862849527	0.10680386322527449	0.10542828487877623	0.8026889557904875	0.10620800431641605	0.03351687073128917	0.11185661699980982	0.11129502609077117	0.05107354162174711	0.05080777319480271	0.8817702445407345	0.025722801346740477	0.05618052916505019	
0.0625	0.14710658191329012	0.2033049565170082	0.1994623975625041	0.09371489330061096	0.09203742287780052	0.8307658658177756	0.09709292080911705	0.06377919289147446	0.13231192217631907	0.13169733173962958	0.06056527546019488	0.060294264047652445	0.8720203137678524	0.03764007069820098	0.06321857328206604	
0.125	0.16354880735008015	0.1880445225118315	0.1865048661670552	0.09494722593791623	0.09419381391423777	0.8376518252247493	0.1219690861910816	0.10169946712200575	0.1464752593810094	0.14534004463852632	0.07244990635754212	0.07190024096734544	0.8659857643296103	0.06989414524949014	0.09283372179181418	
0.25	0.17524648000936743	0.21233042908841773	0.21001116841602138	0.10780121110934573	0.10666088357754835	0.8555991974963073	0.1632110884491504	0.14038257605895904	0.18475430867892428	0.1821075522852104	0.0916796398641277	0.09039248236612865	0.865723807224764	0.12270892353433405	0.13992134409937443	
0.5	0.22320541047851625	0.2776240877794822	0.27599564522313325	0.15182787771905387	0.15095153072088077	0.860139271497266	0.22941931791878378	0.208004284852849	0.26057665103549355	0.2583189236875822	0.13830696356567915	0.1371210777691966	0.8633731575844739	0.2094598347843526	0.21645680301134843	
1.0	0.27979346049024706	0.3540358851136355	0.3534142321939395	0.24167774813347415	0.24126297092956764	0.867141000972999	0.3051505947551708	0.27438823998166895	0.34709658729050635	0.34618751346056603	0.22122071089629972	0.2206501324947124	0.8678511441411629	0.29785203634330426	0.29986323592191794	
2.0	0.34771227515639097	0.4449651991492214	0.44482448244615497	0.3286406594740643	0.32853602416690053	0.8659015401088735	0.3861301084313864	0.3468057744421026	0.4437496619624784	0.44360250358246356	0.30086384010203976	0.3007633390618381	0.8659834783421528	0.3849785758433702	0.38510788678588687	
4.0	0.3763281227224646	0.4873824389709182	0.48688664499812495	0.4425103343508468	0.4420462971631469	0.8638765527191845	0.4207049317106816	0.3762364376276046	0.487276018417022	0.486790363301797	0.4272328364551005	0.4267943752958245	0.8638873691467733	0.4205937545280941	0.42058811420205455	
8.0	0.38837798481257585	0.5046065192003457	0.5040416290523541	0.48900254558559964	0.48845409372088733	0.8673655813896108	0.4372776181772502	0.38837798481257585	0.5046065192003457	0.5040416290523541	0.48900254558559964	0.48845409372088733	0.8673655813896108	0.4372776181772502	0.4372776181772502	
16.0	0.3983369956456604	0.5157298576265469	0.515122974652358	0.5157298576265469	0.515122974652358	0.8703592034361813	0.45068281995423976	0.3983369956456604	0.5157298576265469	0.515122974652358	0.5157298576265469	0.515122974652358	0.8703592034361813	0.45068281995423976	0.45068281995423976	
