0.03125	0.1944877847360238	0.2053878291407525	0.19949511252226207	0.09848309334478164	0.09526474250236695	0.635720723570583	0.07965231395583136	0.05115210146374137	0.09626414270461628	0.09480432540973392	0.04544479276409323	0.044689329723137064	0.8703576572487245	0.028193062359302246	0.04737543148587363	
0.0625	0.16829701164610095	0.14187542918567606	0.14124836625282527	0.0725060570972454	0.07213298087660147	0.7655286928601793	0.06559313579995765	0.08342689153339358	0.0914846440522584	0.09137850824347918	0.04604435580547953	0.045984804970011964	0.8550158214611706	0.032309948450586976	0.04434128721174805	
0.125	0.15717913628267693	0.08904982641358164	0.08895568074635832	0.05182119406864845	0.05175231234849929	0.7741921974616879	0.052765637337626445	0.10598178156394762	0.07365009397551577	0.07363631158236081	0.04357103383233203	0.04356378662169809	0.8368685533465969	0.03089709422271226	0.0424119266368036	
0.25	0.14179553782592497	0.06703167122212546	0.06686387396124684	0.04019124284609458	0.04008899528135297	0.7885347558700926	0.042136605931863524	0.11937058017939636	0.06282119545787265	0.06268304740524858	0.03579878354181773	0.03571898576840271	0.8190641128324934	0.033168234050350784	0.03699033339055582	
0.5	0.13044413737797012	0.03950159875453522	0.039472763006380265	0.031385499303015076	0.031361197802519176	0.7909901342911231	0.023687714596272523	0.12336003799832995	0.03965060294431457	0.03961707643339651	0.028209700373446122	0.02818583736875362	0.8018939847712637	0.021752557506010687	0.022402980035817515	
1.0	0.15193192806154845	0.0699573373337953	0.06988182740203477	0.06624695244648456	0.06618539912969948	0.7924669824766746	0.05942424488016993	0.1496220364665864	0.07081607468125348	0.07077601749977372	0.06253787519680229	0.06249805517550172	0.7956566080075381	0.05818220686524178	0.05837036941088515	
2.0	0.205667203100322	0.1629464940870338	0.16243610800668568	0.13348278874399427	0.13307511827538449	0.8033667921845786	0.15126839225025657	0.20525004387124773	0.1632899965230274	0.16282634345581765	0.15870560216505183	0.15824848376720874	0.8037758531082646	0.15090134371691497	0.15089039949858085	
4.0	0.2665909072097222	0.27685566232652004	0.2762822822499761	0.2412103421385714	0.24076117135755776	0.8348504824151792	0.26079524784119773	0.26652540292068794	0.2768862289481451	0.2763149049580582	0.2325076592898399	0.23206175923407413	0.8348698402734973	0.2607156332917593	0.2607239870811503	
8.0	0.3352306763355831	0.3752837414515642	0.37005384727993057	0.23655266038987008	0.2337116843957574	0.8221557887064245	0.3574965841330841	0.3352306763355831	0.3752837414515642	0.37005384727993057	0.23655266038987008	0.2337116843957574	0.8221557887064245	0.3574965841330841	0.3574965841330841	
16.0	0.36834037346249965	0.43242603074393304	0.4230420227521254	0.27380740653550195	0.2706266554487435	0.8241669093418691	0.4090164282006901	0.36834037346249965	0.43242603074393304	0.4230420227521254	0.27380740653550195	0.2706266554487435	0.8241669093418691	0.4090164282006901	0.4090164282006901	
