0.03125	0.1076568010212614	0.348317182595218	0.3291167324718859	0.1530248145619439	0.14461618917472227	0.875977592323966	0.16613306946812667	0.0144147021145855	0.17105273769969906	0.1709783397576693	0.0747085770890427	0.07467588429362924	0.8890984929116001	0.014065943948596633	0.08069152447276129	
0.0625	0.15660151914687012	0.32779298398394074	0.3153315436816049	0.14854120955793546	0.1429499392231119	0.8826826636589583	0.21836935240897662	0.05842570021269895	0.2153467942578163	0.21236352947727025	0.09692926199001704	0.09557926139425107	0.8885383243776406	0.07320792371512583	0.14004426800444136	
0.125	0.20162179810985176	0.3398328062886543	0.3307065349553217	0.16338401151784676	0.15902310319865662	0.8860713844005865	0.2690037570161303	0.1124111990922229	0.25879831085595384	0.25365222954146294	0.12266346745018006	0.12023033581772154	0.8889231088996234	0.13395705002906463	0.20054610069955664	
0.25	0.22786056033372298	0.35670164379981584	0.3501645548873456	0.18683081472356708	0.18344370277017533	0.8881271039448512	0.2943929109228144	0.17611976119532008	0.3074663475123533	0.3009788197739143	0.15707541411005882	0.15378587968735333	0.8888755666501653	0.2094941481916588	0.2524923968913228	
0.5	0.261709947290682	0.3961631540324089	0.3915684365497841	0.2297507173264271	0.22710037538800182	0.8882857208846451	0.3240627799976985	0.24117285434067964	0.37174193713287057	0.3662559497736774	0.2073779426787497	0.2043277885773219	0.8884525585613074	0.28962275154734074	0.3063112411227426	
1.0	0.31957628132911753	0.45514552262646973	0.4514724847174378	0.2832405845444155	0.2809736461852926	0.8957046859912905	0.3935915714273426	0.3124218200347835	0.4464123025467421	0.4421878387301937	0.2641134125282818	0.2616281503927557	0.8955190958036214	0.381869716721844	0.3871545379055367	
2.0	0.35448403690296526	0.483586901909325	0.48023712219682163	0.3231717494965477	0.3209486647970949	0.9029856842882568	0.43954658744025077	0.35330061545179614	0.48246526740273377	0.4789842881275754	0.3024660740897658	0.30029628443363476	0.902915605942936	0.4376497683416646	0.438487875608841	
4.0	0.36854664436538875	0.4918106794776011	0.4889565592341091	0.33571022404503975	0.33380771357557026	0.9041409435638925	0.45399662747867764	0.3684269621178029	0.49174488742659594	0.4888766905068211	0.33114741382199175	0.3292567289797137	0.9041341842816946	0.4538153303367573	0.45388706531794654	
8.0	0.38919912367546833	0.5100577440037426	0.5077505393408951	0.35909917051430984	0.35750404905885624	0.9061466692984481	0.4745358671318215	0.38919912367546833	0.5100577440037426	0.5077505393408951	0.35909917051430984	0.35750404905885624	0.9061466692984481	0.4745358671318215	0.4745358671318215	
16.0	0.3984963779945222	0.5098398294929071	0.5076040454175426	0.3504074487110923	0.34887081828640276	0.907414922246622	0.48459796357986856	0.3984963779945222	0.5098398294929071	0.5076040454175426	0.3504074487110923	0.34887081828640276	0.907414922246622	0.48459796357986856	0.48459796357986856	
