0.03125	0.18022917946547762	0.2313546042789914	0.22766848349361837	0.10441381431617433	0.10274190482277464	0.7510229482459196	0.08740249579729498	0.04012249315993272	0.11071167574288845	0.10993496609475864	0.04961317863751244	0.04924279456202094	0.8774414493983681	0.02387960374421531	0.04918335774834409	
0.0625	0.1458108419176996	0.20215797175966746	0.19841768545915822	0.08823950655337123	0.0866537443300982	0.815256441204267	0.07616255498082866	0.06578009905679877	0.13144326183313132	0.13086679689871983	0.05717120334552669	0.05692497510392715	0.8674859154704793	0.02990908600455518	0.05064304987625867	
0.125	0.14580517965924106	0.16520287516836524	0.16363237744588138	0.07750927568882031	0.0767870005373788	0.8277594075584662	0.08529476911387254	0.09147796297500722	0.1302007964346362	0.12908698448669176	0.06036597760985322	0.059856874555389086	0.8614508321098807	0.04647610910197532	0.0664020735780018	
0.25	0.16296783652810726	0.19172768864422654	0.189482931456406	0.09326113399825209	0.09218548006338378	0.8464455643060976	0.1343848990417904	0.13157611044927844	0.16769806181519936	0.16517757443534878	0.08028406295835577	0.07908924384361324	0.859343868344542	0.10141889057722273	0.11540726693478787	
0.5	0.2016614978099424	0.2650649353842792	0.26260163476667187	0.14153139110239474	0.1402039402963477	0.8642953960683066	0.2096569961657749	0.18745530254880385	0.24955629661497153	0.24648235004056307	0.12977465548328365	0.12816574115717508	0.8669875819344085	0.18950110165653808	0.19812717862925008	
1.0	0.2641942800631128	0.3404549157073049	0.3392213367857976	0.22177126960278493	0.22097665802935737	0.8720849920446806	0.29463395057034025	0.25885665060729096	0.3341659816572891	0.3325866728398278	0.20515713025766186	0.20419466954551962	0.8726233272037524	0.28679573004084	0.2896851975585824	
2.0	0.33196959615251054	0.4228884500590743	0.4227041631123375	0.30332940242645756	0.303193240871459	0.8663854979927486	0.3680810513993104	0.3310974984224032	0.4218395509425165	0.42163099756942274	0.27925942446616464	0.2791185071671092	0.8664691372162008	0.3669422592961327	0.36712764176640905	
4.0	0.3718848807858117	0.4796821978318495	0.47941666427777774	0.4060422142200248	0.4058174449191577	0.8730220318822999	0.42026309779396354	0.3717919912315245	0.47957649470247254	0.4793189860271151	0.3964987638358265	0.3962869560863772	0.8730320315368066	0.42015033471617197	0.420145877196088	
8.0	0.389087526084389	0.5077492524957464	0.5071771168722254	0.47686756191786506	0.47632324075824445	0.8671971150661981	0.4381775871790589	0.389087526084389	0.5077492524957464	0.5071771168722254	0.47686756191786506	0.47632324075824445	0.8671971150661981	0.4381775871790589	0.4381775871790589	
16.0	0.39925454772739427	0.5218353986912792	0.5211867781954411	0.5218353986912792	0.5211867781954411	0.8700100433037072	0.4518508297003345	0.39925454772739427	0.5218353986912792	0.5211867781954411	0.5218353986912792	0.5211867781954411	0.8700100433037072	0.4518508297003345	0.4518508297003345	
